Subprograma,Ano,campus,curso,turno,modalidade,modalidade_normalizada,escola_publica,faixa_renda,grupo_etnico,pcd,limite_salario_minimo,Nota Mínima,Nota Máxima,trienio,ano_inicial,ano_final,indice_trienio,curso_campus,curso_turno,curso_modalidade,curso_campus_turno,curso_modalidade_campus,curso_modalidade_turno
2018-2020,2020,Ceilândia,Enfermagem (Bacharelado),Diurno,EP_R1_PPI,EP_R1_PPI,True,R1,PPI,False,1.5,-50.128,18.233,2018-2020,2018,2020,1,Enfermagem (Bacharelado) | Ceilândia,Enfermagem (Bacharelado) | Diurno,Enfermagem (Bacharelado) | EP_R1_PPI,Enfermagem (Bacharelado) | Ceilândia | Diurno,Enfermagem (Bacharelado) | EP_R1_PPI | Ceilândia,Enfermagem (Bacharelado) | EP_R1_PPI | Diurno
2018-2020,2020,Ceilândia,Enfermagem (Bacharelado),Diurno,EP_R1_NPPI,EP_R1_NPPI,True,R1,NPPI,False,1.5,-16.36,12.216,2018-2020,2018,2020,1,Enfermagem (Bacharelado) | Ceilândia,Enfermagem (Bacharelado) | Diurno,Enfermagem (Bacharelado) | EP_R1_NPPI,Enfermagem (Bacharelado) | Ceilândia | Diurno,Enfermagem (Bacharelado) | EP_R1_NPPI | Ceilândia,Enfermagem (Bacharelado) | EP_R1_NPPI | Diurno
2018-2020,2020,Ceilândia,Enfermagem (Bacharelado),Diurno,EP_R2_PPI,EP_R2_PPI,True,R2,PPI,False,1.5,-20.508,11.174,2018-2020,2018,2020,1,Enfermagem (Bacharelado) | Ceilândia,Enfermagem (Bacharelado) | Diurno,Enfermagem (Bacharelado) | EP_R2_PPI,Enfermagem (Bacharelado) | Ceilândia | Diurno,Enfermagem (Bacharelado) | EP_R2_PPI | Ceilândia,Enfermagem (Bacharelado) | EP_R2_PPI | Diurno
2018-2020,2020,Ceilândia,Enfermagem (Bacharelado),Diurno,EP_R2_NPPI,EP_R2_NPPI,True,R2,NPPI,False,1.5,12.11,43.716,2018-2020,2018,2020,1,Enfermagem (Bacharelado) | Ceilândia,Enfermagem (Bacharelado) | Diurno,Enfermagem (Bacharelado) | EP_R2_NPPI,Enfermagem (Bacharelado) | Ceilândia | Diurno,Enfermagem (Bacharelado) | EP_R2_NPPI | Ceilândia,Enfermagem (Bacharelado) | EP_R2_NPPI | Diurno
2018-2020,2020,Ceilândia,Enfermagem (Bacharelado),Diurno,CN,CN,False,,NEGROS,False,,6.016,17.233,2018-2020,2018,2020,1,Enfermagem (Bacharelado) | Ceilândia,Enfermagem (Bacharelado) | Diurno,Enfermagem (Bacharelado) | CN,Enfermagem (Bacharelado) | Ceilândia | Diurno,Enfermagem (Bacharelado) | CN | Ceilândia,Enfermagem (Bacharelado) | CN | Diurno
2018-2020,2020,Ceilândia,Enfermagem (Bacharelado),Diurno,AC,AC,False,,,False,,9.2,70.871,2018-2020,2018,2020,1,Enfermagem (Bacharelado) | Ceilândia,Enfermagem (Bacharelado) | Diurno,Enfermagem (Bacharelado) | AC,Enfermagem (Bacharelado) | Ceilândia | Diurno,Enfermagem (Bacharelado) | AC | Ceilândia,Enfermagem (Bacharelado) | AC | Diurno
2018-2020,2020,Ceilândia,Farmácia (Bacharelado),Diurno,EP_R1_PPI,EP_R1_PPI,True,R1,PPI,False,1.5,-39.519,-39.519,2018-2020,2018,2020,1,Farmácia (Bacharelado) | Ceilândia,Farmácia (Bacharelado) | Diurno,Farmácia (Bacharelado) | EP_R1_PPI,Farmácia (Bacharelado) | Ceilândia | Diurno,Farmácia (Bacharelado) | EP_R1_PPI | Ceilândia,Farmácia (Bacharelado) | EP_R1_PPI | Diurno
2018-2020,2020,Ceilândia,Farmácia (Bacharelado),Diurno,EP_R1_NPPI,EP_R1_NPPI,True,R1,NPPI,False,1.5,-60.347,21.528,2018-2020,2018,2020,1,Farmácia (Bacharelado) | Ceilândia,Farmácia (Bacharelado) | Diurno,Farmácia (Bacharelado) | EP_R1_NPPI,Farmácia (Bacharelado) | Ceilândia | Diurno,Farmácia (Bacharelado) | EP_R1_NPPI | Ceilândia,Farmácia (Bacharelado) | EP_R1_NPPI | Diurno
2018-2020,2020,Ceilândia,Farmácia (Bacharelado),Diurno,EP_R2_PPI,EP_R2_PPI,True,R2,PPI,False,1.5,-83.874,19.707,2018-2020,2018,2020,1,Farmácia (Bacharelado) | Ceilândia,Farmácia (Bacharelado) | Diurno,Farmácia (Bacharelado) | EP_R2_PPI,Farmácia (Bacharelado) | Ceilândia | Diurno,Farmácia (Bacharelado) | EP_R2_PPI | Ceilândia,Farmácia (Bacharelado) | EP_R2_PPI | Diurno
2018-2020,2020,Ceilândia,Farmácia (Bacharelado),Diurno,EP_R2_NPPI,EP_R2_NPPI,True,R2,NPPI,False,1.5,-76.441,-2.832,2018-2020,2018,2020,1,Farmácia (Bacharelado) | Ceilândia,Farmácia (Bacharelado) | Diurno,Farmácia (Bacharelado) | EP_R2_NPPI,Farmácia (Bacharelado) | Ceilândia | Diurno,Farmácia (Bacharelado) | EP_R2_NPPI | Ceilândia,Farmácia (Bacharelado) | EP_R2_NPPI | Diurno
2018-2020,2020,Ceilândia,Farmácia (Bacharelado),Diurno,CN,CN,False,,NEGROS,False,,-26.27,-25.843,2018-2020,2018,2020,1,Farmácia (Bacharelado) | Ceilândia,Farmácia (Bacharelado) | Diurno,Farmácia (Bacharelado) | CN,Farmácia (Bacharelado) | Ceilândia | Diurno,Farmácia (Bacharelado) | CN | Ceilândia,Farmácia (Bacharelado) | CN | Diurno
2018-2020,2020,Ceilândia,Farmácia (Bacharelado),Diurno,AC,AC,False,,,False,,-85.275,81.955,2018-2020,2018,2020,1,Farmácia (Bacharelado) | Ceilândia,Farmácia (Bacharelado) | Diurno,Farmácia (Bacharelado) | AC,Farmácia (Bacharelado) | Ceilândia | Diurno,Farmácia (Bacharelado) | AC | Ceilândia,Farmácia (Bacharelado) | AC | Diurno
2018-2020,2020,Ceilândia,Fisioterapia (Bacharelado),Diurno,EP_R1_PPI,EP_R1_PPI,True,R1,PPI,False,1.5,-16.495,13.421,2018-2020,2018,2020,1,Fisioterapia (Bacharelado) | Ceilândia,Fisioterapia (Bacharelado) | Diurno,Fisioterapia (Bacharelado) | EP_R1_PPI,Fisioterapia (Bacharelado) | Ceilândia | Diurno,Fisioterapia (Bacharelado) | EP_R1_PPI | Ceilândia,Fisioterapia (Bacharelado) | EP_R1_PPI | Diurno
2018-2020,2020,Ceilândia,Fisioterapia (Bacharelado),Diurno,EP_R1_NPPI,EP_R1_NPPI,True,R1,NPPI,False,1.5,-31.032,13.229,2018-2020,2018,2020,1,Fisioterapia (Bacharelado) | Ceilândia,Fisioterapia (Bacharelado) | Diurno,Fisioterapia (Bacharelado) | EP_R1_NPPI,Fisioterapia (Bacharelado) | Ceilândia | Diurno,Fisioterapia (Bacharelado) | EP_R1_NPPI | Ceilândia,Fisioterapia (Bacharelado) | EP_R1_NPPI | Diurno
2018-2020,2020,Ceilândia,Fisioterapia (Bacharelado),Diurno,EP_R2_PPI,EP_R2_PPI,True,R2,PPI,False,1.5,-26.611,40.374,2018-2020,2018,2020,1,Fisioterapia (Bacharelado) | Ceilândia,Fisioterapia (Bacharelado) | Diurno,Fisioterapia (Bacharelado) | EP_R2_PPI,Fisioterapia (Bacharelado) | Ceilândia | Diurno,Fisioterapia (Bacharelado) | EP_R2_PPI | Ceilândia,Fisioterapia (Bacharelado) | EP_R2_PPI | Diurno
2018-2020,2020,Ceilândia,Fisioterapia (Bacharelado),Diurno,EP_R2_NPPI,EP_R2_NPPI,True,R2,NPPI,False,1.5,-1.995,27.517,2018-2020,2018,2020,1,Fisioterapia (Bacharelado) | Ceilândia,Fisioterapia (Bacharelado) | Diurno,Fisioterapia (Bacharelado) | EP_R2_NPPI,Fisioterapia (Bacharelado) | Ceilândia | Diurno,Fisioterapia (Bacharelado) | EP_R2_NPPI | Ceilândia,Fisioterapia (Bacharelado) | EP_R2_NPPI | Diurno
2018-2020,2020,Ceilândia,Fisioterapia (Bacharelado),Diurno,CN,CN,False,,NEGROS,False,,10.489,34.882,2018-2020,2018,2020,1,Fisioterapia (Bacharelado) | Ceilândia,Fisioterapia (Bacharelado) | Diurno,Fisioterapia (Bacharelado) | CN,Fisioterapia (Bacharelado) | Ceilândia | Diurno,Fisioterapia (Bacharelado) | CN | Ceilândia,Fisioterapia (Bacharelado) | CN | Diurno
2018-2020,2020,Ceilândia,Fisioterapia (Bacharelado),Diurno,AC,AC,False,,,False,,5.582,54.666,2018-2020,2018,2020,1,Fisioterapia (Bacharelado) | Ceilândia,Fisioterapia (Bacharelado) | Diurno,Fisioterapia (Bacharelado) | AC,Fisioterapia (Bacharelado) | Ceilândia | Diurno,Fisioterapia (Bacharelado) | AC | Ceilândia,Fisioterapia (Bacharelado) | AC | Diurno
2018-2020,2020,Ceilândia,Fonoaudiologia (Bacharelado),Diurno,EP_R1_PPI,EP_R1_PPI,True,R1,PPI,False,1.5,-5.802,-5.802,2018-2020,2018,2020,1,Fonoaudiologia (Bacharelado) | Ceilândia,Fonoaudiologia (Bacharelado) | Diurno,Fonoaudiologia (Bacharelado) | EP_R1_PPI,Fonoaudiologia (Bacharelado) | Ceilândia | Diurno,Fonoaudiologia (Bacharelado) | EP_R1_PPI | Ceilândia,Fonoaudiologia (Bacharelado) | EP_R1_PPI | Diurno
2018-2020,2020,Ceilândia,Fonoaudiologia (Bacharelado),Diurno,EP_R1_NPPI,EP_R1_NPPI,True,R1,NPPI,False,1.5,-33.514,0.916,2018-2020,2018,2020,1,Fonoaudiologia (Bacharelado) | Ceilândia,Fonoaudiologia (Bacharelado) | Diurno,Fonoaudiologia (Bacharelado) | EP_R1_NPPI,Fonoaudiologia (Bacharelado) | Ceilândia | Diurno,Fonoaudiologia (Bacharelado) | EP_R1_NPPI | Ceilândia,Fonoaudiologia (Bacharelado) | EP_R1_NPPI | Diurno
2018-2020,2020,Ceilândia,Fonoaudiologia (Bacharelado),Diurno,EP_R2_PPI,EP_R2_PPI,True,R2,PPI,False,1.5,-40.393,-16.378,2018-2020,2018,2020,1,Fonoaudiologia (Bacharelado) | Ceilândia,Fonoaudiologia (Bacharelado) | Diurno,Fonoaudiologia (Bacharelado) | EP_R2_PPI,Fonoaudiologia (Bacharelado) | Ceilândia | Diurno,Fonoaudiologia (Bacharelado) | EP_R2_PPI | Ceilândia,Fonoaudiologia (Bacharelado) | EP_R2_PPI | Diurno
2018-2020,2020,Ceilândia,Fonoaudiologia (Bacharelado),Diurno,EP_R2_NPPI,EP_R2_NPPI,True,R2,NPPI,False,1.5,-75.822,6.478,2018-2020,2018,2020,1,Fonoaudiologia (Bacharelado) | Ceilândia,Fonoaudiologia (Bacharelado) | Diurno,Fonoaudiologia (Bacharelado) | EP_R2_NPPI,Fonoaudiologia (Bacharelado) | Ceilândia | Diurno,Fonoaudiologia (Bacharelado) | EP_R2_NPPI | Ceilândia,Fonoaudiologia (Bacharelado) | EP_R2_NPPI | Diurno
2018-2020,2020,Ceilândia,Fonoaudiologia (Bacharelado),Diurno,CN,CN,False,,NEGROS,False,,-28.93,45.132,2018-2020,2018,2020,1,Fonoaudiologia (Bacharelado) | Ceilândia,Fonoaudiologia (Bacharelado) | Diurno,Fonoaudiologia (Bacharelado) | CN,Fonoaudiologia (Bacharelado) | Ceilândia | Diurno,Fonoaudiologia (Bacharelado) | CN | Ceilândia,Fonoaudiologia (Bacharelado) | CN | Diurno
2018-2020,2020,Ceilândia,Fonoaudiologia (Bacharelado),Diurno,AC,AC,False,,,False,,-40.855,57.282,2018-2020,2018,2020,1,Fonoaudiologia (Bacharelado) | Ceilândia,Fonoaudiologia (Bacharelado) | Diurno,Fonoaudiologia (Bacharelado) | AC,Fonoaudiologia (Bacharelado) | Ceilândia | Diurno,Fonoaudiologia (Bacharelado) | AC | Ceilândia,Fonoaudiologia (Bacharelado) | AC | Diurno
2018-2020,2020,Ceilândia,Saúde Coletiva (Bacharelado),Diurno,EP_R1_PPI,EP_R1_PPI,True,R1,PPI,False,1.5,-82.285,-1.885,2018-2020,2018,2020,1,Saúde Coletiva (Bacharelado) | Ceilândia,Saúde Coletiva (Bacharelado) | Diurno,Saúde Coletiva (Bacharelado) | EP_R1_PPI,Saúde Coletiva (Bacharelado) | Ceilândia | Diurno,Saúde Coletiva (Bacharelado) | EP_R1_PPI | Ceilândia,Saúde Coletiva (Bacharelado) | EP_R1_PPI | Diurno
2018-2020,2020,Ceilândia,Saúde Coletiva (Bacharelado),Diurno,EP_R1_NPPI,EP_R1_NPPI,True,R1,NPPI,False,1.5,-71.408,-43.768,2018-2020,2018,2020,1,Saúde Coletiva (Bacharelado) | Ceilândia,Saúde Coletiva (Bacharelado) | Diurno,Saúde Coletiva (Bacharelado) | EP_R1_NPPI,Saúde Coletiva (Bacharelado) | Ceilândia | Diurno,Saúde Coletiva (Bacharelado) | EP_R1_NPPI | Ceilândia,Saúde Coletiva (Bacharelado) | EP_R1_NPPI | Diurno
2018-2020,2020,Ceilândia,Saúde Coletiva (Bacharelado),Diurno,EP_R2_PPI,EP_R2_PPI,True,R2,PPI,False,1.5,-63.379,-4.543,2018-2020,2018,2020,1,Saúde Coletiva (Bacharelado) | Ceilândia,Saúde Coletiva (Bacharelado) | Diurno,Saúde Coletiva (Bacharelado) | EP_R2_PPI,Saúde Coletiva (Bacharelado) | Ceilândia | Diurno,Saúde Coletiva (Bacharelado) | EP_R2_PPI | Ceilândia,Saúde Coletiva (Bacharelado) | EP_R2_PPI | Diurno
2018-2020,2020,Ceilândia,Saúde Coletiva (Bacharelado),Diurno,EP_R2_NPPI,EP_R2_NPPI,True,R2,NPPI,False,1.5,-62.249,-43.547,2018-2020,2018,2020,1,Saúde Coletiva (Bacharelado) | Ceilândia,Saúde Coletiva (Bacharelado) | Diurno,Saúde Coletiva (Bacharelado) | EP_R2_NPPI,Saúde Coletiva (Bacharelado) | Ceilândia | Diurno,Saúde Coletiva (Bacharelado) | EP_R2_NPPI | Ceilândia,Saúde Coletiva (Bacharelado) | EP_R2_NPPI | Diurno
2018-2020,2020,Ceilândia,Saúde Coletiva (Bacharelado),Diurno,AC,AC,False,,,False,,-87.136,-3.078,2018-2020,2018,2020,1,Saúde Coletiva (Bacharelado) | Ceilândia,Saúde Coletiva (Bacharelado) | Diurno,Saúde Coletiva (Bacharelado) | AC,Saúde Coletiva (Bacharelado) | Ceilândia | Diurno,Saúde Coletiva (Bacharelado) | AC | Ceilândia,Saúde Coletiva (Bacharelado) | AC | Diurno
2018-2020,2020,Ceilândia,Terapia Ocupacional (Bacharelado),Diurno,EP_R1_NPPI,EP_R1_NPPI,True,R1,NPPI,False,1.5,-92.652,-4.201,2018-2020,2018,2020,1,Terapia Ocupacional (Bacharelado) | Ceilândia,Terapia Ocupacional (Bacharelado) | Diurno,Terapia Ocupacional (Bacharelado) | EP_R1_NPPI,Terapia Ocupacional (Bacharelado) | Ceilândia | Diurno,Terapia Ocupacional (Bacharelado) | EP_R1_NPPI | Ceilândia,Terapia Ocupacional (Bacharelado) | EP_R1_NPPI | Diurno
2018-2020,2020,Ceilândia,Terapia Ocupacional (Bacharelado),Diurno,EP_R2_PPI,EP_R2_PPI,True,R2,PPI,False,1.5,-45.148,-25.927,2018-2020,2018,2020,1,Terapia Ocupacional (Bacharelado) | Ceilândia,Terapia Ocupacional (Bacharelado) | Diurno,Terapia Ocupacional (Bacharelado) | EP_R2_PPI,Terapia Ocupacional (Bacharelado) | Ceilândia | Diurno,Terapia Ocupacional (Bacharelado) | EP_R2_PPI | Ceilândia,Terapia Ocupacional (Bacharelado) | EP_R2_PPI | Diurno
2018-2020,2020,Ceilândia,Terapia Ocupacional (Bacharelado),Diurno,EP_R2_NPPI,EP_R2_NPPI,True,R2,NPPI,False,1.5,-74.63,27.307,2018-2020,2018,2020,1,Terapia Ocupacional (Bacharelado) | Ceilândia,Terapia Ocupacional (Bacharelado) | Diurno,Terapia Ocupacional (Bacharelado) | EP_R2_NPPI,Terapia Ocupacional (Bacharelado) | Ceilândia | Diurno,Terapia Ocupacional (Bacharelado) | EP_R2_NPPI | Ceilândia,Terapia Ocupacional (Bacharelado) | EP_R2_NPPI | Diurno
2018-2020,2020,Ceilândia,Terapia Ocupacional (Bacharelado),Diurno,CN,CN,False,,NEGROS,False,,5.337,6.491,2018-2020,2018,2020,1,Terapia Ocupacional (Bacharelado) | Ceilândia,Terapia Ocupacional (Bacharelado) | Diurno,Terapia Ocupacional (Bacharelado) | CN,Terapia Ocupacional (Bacharelado) | Ceilândia | Diurno,Terapia Ocupacional (Bacharelado) | CN | Ceilândia,Terapia Ocupacional (Bacharelado) | CN | Diurno
2018-2020,2020,Ceilândia,Terapia Ocupacional (Bacharelado),Diurno,AC,AC,False,,,False,,-73.944,20.377,2018-2020,2018,2020,1,Terapia Ocupacional (Bacharelado) | Ceilândia,Terapia Ocupacional (Bacharelado) | Diurno,Terapia Ocupacional (Bacharelado) | AC,Terapia Ocupacional (Bacharelado) | Ceilândia | Diurno,Terapia Ocupacional (Bacharelado) | AC | Ceilândia,Terapia Ocupacional (Bacharelado) | AC | Diurno
2018-2020,2020,Darcy Ribeiro,Administração (Bacharelado),Diurno,EP_R1_PPI,EP_R1_PPI,True,R1,PPI,False,1.5,-32.289,-1.11,2018-2020,2018,2020,1,Administração (Bacharelado) | Darcy Ribeiro,Administração (Bacharelado) | Diurno,Administração (Bacharelado) | EP_R1_PPI,Administração (Bacharelado) | Darcy Ribeiro | Diurno,Administração (Bacharelado) | EP_R1_PPI | Darcy Ribeiro,Administração (Bacharelado) | EP_R1_PPI | Diurno
2018-2020,2020,Darcy Ribeiro,Administração (Bacharelado),Diurno,EP_R1_NPPI,EP_R1_NPPI,True,R1,NPPI,False,1.5,-90.624,-3.524,2018-2020,2018,2020,1,Administração (Bacharelado) | Darcy Ribeiro,Administração (Bacharelado) | Diurno,Administração (Bacharelado) | EP_R1_NPPI,Administração (Bacharelado) | Darcy Ribeiro | Diurno,Administração (Bacharelado) | EP_R1_NPPI | Darcy Ribeiro,Administração (Bacharelado) | EP_R1_NPPI | Diurno
2018-2020,2020,Darcy Ribeiro,Administração (Bacharelado),Diurno,EP_R2_PPI,EP_R2_PPI,True,R2,PPI,False,1.5,-66.919,-1.149,2018-2020,2018,2020,1,Administração (Bacharelado) | Darcy Ribeiro,Administração (Bacharelado) | Diurno,Administração (Bacharelado) | EP_R2_PPI,Administração (Bacharelado) | Darcy Ribeiro | Diurno,Administração (Bacharelado) | EP_R2_PPI | Darcy Ribeiro,Administração (Bacharelado) | EP_R2_PPI | Diurno
2018-2020,2020,Darcy Ribeiro,Administração (Bacharelado),Diurno,EP_R2_NPPI,EP_R2_NPPI,True,R2,NPPI,False,1.5,-80.471,-26.835,2018-2020,2018,2020,1,Administração (Bacharelado) | Darcy Ribeiro,Administração (Bacharelado) | Diurno,Administração (Bacharelado) | EP_R2_NPPI,Administração (Bacharelado) | Darcy Ribeiro | Diurno,Administração (Bacharelado) | EP_R2_NPPI | Darcy Ribeiro,Administração (Bacharelado) | EP_R2_NPPI | Diurno
2018-2020,2020,Darcy Ribeiro,Administração (Bacharelado),Diurno,CN,CN,False,,NEGROS,False,,-40.808,3.022,2018-2020,2018,2020,1,Administração (Bacharelado) | Darcy Ribeiro,Administração (Bacharelado) | Diurno,Administração (Bacharelado) | CN,Administração (Bacharelado) | Darcy Ribeiro | Diurno,Administração (Bacharelado) | CN | Darcy Ribeiro,Administração (Bacharelado) | CN | Diurno
2018-2020,2020,Darcy Ribeiro,Administração (Bacharelado),Diurno,AC,AC,False,,,False,,-5.813,69.035,2018-2020,2018,2020,1,Administração (Bacharelado) | Darcy Ribeiro,Administração (Bacharelado) | Diurno,Administração (Bacharelado) | AC,Administração (Bacharelado) | Darcy Ribeiro | Diurno,Administração (Bacharelado) | AC | Darcy Ribeiro,Administração (Bacharelado) | AC | Diurno
2018-2020,2020,Darcy Ribeiro,Administração (Bacharelado),Noturno,EP_R1_PPI,EP_R1_PPI,True,R1,PPI,False,1.5,2.342,2.342,2018-2020,2018,2020,1,Administração (Bacharelado) | Darcy Ribeiro,Administração (Bacharelado) | Noturno,Administração (Bacharelado) | EP_R1_PPI,Administração (Bacharelado) | Darcy Ribeiro | Noturno,Administração (Bacharelado) | EP_R1_PPI | Darcy Ribeiro,Administração (Bacharelado) | EP_R1_PPI | Noturno
2018-2020,2020,Darcy Ribeiro,Administração (Bacharelado),Noturno,EP_R1_NPPI,EP_R1_NPPI,True,R1,NPPI,False,1.5,-64.264,-17.504,2018-2020,2018,2020,1,Administração (Bacharelado) | Darcy Ribeiro,Administração (Bacharelado) | Noturno,Administração (Bacharelado) | EP_R1_NPPI,Administração (Bacharelado) | Darcy Ribeiro | Noturno,Administração (Bacharelado) | EP_R1_NPPI | Darcy Ribeiro,Administração (Bacharelado) | EP_R1_NPPI | Noturno
2018-2020,2020,Darcy Ribeiro,Administração (Bacharelado),Noturno,EP_R2_PPI,EP_R2_PPI,True,R2,PPI,False,1.5,-74.731,-4.551,2018-2020,2018,2020,1,Administração (Bacharelado) | Darcy Ribeiro,Administração (Bacharelado) | Noturno,Administração (Bacharelado) | EP_R2_PPI,Administração (Bacharelado) | Darcy Ribeiro | Noturno,Administração (Bacharelado) | EP_R2_PPI | Darcy Ribeiro,Administração (Bacharelado) | EP_R2_PPI | Noturno
2018-2020,2020,Darcy Ribeiro,Administração (Bacharelado),Noturno,EP_R2_NPPI,EP_R2_NPPI,True,R2,NPPI,False,1.5,-30.302,31.847,2018-2020,2018,2020,1,Administração (Bacharelado) | Darcy Ribeiro,Administração (Bacharelado) | Noturno,Administração (Bacharelado) | EP_R2_NPPI,Administração (Bacharelado) | Darcy Ribeiro | Noturno,Administração (Bacharelado) | EP_R2_NPPI | Darcy Ribeiro,Administração (Bacharelado) | EP_R2_NPPI | Noturno
2018-2020,2020,Darcy Ribeiro,Administração (Bacharelado),Noturno,CN,CN,False,,NEGROS,False,,-3.806,1.212,2018-2020,2018,2020,1,Administração (Bacharelado) | Darcy Ribeiro,Administração (Bacharelado) | Noturno,Administração (Bacharelado) | CN,Administração (Bacharelado) | Darcy Ribeiro | Noturno,Administração (Bacharelado) | CN | Darcy Ribeiro,Administração (Bacharelado) | CN | Noturno
2018-2020,2020,Darcy Ribeiro,Administração (Bacharelado),Noturno,AC,AC,False,,,False,,-98.9,38.986,2018-2020,2018,2020,1,Administração (Bacharelado) | Darcy Ribeiro,Administração (Bacharelado) | Noturno,Administração (Bacharelado) | AC,Administração (Bacharelado) | Darcy Ribeiro | Noturno,Administração (Bacharelado) | AC | Darcy Ribeiro,Administração (Bacharelado) | AC | Noturno
2018-2020,2020,Darcy Ribeiro,Agronomia (Bacharelado),Diurno,EP_R1_PPI,EP_R1_PPI,True,R1,PPI,False,1.5,-73.408,-29.038,2018-2020,2018,2020,1,Agronomia (Bacharelado) | Darcy Ribeiro,Agronomia (Bacharelado) | Diurno,Agronomia (Bacharelado) | EP_R1_PPI,Agronomia (Bacharelado) | Darcy Ribeiro | Diurno,Agronomia (Bacharelado) | EP_R1_PPI | Darcy Ribeiro,Agronomia (Bacharelado) | EP_R1_PPI | Diurno
2018-2020,2020,Darcy Ribeiro,Agronomia (Bacharelado),Diurno,EP_R1_NPPI,EP_R1_NPPI,True,R1,NPPI,False,1.5,-64.547,-64.547,2018-2020,2018,2020,1,Agronomia (Bacharelado) | Darcy Ribeiro,Agronomia (Bacharelado) | Diurno,Agronomia (Bacharelado) | EP_R1_NPPI,Agronomia (Bacharelado) | Darcy Ribeiro | Diurno,Agronomia (Bacharelado) | EP_R1_NPPI | Darcy Ribeiro,Agronomia (Bacharelado) | EP_R1_NPPI | Diurno
2018-2020,2020,Darcy Ribeiro,Agronomia (Bacharelado),Diurno,EP_R2_PPI,EP_R2_PPI,True,R2,PPI,False,1.5,-67.906,-36.5,2018-2020,2018,2020,1,Agronomia (Bacharelado) | Darcy Ribeiro,Agronomia (Bacharelado) | Diurno,Agronomia (Bacharelado) | EP_R2_PPI,Agronomia (Bacharelado) | Darcy Ribeiro | Diurno,Agronomia (Bacharelado) | EP_R2_PPI | Darcy Ribeiro,Agronomia (Bacharelado) | EP_R2_PPI | Diurno
2018-2020,2020,Darcy Ribeiro,Agronomia (Bacharelado),Diurno,EP_R2_NPPI,EP_R2_NPPI,True,R2,NPPI,False,1.5,-58.889,21.927,2018-2020,2018,2020,1,Agronomia (Bacharelado) | Darcy Ribeiro,Agronomia (Bacharelado) | Diurno,Agronomia (Bacharelado) | EP_R2_NPPI,Agronomia (Bacharelado) | Darcy Ribeiro | Diurno,Agronomia (Bacharelado) | EP_R2_NPPI | Darcy Ribeiro,Agronomia (Bacharelado) | EP_R2_NPPI | Diurno
2018-2020,2020,Darcy Ribeiro,Agronomia (Bacharelado),Diurno,CN,CN,False,,NEGROS,False,,-56.023,-9.606,2018-2020,2018,2020,1,Agronomia (Bacharelado) | Darcy Ribeiro,Agronomia (Bacharelado) | Diurno,Agronomia (Bacharelado) | CN,Agronomia (Bacharelado) | Darcy Ribeiro | Diurno,Agronomia (Bacharelado) | CN | Darcy Ribeiro,Agronomia (Bacharelado) | CN | Diurno
2018-2020,2020,Darcy Ribeiro,Agronomia (Bacharelado),Diurno,AC,AC,False,,,False,,-82.562,39.359,2018-2020,2018,2020,1,Agronomia (Bacharelado) | Darcy Ribeiro,Agronomia (Bacharelado) | Diurno,Agronomia (Bacharelado) | AC,Agronomia (Bacharelado) | Darcy Ribeiro | Diurno,Agronomia (Bacharelado) | AC | Darcy Ribeiro,Agronomia (Bacharelado) | AC | Diurno
2018-2020,2020,Darcy Ribeiro,Arquitetura e Urbanismo (Bacharelado),Diurno,EP_R1_PPI,EP_R1_PPI,True,R1,PPI,False,1.5,-44.527,18.536,2018-2020,2018,2020,1,Arquitetura e Urbanismo (Bacharelado) | Darcy Ribeiro,Arquitetura e Urbanismo (Bacharelado) | Diurno,Arquitetura e Urbanismo (Bacharelado) | EP_R1_PPI,Arquitetura e Urbanismo (Bacharelado) | Darcy Ribeiro | Diurno,Arquitetura e Urbanismo (Bacharelado) | EP_R1_PPI | Darcy Ribeiro,Arquitetura e Urbanismo (Bacharelado) | EP_R1_PPI | Diurno
2018-2020,2020,Darcy Ribeiro,Arquitetura e Urbanismo (Bacharelado),Diurno,EP_R1_NPPI,EP_R1_NPPI,True,R1,NPPI,False,1.5,-74.003,-50.838,2018-2020,2018,2020,1,Arquitetura e Urbanismo (Bacharelado) | Darcy Ribeiro,Arquitetura e Urbanismo (Bacharelado) | Diurno,Arquitetura e Urbanismo (Bacharelado) | EP_R1_NPPI,Arquitetura e Urbanismo (Bacharelado) | Darcy Ribeiro | Diurno,Arquitetura e Urbanismo (Bacharelado) | EP_R1_NPPI | Darcy Ribeiro,Arquitetura e Urbanismo (Bacharelado) | EP_R1_NPPI | Diurno
2018-2020,2020,Darcy Ribeiro,Arquitetura e Urbanismo (Bacharelado),Diurno,EP_R2_PPI,EP_R2_PPI,True,R2,PPI,False,1.5,-33.644,16.99,2018-2020,2018,2020,1,Arquitetura e Urbanismo (Bacharelado) | Darcy Ribeiro,Arquitetura e Urbanismo (Bacharelado) | Diurno,Arquitetura e Urbanismo (Bacharelado) | EP_R2_PPI,Arquitetura e Urbanismo (Bacharelado) | Darcy Ribeiro | Diurno,Arquitetura e Urbanismo (Bacharelado) | EP_R2_PPI | Darcy Ribeiro,Arquitetura e Urbanismo (Bacharelado) | EP_R2_PPI | Diurno
2018-2020,2020,Darcy Ribeiro,Arquitetura e Urbanismo (Bacharelado),Diurno,EP_R2_NPPI,EP_R2_NPPI,True,R2,NPPI,False,1.5,23.187,39.321,2018-2020,2018,2020,1,Arquitetura e Urbanismo (Bacharelado) | Darcy Ribeiro,Arquitetura e Urbanismo (Bacharelado) | Diurno,Arquitetura e Urbanismo (Bacharelado) | EP_R2_NPPI,Arquitetura e Urbanismo (Bacharelado) | Darcy Ribeiro | Diurno,Arquitetura e Urbanismo (Bacharelado) | EP_R2_NPPI | Darcy Ribeiro,Arquitetura e Urbanismo (Bacharelado) | EP_R2_NPPI | Diurno
2018-2020,2020,Darcy Ribeiro,Arquitetura e Urbanismo (Bacharelado),Diurno,CN,CN,False,,NEGROS,False,,46.911,54.412,2018-2020,2018,2020,1,Arquitetura e Urbanismo (Bacharelado) | Darcy Ribeiro,Arquitetura e Urbanismo (Bacharelado) | Diurno,Arquitetura e Urbanismo (Bacharelado) | CN,Arquitetura e Urbanismo (Bacharelado) | Darcy Ribeiro | Diurno,Arquitetura e Urbanismo (Bacharelado) | CN | Darcy Ribeiro,Arquitetura e Urbanismo (Bacharelado) | CN | Diurno
2018-2020,2020,Darcy Ribeiro,Arquitetura e Urbanismo (Bacharelado),Diurno,AC,AC,False,,,False,,65.986,111.643,2018-2020,2018,2020,1,Arquitetura e Urbanismo (Bacharelado) | Darcy Ribeiro,Arquitetura e Urbanismo (Bacharelado) | Diurno,Arquitetura e Urbanismo (Bacharelado) | AC,Arquitetura e Urbanismo (Bacharelado) | Darcy Ribeiro | Diurno,Arquitetura e Urbanismo (Bacharelado) | AC | Darcy Ribeiro,Arquitetura e Urbanismo (Bacharelado) | AC | Diurno
2018-2020,2020,Darcy Ribeiro,Arquitetura e Urbanismo (Bacharelado),Noturno,EP_R1_NPPI,EP_R1_NPPI,True,R1,NPPI,False,1.5,-65.025,5.459,2018-2020,2018,2020,1,Arquitetura e Urbanismo (Bacharelado) | Darcy Ribeiro,Arquitetura e Urbanismo (Bacharelado) | Noturno,Arquitetura e Urbanismo (Bacharelado) | EP_R1_NPPI,Arquitetura e Urbanismo (Bacharelado) | Darcy Ribeiro | Noturno,Arquitetura e Urbanismo (Bacharelado) | EP_R1_NPPI | Darcy Ribeiro,Arquitetura e Urbanismo (Bacharelado) | EP_R1_NPPI | Noturno
2018-2020,2020,Darcy Ribeiro,Arquitetura e Urbanismo (Bacharelado),Noturno,EP_R2_PPI,EP_R2_PPI,True,R2,PPI,False,1.5,-17.044,-17.044,2018-2020,2018,2020,1,Arquitetura e Urbanismo (Bacharelado) | Darcy Ribeiro,Arquitetura e Urbanismo (Bacharelado) | Noturno,Arquitetura e Urbanismo (Bacharelado) | EP_R2_PPI,Arquitetura e Urbanismo (Bacharelado) | Darcy Ribeiro | Noturno,Arquitetura e Urbanismo (Bacharelado) | EP_R2_PPI | Darcy Ribeiro,Arquitetura e Urbanismo (Bacharelado) | EP_R2_PPI | Noturno
2018-2020,2020,Darcy Ribeiro,Arquitetura e Urbanismo (Bacharelado),Noturno,EP_R2_NPPI,EP_R2_NPPI,True,R2,NPPI,False,1.5,-25.804,12.181,2018-2020,2018,2020,1,Arquitetura e Urbanismo (Bacharelado) | Darcy Ribeiro,Arquitetura e Urbanismo (Bacharelado) | Noturno,Arquitetura e Urbanismo (Bacharelado) | EP_R2_NPPI,Arquitetura e Urbanismo (Bacharelado) | Darcy Ribeiro | Noturno,Arquitetura e Urbanismo (Bacharelado) | EP_R2_NPPI | Darcy Ribeiro,Arquitetura e Urbanismo (Bacharelado) | EP_R2_NPPI | Noturno
2018-2020,2020,Darcy Ribeiro,Arquitetura e Urbanismo (Bacharelado),Noturno,CN,CN,False,,NEGROS,False,,-66.223,-53.075,2018-2020,2018,2020,1,Arquitetura e Urbanismo (Bacharelado) | Darcy Ribeiro,Arquitetura e Urbanismo (Bacharelado) | Noturno,Arquitetura e Urbanismo (Bacharelado) | CN,Arquitetura e Urbanismo (Bacharelado) | Darcy Ribeiro | Noturno,Arquitetura e Urbanismo (Bacharelado) | CN | Darcy Ribeiro,Arquitetura e Urbanismo (Bacharelado) | CN | Noturno
2018-2020,2020,Darcy Ribeiro,Arquitetura e Urbanismo (Bacharelado),Noturno,AC,AC,False,,,False,,-31.822,62.419,2018-2020,2018,2020,1,Arquitetura e Urbanismo (Bacharelado) | Darcy Ribeiro,Arquitetura e Urbanismo (Bacharelado) | Noturno,Arquitetura e Urbanismo (Bacharelado) | AC,Arquitetura e Urbanismo (Bacharelado) | Darcy Ribeiro | Noturno,Arquitetura e Urbanismo (Bacharelado) | AC | Darcy Ribeiro,Arquitetura e Urbanismo (Bacharelado) | AC | Noturno
2018-2020,2020,Darcy Ribeiro,Arquivologia (Bacharelado),Noturno,EP_R2_PPI,EP_R2_PPI,True,R2,PPI,False,1.5,-36.22,-34.267,2018-2020,2018,2020,1,Arquivologia (Bacharelado) | Darcy Ribeiro,Arquivologia (Bacharelado) | Noturno,Arquivologia (Bacharelado) | EP_R2_PPI,Arquivologia (Bacharelado) | Darcy Ribeiro | Noturno,Arquivologia (Bacharelado) | EP_R2_PPI | Darcy Ribeiro,Arquivologia (Bacharelado) | EP_R2_PPI | Noturno
2018-2020,2020,Darcy Ribeiro,Arquivologia (Bacharelado),Noturno,EP_R2_NPPI,EP_R2_NPPI,True,R2,NPPI,False,1.5,-55.757,-55.757,2018-2020,2018,2020,1,Arquivologia (Bacharelado) | Darcy Ribeiro,Arquivologia (Bacharelado) | Noturno,Arquivologia (Bacharelado) | EP_R2_NPPI,Arquivologia (Bacharelado) | Darcy Ribeiro | Noturno,Arquivologia (Bacharelado) | EP_R2_NPPI | Darcy Ribeiro,Arquivologia (Bacharelado) | EP_R2_NPPI | Noturno
2018-2020,2020,Darcy Ribeiro,Arquivologia (Bacharelado),Noturno,CN,CN,False,,NEGROS,False,,-71.228,-71.228,2018-2020,2018,2020,1,Arquivologia (Bacharelado) | Darcy Ribeiro,Arquivologia (Bacharelado) | Noturno,Arquivologia (Bacharelado) | CN,Arquivologia (Bacharelado) | Darcy Ribeiro | Noturno,Arquivologia (Bacharelado) | CN | Darcy Ribeiro,Arquivologia (Bacharelado) | CN | Noturno
2018-2020,2020,Darcy Ribeiro,Arquivologia (Bacharelado),Noturno,AC,AC,False,,,False,,-46.303,-10.847,2018-2020,2018,2020,1,Arquivologia (Bacharelado) | Darcy Ribeiro,Arquivologia (Bacharelado) | Noturno,Arquivologia (Bacharelado) | AC,Arquivologia (Bacharelado) | Darcy Ribeiro | Noturno,Arquivologia (Bacharelado) | AC | Darcy Ribeiro,Arquivologia (Bacharelado) | AC | Noturno
2018-2020,2020,Darcy Ribeiro,Artes Cênicas (Bacharelado),Diurno,EP_R1_PPI,EP_R1_PPI,True,R1,PPI,False,1.5,-5.726,-5.726,2018-2020,2018,2020,1,Artes Cênicas (Bacharelado) | Darcy Ribeiro,Artes Cênicas (Bacharelado) | Diurno,Artes Cênicas (Bacharelado) | EP_R1_PPI,Artes Cênicas (Bacharelado) | Darcy Ribeiro | Diurno,Artes Cênicas (Bacharelado) | EP_R1_PPI | Darcy Ribeiro,Artes Cênicas (Bacharelado) | EP_R1_PPI | Diurno
2018-2020,2020,Darcy Ribeiro,Artes Cênicas (Bacharelado),Diurno,EP_R2_NPPI,EP_R2_NPPI,True,R2,NPPI,False,1.5,19.746,19.746,2018-2020,2018,2020,1,Artes Cênicas (Bacharelado) | Darcy Ribeiro,Artes Cênicas (Bacharelado) | Diurno,Artes Cênicas (Bacharelado) | EP_R2_NPPI,Artes Cênicas (Bacharelado) | Darcy Ribeiro | Diurno,Artes Cênicas (Bacharelado) | EP_R2_NPPI | Darcy Ribeiro,Artes Cênicas (Bacharelado) | EP_R2_NPPI | Diurno
2018-2020,2020,Darcy Ribeiro,Artes Cênicas (Bacharelado),Diurno,AC,AC,False,,,False,,-35.963,47.134,2018-2020,2018,2020,1,Artes Cênicas (Bacharelado) | Darcy Ribeiro,Artes Cênicas (Bacharelado) | Diurno,Artes Cênicas (Bacharelado) | AC,Artes Cênicas (Bacharelado) | Darcy Ribeiro | Diurno,Artes Cênicas (Bacharelado) | AC | Darcy Ribeiro,Artes Cênicas (Bacharelado) | AC | Diurno
2018-2020,2020,Darcy Ribeiro,Artes Cênicas (Literatura),Noturno,EP_R2_NPPI,EP_R2_NPPI,True,R2,NPPI,False,1.5,-68.553,-68.553,2018-2020,2018,2020,1,Artes Cênicas (Literatura) | Darcy Ribeiro,Artes Cênicas (Literatura) | Noturno,Artes Cênicas (Literatura) | EP_R2_NPPI,Artes Cênicas (Literatura) | Darcy Ribeiro | Noturno,Artes Cênicas (Literatura) | EP_R2_NPPI | Darcy Ribeiro,Artes Cênicas (Literatura) | EP_R2_NPPI | Noturno
2018-2020,2020,Darcy Ribeiro,Artes Cênicas (Literatura),Diurno,AC,AC,False,,,False,,-52.165,19.702,2018-2020,2018,2020,1,Artes Cênicas (Literatura) | Darcy Ribeiro,Artes Cênicas (Literatura) | Diurno,Artes Cênicas (Literatura) | AC,Artes Cênicas (Literatura) | Darcy Ribeiro | Diurno,Artes Cênicas (Literatura) | AC | Darcy Ribeiro,Artes Cênicas (Literatura) | AC | Diurno
2018-2020,2020,Darcy Ribeiro,Artes Visuais (Bacharelado),Diurno,EP_R2_NPPI,EP_R2_NPPI,True,R2,NPPI,False,1.5,-37.278,-37.278,2018-2020,2018,2020,1,Artes Visuais (Bacharelado) | Darcy Ribeiro,Artes Visuais (Bacharelado) | Diurno,Artes Visuais (Bacharelado) | EP_R2_NPPI,Artes Visuais (Bacharelado) | Darcy Ribeiro | Diurno,Artes Visuais (Bacharelado) | EP_R2_NPPI | Darcy Ribeiro,Artes Visuais (Bacharelado) | EP_R2_NPPI | Diurno
2018-2020,2020,Darcy Ribeiro,Artes Visuais (Bacharelado),Diurno,AC,AC,False,,,False,,-54.583,41.796,2018-2020,2018,2020,1,Artes Visuais (Bacharelado) | Darcy Ribeiro,Artes Visuais (Bacharelado) | Diurno,Artes Visuais (Bacharelado) | AC,Artes Visuais (Bacharelado) | Darcy Ribeiro | Diurno,Artes Visuais (Bacharelado) | AC | Darcy Ribeiro,Artes Visuais (Bacharelado) | AC | Diurno
2018-2020,2020,Darcy Ribeiro,Artes Visuais (Licenciatura),Noturno,AC,AC,False,,,False,,-13.502,-13.502,2018-2020,2018,2020,1,Artes Visuais (Licenciatura) | Darcy Ribeiro,Artes Visuais (Licenciatura) | Noturno,Artes Visuais (Licenciatura) | AC,Artes Visuais (Licenciatura) | Darcy Ribeiro | Noturno,Artes Visuais (Licenciatura) | AC | Darcy Ribeiro,Artes Visuais (Licenciatura) | AC | Noturno
2018-2020,2020,Darcy Ribeiro,Artes Visuais (Licenciatura),Diurno,EP_R1_PPI,EP_R1_PPI,True,R1,PPI,False,1.5,-23.125,-23.125,2018-2020,2018,2020,1,Artes Visuais (Licenciatura) | Darcy Ribeiro,Artes Visuais (Licenciatura) | Diurno,Artes Visuais (Licenciatura) | EP_R1_PPI,Artes Visuais (Licenciatura) | Darcy Ribeiro | Diurno,Artes Visuais (Licenciatura) | EP_R1_PPI | Darcy Ribeiro,Artes Visuais (Licenciatura) | EP_R1_PPI | Diurno
2018-2020,2020,Darcy Ribeiro,Artes Visuais (Licenciatura),Diurno,EP_R2_PPI,EP_R2_PPI,True,R2,PPI,False,1.5,-17.979,-17.979,2018-2020,2018,2020,1,Artes Visuais (Licenciatura) | Darcy Ribeiro,Artes Visuais (Licenciatura) | Diurno,Artes Visuais (Licenciatura) | EP_R2_PPI,Artes Visuais (Licenciatura) | Darcy Ribeiro | Diurno,Artes Visuais (Licenciatura) | EP_R2_PPI | Darcy Ribeiro,Artes Visuais (Licenciatura) | EP_R2_PPI | Diurno
2018-2020,2020,Darcy Ribeiro,Artes Visuais (Licenciatura),Diurno,EP_R2_NPPI,EP_R2_NPPI,True,R2,NPPI,False,1.5,29.145,29.145,2018-2020,2018,2020,1,Artes Visuais (Licenciatura) | Darcy Ribeiro,Artes Visuais (Licenciatura) | Diurno,Artes Visuais (Licenciatura) | EP_R2_NPPI,Artes Visuais (Licenciatura) | Darcy Ribeiro | Diurno,Artes Visuais (Licenciatura) | EP_R2_NPPI | Darcy Ribeiro,Artes Visuais (Licenciatura) | EP_R2_NPPI | Diurno
2018-2020,2020,Darcy Ribeiro,Artes Visuais (Licenciatura),Diurno,CN,CN,False,,NEGROS,False,,-30.845,-30.845,2018-2020,2018,2020,1,Artes Visuais (Licenciatura) | Darcy Ribeiro,Artes Visuais (Licenciatura) | Diurno,Artes Visuais (Licenciatura) | CN,Artes Visuais (Licenciatura) | Darcy Ribeiro | Diurno,Artes Visuais (Licenciatura) | CN | Darcy Ribeiro,Artes Visuais (Licenciatura) | CN | Diurno
2018-2020,2020,Darcy Ribeiro,Artes Visuais (Licenciatura),Diurno,AC,AC,False,,,False,,-56.057,28.223,2018-2020,2018,2020,1,Artes Visuais (Licenciatura) | Darcy Ribeiro,Artes Visuais (Licenciatura) | Diurno,Artes Visuais (Licenciatura) | AC,Artes Visuais (Licenciatura) | Darcy Ribeiro | Diurno,Artes Visuais (Licenciatura) | AC | Darcy Ribeiro,Artes Visuais (Licenciatura) | AC | Diurno
2018-2020,2020,Darcy Ribeiro,Biblioteconomia (Bacharelado),Diurno,EP_R2_NPPI,EP_R2_NPPI,True,R2,NPPI,False,1.5,-18.898,-18.898,2018-2020,2018,2020,1,Biblioteconomia (Bacharelado) | Darcy Ribeiro,Biblioteconomia (Bacharelado) | Diurno,Biblioteconomia (Bacharelado) | EP_R2_NPPI,Biblioteconomia (Bacharelado) | Darcy Ribeiro | Diurno,Biblioteconomia (Bacharelado) | EP_R2_NPPI | Darcy Ribeiro,Biblioteconomia (Bacharelado) | EP_R2_NPPI | Diurno
2018-2020,2020,Darcy Ribeiro,Biblioteconomia (Bacharelado),Diurno,AC,AC,False,,,False,,-37.863,15.722,2018-2020,2018,2020,1,Biblioteconomia (Bacharelado) | Darcy Ribeiro,Biblioteconomia (Bacharelado) | Diurno,Biblioteconomia (Bacharelado) | AC,Biblioteconomia (Bacharelado) | Darcy Ribeiro | Diurno,Biblioteconomia (Bacharelado) | AC | Darcy Ribeiro,Biblioteconomia (Bacharelado) | AC | Diurno
2018-2020,2020,Darcy Ribeiro,Biologia (Bacharelado),Diurno,EP_R1_PPI,EP_R1_PPI,True,R1,PPI,False,1.5,-42.429,-6.123,2018-2020,2018,2020,1,Biologia (Bacharelado) | Darcy Ribeiro,Biologia (Bacharelado) | Diurno,Biologia (Bacharelado) | EP_R1_PPI,Biologia (Bacharelado) | Darcy Ribeiro | Diurno,Biologia (Bacharelado) | EP_R1_PPI | Darcy Ribeiro,Biologia (Bacharelado) | EP_R1_PPI | Diurno
2018-2020,2020,Darcy Ribeiro,Biologia (Bacharelado),Diurno,EP_R1_NPPI,EP_R1_NPPI,True,R1,NPPI,False,1.5,-58.578,-3.085,2018-2020,2018,2020,1,Biologia (Bacharelado) | Darcy Ribeiro,Biologia (Bacharelado) | Diurno,Biologia (Bacharelado) | EP_R1_NPPI,Biologia (Bacharelado) | Darcy Ribeiro | Diurno,Biologia (Bacharelado) | EP_R1_NPPI | Darcy Ribeiro,Biologia (Bacharelado) | EP_R1_NPPI | Diurno
2018-2020,2020,Darcy Ribeiro,Biologia (Bacharelado),Diurno,EP_R2_PPI,EP_R2_PPI,True,R2,PPI,False,1.5,-40.62,42.573,2018-2020,2018,2020,1,Biologia (Bacharelado) | Darcy Ribeiro,Biologia (Bacharelado) | Diurno,Biologia (Bacharelado) | EP_R2_PPI,Biologia (Bacharelado) | Darcy Ribeiro | Diurno,Biologia (Bacharelado) | EP_R2_PPI | Darcy Ribeiro,Biologia (Bacharelado) | EP_R2_PPI | Diurno
2018-2020,2020,Darcy Ribeiro,Biologia (Bacharelado),Diurno,EP_R2_NPPI,EP_R2_NPPI,True,R2,NPPI,False,1.5,5.725,31.993,2018-2020,2018,2020,1,Biologia (Bacharelado) | Darcy Ribeiro,Biologia (Bacharelado) | Diurno,Biologia (Bacharelado) | EP_R2_NPPI,Biologia (Bacharelado) | Darcy Ribeiro | Diurno,Biologia (Bacharelado) | EP_R2_NPPI | Darcy Ribeiro,Biologia (Bacharelado) | EP_R2_NPPI | Diurno
2018-2020,2020,Darcy Ribeiro,Biologia (Bacharelado),Diurno,CN,CN,False,,NEGROS,False,,-8.39,-0.152,2018-2020,2018,2020,1,Biologia (Bacharelado) | Darcy Ribeiro,Biologia (Bacharelado) | Diurno,Biologia (Bacharelado) | CN,Biologia (Bacharelado) | Darcy Ribeiro | Diurno,Biologia (Bacharelado) | CN | Darcy Ribeiro,Biologia (Bacharelado) | CN | Diurno
2018-2020,2020,Darcy Ribeiro,Biologia (Bacharelado),Diurno,AC,AC,False,,,False,,47.639,102.589,2018-2020,2018,2020,1,Biologia (Bacharelado) | Darcy Ribeiro,Biologia (Bacharelado) | Diurno,Biologia (Bacharelado) | AC,Biologia (Bacharelado) | Darcy Ribeiro | Diurno,Biologia (Bacharelado) | AC | Darcy Ribeiro,Biologia (Bacharelado) | AC | Diurno
2018-2020,2020,Darcy Ribeiro,Biologia (Licenciatura),Noturno,EP_R1_PPI,EP_R1_PPI,True,R1,PPI,False,1.5,-57.415,-43.489,2018-2020,2018,2020,1,Biologia (Licenciatura) | Darcy Ribeiro,Biologia (Licenciatura) | Noturno,Biologia (Licenciatura) | EP_R1_PPI,Biologia (Licenciatura) | Darcy Ribeiro | Noturno,Biologia (Licenciatura) | EP_R1_PPI | Darcy Ribeiro,Biologia (Licenciatura) | EP_R1_PPI | Noturno
2018-2020,2020,Darcy Ribeiro,Biologia (Licenciatura),Noturno,EP_R2_PPI,EP_R2_PPI,True,R2,PPI,False,1.5,-17.581,-17.581,2018-2020,2018,2020,1,Biologia (Licenciatura) | Darcy Ribeiro,Biologia (Licenciatura) | Noturno,Biologia (Licenciatura) | EP_R2_PPI,Biologia (Licenciatura) | Darcy Ribeiro | Noturno,Biologia (Licenciatura) | EP_R2_PPI | Darcy Ribeiro,Biologia (Licenciatura) | EP_R2_PPI | Noturno
2018-2020,2020,Darcy Ribeiro,Biologia (Licenciatura),Noturno,EP_R2_NPPI,EP_R2_NPPI,True,R2,NPPI,False,1.5,-20.37,18.629,2018-2020,2018,2020,1,Biologia (Licenciatura) | Darcy Ribeiro,Biologia (Licenciatura) | Noturno,Biologia (Licenciatura) | EP_R2_NPPI,Biologia (Licenciatura) | Darcy Ribeiro | Noturno,Biologia (Licenciatura) | EP_R2_NPPI | Darcy Ribeiro,Biologia (Licenciatura) | EP_R2_NPPI | Noturno
2018-2020,2020,Darcy Ribeiro,Biologia (Licenciatura),Noturno,CN,CN,False,,NEGROS,False,,9.788,35.977,2018-2020,2018,2020,1,Biologia (Licenciatura) | Darcy Ribeiro,Biologia (Licenciatura) | Noturno,Biologia (Licenciatura) | CN,Biologia (Licenciatura) | Darcy Ribeiro | Noturno,Biologia (Licenciatura) | CN | Darcy Ribeiro,Biologia (Licenciatura) | CN | Noturno
2018-2020,2020,Darcy Ribeiro,Biologia (Licenciatura),Noturno,AC,AC,False,,,False,,-36.584,45.635,2018-2020,2018,2020,1,Biologia (Licenciatura) | Darcy Ribeiro,Biologia (Licenciatura) | Noturno,Biologia (Licenciatura) | AC,Biologia (Licenciatura) | Darcy Ribeiro | Noturno,Biologia (Licenciatura) | AC | Darcy Ribeiro,Biologia (Licenciatura) | AC | Noturno
2018-2020,2020,Darcy Ribeiro,Biotecnologia (Bacharelado),Diurno,EP_R1_PPI,EP_R1_PPI,True,R1,PPI,False,1.5,-47.176,-47.176,2018-2020,2018,2020,1,Biotecnologia (Bacharelado) | Darcy Ribeiro,Biotecnologia (Bacharelado) | Diurno,Biotecnologia (Bacharelado) | EP_R1_PPI,Biotecnologia (Bacharelado) | Darcy Ribeiro | Diurno,Biotecnologia (Bacharelado) | EP_R1_PPI | Darcy Ribeiro,Biotecnologia (Bacharelado) | EP_R1_PPI | Diurno
2018-2020,2020,Darcy Ribeiro,Biotecnologia (Bacharelado),Diurno,EP_R2_PPI,EP_R2_PPI,True,R2,PPI,False,1.5,-40.891,40.546,2018-2020,2018,2020,1,Biotecnologia (Bacharelado) | Darcy Ribeiro,Biotecnologia (Bacharelado) | Diurno,Biotecnologia (Bacharelado) | EP_R2_PPI,Biotecnologia (Bacharelado) | Darcy Ribeiro | Diurno,Biotecnologia (Bacharelado) | EP_R2_PPI | Darcy Ribeiro,Biotecnologia (Bacharelado) | EP_R2_PPI | Diurno
2018-2020,2020,Darcy Ribeiro,Biotecnologia (Bacharelado),Diurno,EP_R2_NPPI,EP_R2_NPPI,True,R2,NPPI,False,1.5,-60.398,32.963,2018-2020,2018,2020,1,Biotecnologia (Bacharelado) | Darcy Ribeiro,Biotecnologia (Bacharelado) | Diurno,Biotecnologia (Bacharelado) | EP_R2_NPPI,Biotecnologia (Bacharelado) | Darcy Ribeiro | Diurno,Biotecnologia (Bacharelado) | EP_R2_NPPI | Darcy Ribeiro,Biotecnologia (Bacharelado) | EP_R2_NPPI | Diurno
2018-2020,2020,Darcy Ribeiro,Biotecnologia (Bacharelado),Diurno,CN,CN,False,,NEGROS,False,,-40.953,-1.459,2018-2020,2018,2020,1,Biotecnologia (Bacharelado) | Darcy Ribeiro,Biotecnologia (Bacharelado) | Diurno,Biotecnologia (Bacharelado) | CN,Biotecnologia (Bacharelado) | Darcy Ribeiro | Diurno,Biotecnologia (Bacharelado) | CN | Darcy Ribeiro,Biotecnologia (Bacharelado) | CN | Diurno
2018-2020,2020,Darcy Ribeiro,Biotecnologia (Bacharelado),Diurno,AC,AC,False,,,False,,13.962,103.116,2018-2020,2018,2020,1,Biotecnologia (Bacharelado) | Darcy Ribeiro,Biotecnologia (Bacharelado) | Diurno,Biotecnologia (Bacharelado) | AC,Biotecnologia (Bacharelado) | Darcy Ribeiro | Diurno,Biotecnologia (Bacharelado) | AC | Darcy Ribeiro,Biotecnologia (Bacharelado) | AC | Diurno
2018-2020,2020,Darcy Ribeiro,Ciência Política (Bacharelado),Diurno,EP_R1_PPI,EP_R1_PPI,True,R1,PPI,False,1.5,-20.735,4.398,2018-2020,2018,2020,1,Ciência Política (Bacharelado) | Darcy Ribeiro,Ciência Política (Bacharelado) | Diurno,Ciência Política (Bacharelado) | EP_R1_PPI,Ciência Política (Bacharelado) | Darcy Ribeiro | Diurno,Ciência Política (Bacharelado) | EP_R1_PPI | Darcy Ribeiro,Ciência Política (Bacharelado) | EP_R1_PPI | Diurno
2018-2020,2020,Darcy Ribeiro,Ciência Política (Bacharelado),Diurno,EP_R1_NPPI,EP_R1_NPPI,True,R1,NPPI,False,1.5,-23.763,2.994,2018-2020,2018,2020,1,Ciência Política (Bacharelado) | Darcy Ribeiro,Ciência Política (Bacharelado) | Diurno,Ciência Política (Bacharelado) | EP_R1_NPPI,Ciência Política (Bacharelado) | Darcy Ribeiro | Diurno,Ciência Política (Bacharelado) | EP_R1_NPPI | Darcy Ribeiro,Ciência Política (Bacharelado) | EP_R1_NPPI | Diurno
2018-2020,2020,Darcy Ribeiro,Ciência Política (Bacharelado),Diurno,EP_R2_PPI,EP_R2_PPI,True,R2,PPI,False,1.5,-68.378,55.251,2018-2020,2018,2020,1,Ciência Política (Bacharelado) | Darcy Ribeiro,Ciência Política (Bacharelado) | Diurno,Ciência Política (Bacharelado) | EP_R2_PPI,Ciência Política (Bacharelado) | Darcy Ribeiro | Diurno,Ciência Política (Bacharelado) | EP_R2_PPI | Darcy Ribeiro,Ciência Política (Bacharelado) | EP_R2_PPI | Diurno
2018-2020,2020,Darcy Ribeiro,Ciência Política (Bacharelado),Diurno,EP_R2_NPPI,EP_R2_NPPI,True,R2,NPPI,False,1.5,-48.057,24.311,2018-2020,2018,2020,1,Ciência Política (Bacharelado) | Darcy Ribeiro,Ciência Política (Bacharelado) | Diurno,Ciência Política (Bacharelado) | EP_R2_NPPI,Ciência Política (Bacharelado) | Darcy Ribeiro | Diurno,Ciência Política (Bacharelado) | EP_R2_NPPI | Darcy Ribeiro,Ciência Política (Bacharelado) | EP_R2_NPPI | Diurno
2018-2020,2020,Darcy Ribeiro,Ciência Política (Bacharelado),Diurno,CN,CN,False,,NEGROS,False,,-6.36,63.804,2018-2020,2018,2020,1,Ciência Política (Bacharelado) | Darcy Ribeiro,Ciência Política (Bacharelado) | Diurno,Ciência Política (Bacharelado) | CN,Ciência Política (Bacharelado) | Darcy Ribeiro | Diurno,Ciência Política (Bacharelado) | CN | Darcy Ribeiro,Ciência Política (Bacharelado) | CN | Diurno
2018-2020,2020,Darcy Ribeiro,Ciência Política (Bacharelado),Diurno,AC,AC,False,,,False,,-16.226,118.576,2018-2020,2018,2020,1,Ciência Política (Bacharelado) | Darcy Ribeiro,Ciência Política (Bacharelado) | Diurno,Ciência Política (Bacharelado) | AC,Ciência Política (Bacharelado) | Darcy Ribeiro | Diurno,Ciência Política (Bacharelado) | AC | Darcy Ribeiro,Ciência Política (Bacharelado) | AC | Diurno
2018-2020,2020,Darcy Ribeiro,Ciência da Computação (Bacharelado),Diurno,EP_R1_PPI,EP_R1_PPI,True,R1,PPI,False,1.5,-34.939,-2.517,2018-2020,2018,2020,1,Ciência da Computação (Bacharelado) | Darcy Ribeiro,Ciência da Computação (Bacharelado) | Diurno,Ciência da Computação (Bacharelado) | EP_R1_PPI,Ciência da Computação (Bacharelado) | Darcy Ribeiro | Diurno,Ciência da Computação (Bacharelado) | EP_R1_PPI | Darcy Ribeiro,Ciência da Computação (Bacharelado) | EP_R1_PPI | Diurno
2018-2020,2020,Darcy Ribeiro,Ciência da Computação (Bacharelado),Diurno,EP_R1_NPPI,EP_R1_NPPI,True,R1,NPPI,False,1.5,-75.28,-0.86,2018-2020,2018,2020,1,Ciência da Computação (Bacharelado) | Darcy Ribeiro,Ciência da Computação (Bacharelado) | Diurno,Ciência da Computação (Bacharelado) | EP_R1_NPPI,Ciência da Computação (Bacharelado) | Darcy Ribeiro | Diurno,Ciência da Computação (Bacharelado) | EP_R1_NPPI | Darcy Ribeiro,Ciência da Computação (Bacharelado) | EP_R1_NPPI | Diurno
2018-2020,2020,Darcy Ribeiro,Ciência da Computação (Bacharelado),Diurno,EP_R2_PPI,EP_R2_PPI,True,R2,PPI,False,1.5,12.338,54.187,2018-2020,2018,2020,1,Ciência da Computação (Bacharelado) | Darcy Ribeiro,Ciência da Computação (Bacharelado) | Diurno,Ciência da Computação (Bacharelado) | EP_R2_PPI,Ciência da Computação (Bacharelado) | Darcy Ribeiro | Diurno,Ciência da Computação (Bacharelado) | EP_R2_PPI | Darcy Ribeiro,Ciência da Computação (Bacharelado) | EP_R2_PPI | Diurno
2018-2020,2020,Darcy Ribeiro,Ciência da Computação (Bacharelado),Diurno,EP_R2_PPI_PCD,EP_R2_PPI_PCD,True,R2,PPI,True,1.5,-13.051,-13.051,2018-2020,2018,2020,1,Ciência da Computação (Bacharelado) | Darcy Ribeiro,Ciência da Computação (Bacharelado) | Diurno,Ciência da Computação (Bacharelado) | EP_R2_PPI_PCD,Ciência da Computação (Bacharelado) | Darcy Ribeiro | Diurno,Ciência da Computação (Bacharelado) | EP_R2_PPI_PCD | Darcy Ribeiro,Ciência da Computação (Bacharelado) | EP_R2_PPI_PCD | Diurno
2018-2020,2020,Darcy Ribeiro,Ciência da Computação (Bacharelado),Diurno,EP_R2_NPPI,EP_R2_NPPI,True,R2,NPPI,False,1.5,9.801,115.857,2018-2020,2018,2020,1,Ciência da Computação (Bacharelado) | Darcy Ribeiro,Ciência da Computação (Bacharelado) | Diurno,Ciência da Computação (Bacharelado) | EP_R2_NPPI,Ciência da Computação (Bacharelado) | Darcy Ribeiro | Diurno,Ciência da Computação (Bacharelado) | EP_R2_NPPI | Darcy Ribeiro,Ciência da Computação (Bacharelado) | EP_R2_NPPI | Diurno
2018-2020,2020,Darcy Ribeiro,Ciência da Computação (Bacharelado),Diurno,CN,CN,False,,NEGROS,False,,44.904,57.682,2018-2020,2018,2020,1,Ciência da Computação (Bacharelado) | Darcy Ribeiro,Ciência da Computação (Bacharelado) | Diurno,Ciência da Computação (Bacharelado) | CN,Ciência da Computação (Bacharelado) | Darcy Ribeiro | Diurno,Ciência da Computação (Bacharelado) | CN | Darcy Ribeiro,Ciência da Computação (Bacharelado) | CN | Diurno
2018-2020,2020,Darcy Ribeiro,Ciência da Computação (Bacharelado),Diurno,AC,AC,False,,,False,,78.303,141.416,2018-2020,2018,2020,1,Ciência da Computação (Bacharelado) | Darcy Ribeiro,Ciência da Computação (Bacharelado) | Diurno,Ciência da Computação (Bacharelado) | AC,Ciência da Computação (Bacharelado) | Darcy Ribeiro | Diurno,Ciência da Computação (Bacharelado) | AC | Darcy Ribeiro,Ciência da Computação (Bacharelado) | AC | Diurno
2018-2020,2020,Darcy Ribeiro,Ciências Ambientais (Bacharelado),Noturno,EP_R2_PPI,EP_R2_PPI,True,R2,PPI,False,1.5,-59.986,-33.277,2018-2020,2018,2020,1,Ciências Ambientais (Bacharelado) | Darcy Ribeiro,Ciências Ambientais (Bacharelado) | Noturno,Ciências Ambientais (Bacharelado) | EP_R2_PPI,Ciências Ambientais (Bacharelado) | Darcy Ribeiro | Noturno,Ciências Ambientais (Bacharelado) | EP_R2_PPI | Darcy Ribeiro,Ciências Ambientais (Bacharelado) | EP_R2_PPI | Noturno
2018-2020,2020,Darcy Ribeiro,Ciências Ambientais (Bacharelado),Noturno,EP_R2_NPPI,EP_R2_NPPI,True,R2,NPPI,False,1.5,-49.599,-33.542,2018-2020,2018,2020,1,Ciências Ambientais (Bacharelado) | Darcy Ribeiro,Ciências Ambientais (Bacharelado) | Noturno,Ciências Ambientais (Bacharelado) | EP_R2_NPPI,Ciências Ambientais (Bacharelado) | Darcy Ribeiro | Noturno,Ciências Ambientais (Bacharelado) | EP_R2_NPPI | Darcy Ribeiro,Ciências Ambientais (Bacharelado) | EP_R2_NPPI | Noturno
2018-2020,2020,Darcy Ribeiro,Ciências Ambientais (Bacharelado),Noturno,CN,CN,False,,NEGROS,False,,-35.352,-30.498,2018-2020,2018,2020,1,Ciências Ambientais (Bacharelado) | Darcy Ribeiro,Ciências Ambientais (Bacharelado) | Noturno,Ciências Ambientais (Bacharelado) | CN,Ciências Ambientais (Bacharelado) | Darcy Ribeiro | Noturno,Ciências Ambientais (Bacharelado) | CN | Darcy Ribeiro,Ciências Ambientais (Bacharelado) | CN | Noturno
2018-2020,2020,Darcy Ribeiro,Ciências Ambientais (Bacharelado),Noturno,AC,AC,False,,,False,,-86.73,22.379,2018-2020,2018,2020,1,Ciências Ambientais (Bacharelado) | Darcy Ribeiro,Ciências Ambientais (Bacharelado) | Noturno,Ciências Ambientais (Bacharelado) | AC,Ciências Ambientais (Bacharelado) | Darcy Ribeiro | Noturno,Ciências Ambientais (Bacharelado) | AC | Darcy Ribeiro,Ciências Ambientais (Bacharelado) | AC | Noturno
2018-2020,2020,Darcy Ribeiro,Ciências Contábeis (Bacharelado),Diurno,EP_R1_NPPI,EP_R1_NPPI,True,R1,NPPI,False,1.5,-33.95,-9.24,2018-2020,2018,2020,1,Ciências Contábeis (Bacharelado) | Darcy Ribeiro,Ciências Contábeis (Bacharelado) | Diurno,Ciências Contábeis (Bacharelado) | EP_R1_NPPI,Ciências Contábeis (Bacharelado) | Darcy Ribeiro | Diurno,Ciências Contábeis (Bacharelado) | EP_R1_NPPI | Darcy Ribeiro,Ciências Contábeis (Bacharelado) | EP_R1_NPPI | Diurno
2018-2020,2020,Darcy Ribeiro,Ciências Contábeis (Bacharelado),Diurno,EP_R2_PPI,EP_R2_PPI,True,R2,PPI,False,1.5,-43.271,60.116,2018-2020,2018,2020,1,Ciências Contábeis (Bacharelado) | Darcy Ribeiro,Ciências Contábeis (Bacharelado) | Diurno,Ciências Contábeis (Bacharelado) | EP_R2_PPI,Ciências Contábeis (Bacharelado) | Darcy Ribeiro | Diurno,Ciências Contábeis (Bacharelado) | EP_R2_PPI | Darcy Ribeiro,Ciências Contábeis (Bacharelado) | EP_R2_PPI | Diurno
2018-2020,2020,Darcy Ribeiro,Ciências Contábeis (Bacharelado),Diurno,EP_R2_NPPI,EP_R2_NPPI,True,R2,NPPI,False,1.5,-26.025,9.416,2018-2020,2018,2020,1,Ciências Contábeis (Bacharelado) | Darcy Ribeiro,Ciências Contábeis (Bacharelado) | Diurno,Ciências Contábeis (Bacharelado) | EP_R2_NPPI,Ciências Contábeis (Bacharelado) | Darcy Ribeiro | Diurno,Ciências Contábeis (Bacharelado) | EP_R2_NPPI | Darcy Ribeiro,Ciências Contábeis (Bacharelado) | EP_R2_NPPI | Diurno
2018-2020,2020,Darcy Ribeiro,Ciências Contábeis (Bacharelado),Diurno,CN,CN,False,,NEGROS,False,,5.872,5.872,2018-2020,2018,2020,1,Ciências Contábeis (Bacharelado) | Darcy Ribeiro,Ciências Contábeis (Bacharelado) | Diurno,Ciências Contábeis (Bacharelado) | CN,Ciências Contábeis (Bacharelado) | Darcy Ribeiro | Diurno,Ciências Contábeis (Bacharelado) | CN | Darcy Ribeiro,Ciências Contábeis (Bacharelado) | CN | Diurno
2018-2020,2020,Darcy Ribeiro,Ciências Contábeis (Bacharelado),Diurno,AC,AC,False,,,False,,-77.991,70.338,2018-2020,2018,2020,1,Ciências Contábeis (Bacharelado) | Darcy Ribeiro,Ciências Contábeis (Bacharelado) | Diurno,Ciências Contábeis (Bacharelado) | AC,Ciências Contábeis (Bacharelado) | Darcy Ribeiro | Diurno,Ciências Contábeis (Bacharelado) | AC | Darcy Ribeiro,Ciências Contábeis (Bacharelado) | AC | Diurno
2018-2020,2020,Darcy Ribeiro,Ciências Contábeis (Bacharelado),Noturno,EP_R1_NPPI,EP_R1_NPPI,True,R1,NPPI,False,1.5,-54.029,-54.029,2018-2020,2018,2020,1,Ciências Contábeis (Bacharelado) | Darcy Ribeiro,Ciências Contábeis (Bacharelado) | Noturno,Ciências Contábeis (Bacharelado) | EP_R1_NPPI,Ciências Contábeis (Bacharelado) | Darcy Ribeiro | Noturno,Ciências Contábeis (Bacharelado) | EP_R1_NPPI | Darcy Ribeiro,Ciências Contábeis (Bacharelado) | EP_R1_NPPI | Noturno
2018-2020,2020,Darcy Ribeiro,Ciências Contábeis (Bacharelado),Noturno,EP_R2_PPI,EP_R2_PPI,True,R2,PPI,False,1.5,-37.932,-13.347,2018-2020,2018,2020,1,Ciências Contábeis (Bacharelado) | Darcy Ribeiro,Ciências Contábeis (Bacharelado) | Noturno,Ciências Contábeis (Bacharelado) | EP_R2_PPI,Ciências Contábeis (Bacharelado) | Darcy Ribeiro | Noturno,Ciências Contábeis (Bacharelado) | EP_R2_PPI | Darcy Ribeiro,Ciências Contábeis (Bacharelado) | EP_R2_PPI | Noturno
2018-2020,2020,Darcy Ribeiro,Ciências Contábeis (Bacharelado),Noturno,AC,AC,False,,,False,,-71.302,44.077,2018-2020,2018,2020,1,Ciências Contábeis (Bacharelado) | Darcy Ribeiro,Ciências Contábeis (Bacharelado) | Noturno,Ciências Contábeis (Bacharelado) | AC,Ciências Contábeis (Bacharelado) | Darcy Ribeiro | Noturno,Ciências Contábeis (Bacharelado) | AC | Darcy Ribeiro,Ciências Contábeis (Bacharelado) | AC | Noturno
2018-2020,2020,Darcy Ribeiro,Ciências Econômicas (Bacharelado),Diurno,EP_R1_PPI,EP_R1_PPI,True,R1,PPI,False,1.5,-31.962,3.364,2018-2020,2018,2020,1,Ciências Econômicas (Bacharelado) | Darcy Ribeiro,Ciências Econômicas (Bacharelado) | Diurno,Ciências Econômicas (Bacharelado) | EP_R1_PPI,Ciências Econômicas (Bacharelado) | Darcy Ribeiro | Diurno,Ciências Econômicas (Bacharelado) | EP_R1_PPI | Darcy Ribeiro,Ciências Econômicas (Bacharelado) | EP_R1_PPI | Diurno
2018-2020,2020,Darcy Ribeiro,Ciências Econômicas (Bacharelado),Diurno,EP_R1_NPPI,EP_R1_NPPI,True,R1,NPPI,False,1.5,-19.708,37.407,2018-2020,2018,2020,1,Ciências Econômicas (Bacharelado) | Darcy Ribeiro,Ciências Econômicas (Bacharelado) | Diurno,Ciências Econômicas (Bacharelado) | EP_R1_NPPI,Ciências Econômicas (Bacharelado) | Darcy Ribeiro | Diurno,Ciências Econômicas (Bacharelado) | EP_R1_NPPI | Darcy Ribeiro,Ciências Econômicas (Bacharelado) | EP_R1_NPPI | Diurno
2018-2020,2020,Darcy Ribeiro,Ciências Econômicas (Bacharelado),Diurno,EP_R2_PPI,EP_R2_PPI,True,R2,PPI,False,1.5,-48.677,23.009,2018-2020,2018,2020,1,Ciências Econômicas (Bacharelado) | Darcy Ribeiro,Ciências Econômicas (Bacharelado) | Diurno,Ciências Econômicas (Bacharelado) | EP_R2_PPI,Ciências Econômicas (Bacharelado) | Darcy Ribeiro | Diurno,Ciências Econômicas (Bacharelado) | EP_R2_PPI | Darcy Ribeiro,Ciências Econômicas (Bacharelado) | EP_R2_PPI | Diurno
2018-2020,2020,Darcy Ribeiro,Ciências Econômicas (Bacharelado),Diurno,EP_R2_NPPI,EP_R2_NPPI,True,R2,NPPI,False,1.5,-31.155,71.256,2018-2020,2018,2020,1,Ciências Econômicas (Bacharelado) | Darcy Ribeiro,Ciências Econômicas (Bacharelado) | Diurno,Ciências Econômicas (Bacharelado) | EP_R2_NPPI,Ciências Econômicas (Bacharelado) | Darcy Ribeiro | Diurno,Ciências Econômicas (Bacharelado) | EP_R2_NPPI | Darcy Ribeiro,Ciências Econômicas (Bacharelado) | EP_R2_NPPI | Diurno
2018-2020,2020,Darcy Ribeiro,Ciências Econômicas (Bacharelado),Diurno,CN,CN,False,,NEGROS,False,,52.181,54.601,2018-2020,2018,2020,1,Ciências Econômicas (Bacharelado) | Darcy Ribeiro,Ciências Econômicas (Bacharelado) | Diurno,Ciências Econômicas (Bacharelado) | CN,Ciências Econômicas (Bacharelado) | Darcy Ribeiro | Diurno,Ciências Econômicas (Bacharelado) | CN | Darcy Ribeiro,Ciências Econômicas (Bacharelado) | CN | Diurno
2018-2020,2020,Darcy Ribeiro,Ciências Econômicas (Bacharelado),Diurno,AC,AC,False,,,False,,39.606,170.983,2018-2020,2018,2020,1,Ciências Econômicas (Bacharelado) | Darcy Ribeiro,Ciências Econômicas (Bacharelado) | Diurno,Ciências Econômicas (Bacharelado) | AC,Ciências Econômicas (Bacharelado) | Darcy Ribeiro | Diurno,Ciências Econômicas (Bacharelado) | AC | Darcy Ribeiro,Ciências Econômicas (Bacharelado) | AC | Diurno
2018-2020,2020,Darcy Ribeiro,Ciências Sociais – Antropologia/ Sociologia (Bacharelado/Licenciatura),Diurno,EP_R1_PPI,EP_R1_PPI,True,R1,PPI,False,1.5,-79.622,13.422,2018-2020,2018,2020,1,Ciências Sociais – Antropologia/ Sociologia (Bacharelado/Licenciatura) | Darcy Ribeiro,Ciências Sociais – Antropologia/ Sociologia (Bacharelado/Licenciatura) | Diurno,Ciências Sociais – Antropologia/ Sociologia (Bacharelado/Licenciatura) | EP_R1_PPI,Ciências Sociais – Antropologia/ Sociologia (Bacharelado/Licenciatura) | Darcy Ribeiro | Diurno,Ciências Sociais – Antropologia/ Sociologia (Bacharelado/Licenciatura) | EP_R1_PPI | Darcy Ribeiro,Ciências Sociais – Antropologia/ Sociologia (Bacharelado/Licenciatura) | EP_R1_PPI | Diurno
2018-2020,2020,Darcy Ribeiro,Ciências Sociais – Antropologia/ Sociologia (Bacharelado/Licenciatura),Diurno,EP_R1_NPPI,EP_R1_NPPI,True,R1,NPPI,False,1.5,-58.842,12.31,2018-2020,2018,2020,1,Ciências Sociais – Antropologia/ Sociologia (Bacharelado/Licenciatura) | Darcy Ribeiro,Ciências Sociais – Antropologia/ Sociologia (Bacharelado/Licenciatura) | Diurno,Ciências Sociais – Antropologia/ Sociologia (Bacharelado/Licenciatura) | EP_R1_NPPI,Ciências Sociais – Antropologia/ Sociologia (Bacharelado/Licenciatura) | Darcy Ribeiro | Diurno,Ciências Sociais – Antropologia/ Sociologia (Bacharelado/Licenciatura) | EP_R1_NPPI | Darcy Ribeiro,Ciências Sociais – Antropologia/ Sociologia (Bacharelado/Licenciatura) | EP_R1_NPPI | Diurno
2018-2020,2020,Darcy Ribeiro,Ciências Sociais – Antropologia/ Sociologia (Bacharelado/Licenciatura),Diurno,EP_R2_PPI,EP_R2_PPI,True,R2,PPI,False,1.5,-62.078,-12.864,2018-2020,2018,2020,1,Ciências Sociais – Antropologia/ Sociologia (Bacharelado/Licenciatura) | Darcy Ribeiro,Ciências Sociais – Antropologia/ Sociologia (Bacharelado/Licenciatura) | Diurno,Ciências Sociais – Antropologia/ Sociologia (Bacharelado/Licenciatura) | EP_R2_PPI,Ciências Sociais – Antropologia/ Sociologia (Bacharelado/Licenciatura) | Darcy Ribeiro | Diurno,Ciências Sociais – Antropologia/ Sociologia (Bacharelado/Licenciatura) | EP_R2_PPI | Darcy Ribeiro,Ciências Sociais – Antropologia/ Sociologia (Bacharelado/Licenciatura) | EP_R2_PPI | Diurno
2018-2020,2020,Darcy Ribeiro,Ciências Sociais – Antropologia/ Sociologia (Bacharelado/Licenciatura),Diurno,EP_R2_NPPI,EP_R2_NPPI,True,R2,NPPI,False,1.5,-34.495,6.009,2018-2020,2018,2020,1,Ciências Sociais – Antropologia/ Sociologia (Bacharelado/Licenciatura) | Darcy Ribeiro,Ciências Sociais – Antropologia/ Sociologia (Bacharelado/Licenciatura) | Diurno,Ciências Sociais – Antropologia/ Sociologia (Bacharelado/Licenciatura) | EP_R2_NPPI,Ciências Sociais – Antropologia/ Sociologia (Bacharelado/Licenciatura) | Darcy Ribeiro | Diurno,Ciências Sociais – Antropologia/ Sociologia (Bacharelado/Licenciatura) | EP_R2_NPPI | Darcy Ribeiro,Ciências Sociais – Antropologia/ Sociologia (Bacharelado/Licenciatura) | EP_R2_NPPI | Diurno
2018-2020,2020,Darcy Ribeiro,Ciências Sociais – Antropologia/ Sociologia (Bacharelado/Licenciatura),Diurno,CN,CN,False,,NEGROS,False,,-2.423,22.985,2018-2020,2018,2020,1,Ciências Sociais – Antropologia/ Sociologia (Bacharelado/Licenciatura) | Darcy Ribeiro,Ciências Sociais – Antropologia/ Sociologia (Bacharelado/Licenciatura) | Diurno,Ciências Sociais – Antropologia/ Sociologia (Bacharelado/Licenciatura) | CN,Ciências Sociais – Antropologia/ Sociologia (Bacharelado/Licenciatura) | Darcy Ribeiro | Diurno,Ciências Sociais – Antropologia/ Sociologia (Bacharelado/Licenciatura) | CN | Darcy Ribeiro,Ciências Sociais – Antropologia/ Sociologia (Bacharelado/Licenciatura) | CN | Diurno
2018-2020,2020,Darcy Ribeiro,Ciências Sociais – Antropologia/ Sociologia (Bacharelado/Licenciatura),Diurno,AC,AC,False,,,False,,-73.444,63.097,2018-2020,2018,2020,1,Ciências Sociais – Antropologia/ Sociologia (Bacharelado/Licenciatura) | Darcy Ribeiro,Ciências Sociais – Antropologia/ Sociologia (Bacharelado/Licenciatura) | Diurno,Ciências Sociais – Antropologia/ Sociologia (Bacharelado/Licenciatura) | AC,Ciências Sociais – Antropologia/ Sociologia (Bacharelado/Licenciatura) | Darcy Ribeiro | Diurno,Ciências Sociais – Antropologia/ Sociologia (Bacharelado/Licenciatura) | AC | Darcy Ribeiro,Ciências Sociais – Antropologia/ Sociologia (Bacharelado/Licenciatura) | AC | Diurno
2018-2020,2020,Darcy Ribeiro,Computação (Licenciatura),Noturno,EP_R1_PPI,EP_R1_PPI,True,R1,PPI,False,1.5,36.577,36.577,2018-2020,2018,2020,1,Computação (Licenciatura) | Darcy Ribeiro,Computação (Licenciatura) | Noturno,Computação (Licenciatura) | EP_R1_PPI,Computação (Licenciatura) | Darcy Ribeiro | Noturno,Computação (Licenciatura) | EP_R1_PPI | Darcy Ribeiro,Computação (Licenciatura) | EP_R1_PPI | Noturno
2018-2020,2020,Darcy Ribeiro,Computação (Licenciatura),Noturno,EP_R2_NPPI,EP_R2_NPPI,True,R2,NPPI,False,1.5,-28.675,14.464,2018-2020,2018,2020,1,Computação (Licenciatura) | Darcy Ribeiro,Computação (Licenciatura) | Noturno,Computação (Licenciatura) | EP_R2_NPPI,Computação (Licenciatura) | Darcy Ribeiro | Noturno,Computação (Licenciatura) | EP_R2_NPPI | Darcy Ribeiro,Computação (Licenciatura) | EP_R2_NPPI | Noturno
2018-2020,2020,Darcy Ribeiro,Computação (Licenciatura),Noturno,AC,AC,False,,,False,,-96.333,63.42,2018-2020,2018,2020,1,Computação (Licenciatura) | Darcy Ribeiro,Computação (Licenciatura) | Noturno,Computação (Licenciatura) | AC,Computação (Licenciatura) | Darcy Ribeiro | Noturno,Computação (Licenciatura) | AC | Darcy Ribeiro,Computação (Licenciatura) | AC | Noturno
2018-2020,2020,Darcy Ribeiro,Comunicação Organizacional (Bacharelado),Noturno,EP_R2_NPPI,EP_R2_NPPI,True,R2,NPPI,False,1.5,-24.715,-24.715,2018-2020,2018,2020,1,Comunicação Organizacional (Bacharelado) | Darcy Ribeiro,Comunicação Organizacional (Bacharelado) | Noturno,Comunicação Organizacional (Bacharelado) | EP_R2_NPPI,Comunicação Organizacional (Bacharelado) | Darcy Ribeiro | Noturno,Comunicação Organizacional (Bacharelado) | EP_R2_NPPI | Darcy Ribeiro,Comunicação Organizacional (Bacharelado) | EP_R2_NPPI | Noturno
2018-2020,2020,Darcy Ribeiro,Comunicação Organizacional (Bacharelado),Noturno,CN,CN,False,,NEGROS,False,,-41.513,4.914,2018-2020,2018,2020,1,Comunicação Organizacional (Bacharelado) | Darcy Ribeiro,Comunicação Organizacional (Bacharelado) | Noturno,Comunicação Organizacional (Bacharelado) | CN,Comunicação Organizacional (Bacharelado) | Darcy Ribeiro | Noturno,Comunicação Organizacional (Bacharelado) | CN | Darcy Ribeiro,Comunicação Organizacional (Bacharelado) | CN | Noturno
2018-2020,2020,Darcy Ribeiro,Comunicação Organizacional (Bacharelado),Noturno,AC,AC,False,,,False,,-60.884,61.325,2018-2020,2018,2020,1,Comunicação Organizacional (Bacharelado) | Darcy Ribeiro,Comunicação Organizacional (Bacharelado) | Noturno,Comunicação Organizacional (Bacharelado) | AC,Comunicação Organizacional (Bacharelado) | Darcy Ribeiro | Noturno,Comunicação Organizacional (Bacharelado) | AC | Darcy Ribeiro,Comunicação Organizacional (Bacharelado) | AC | Noturno
2018-2020,2020,Darcy Ribeiro,Comunicação Social - Publicidade e Propaganda (Bacharelado),Diurno,EP_R1_PPI,EP_R1_PPI,True,R1,PPI,False,1.5,-43.64,29.027,2018-2020,2018,2020,1,Comunicação Social - Publicidade e Propaganda (Bacharelado) | Darcy Ribeiro,Comunicação Social - Publicidade e Propaganda (Bacharelado) | Diurno,Comunicação Social - Publicidade e Propaganda (Bacharelado) | EP_R1_PPI,Comunicação Social - Publicidade e Propaganda (Bacharelado) | Darcy Ribeiro | Diurno,Comunicação Social - Publicidade e Propaganda (Bacharelado) | EP_R1_PPI | Darcy Ribeiro,Comunicação Social - Publicidade e Propaganda (Bacharelado) | EP_R1_PPI | Diurno
2018-2020,2020,Darcy Ribeiro,Comunicação Social - Publicidade e Propaganda (Bacharelado),Diurno,EP_R1_NPPI,EP_R1_NPPI,True,R1,NPPI,False,1.5,-49.871,2.367,2018-2020,2018,2020,1,Comunicação Social - Publicidade e Propaganda (Bacharelado) | Darcy Ribeiro,Comunicação Social - Publicidade e Propaganda (Bacharelado) | Diurno,Comunicação Social - Publicidade e Propaganda (Bacharelado) | EP_R1_NPPI,Comunicação Social - Publicidade e Propaganda (Bacharelado) | Darcy Ribeiro | Diurno,Comunicação Social - Publicidade e Propaganda (Bacharelado) | EP_R1_NPPI | Darcy Ribeiro,Comunicação Social - Publicidade e Propaganda (Bacharelado) | EP_R1_NPPI | Diurno
2018-2020,2020,Darcy Ribeiro,Comunicação Social - Publicidade e Propaganda (Bacharelado),Diurno,EP_R2_PPI,EP_R2_PPI,True,R2,PPI,False,1.5,-26.233,8.751,2018-2020,2018,2020,1,Comunicação Social - Publicidade e Propaganda (Bacharelado) | Darcy Ribeiro,Comunicação Social - Publicidade e Propaganda (Bacharelado) | Diurno,Comunicação Social - Publicidade e Propaganda (Bacharelado) | EP_R2_PPI,Comunicação Social - Publicidade e Propaganda (Bacharelado) | Darcy Ribeiro | Diurno,Comunicação Social - Publicidade e Propaganda (Bacharelado) | EP_R2_PPI | Darcy Ribeiro,Comunicação Social - Publicidade e Propaganda (Bacharelado) | EP_R2_PPI | Diurno
2018-2020,2020,Darcy Ribeiro,Comunicação Social - Publicidade e Propaganda (Bacharelado),Diurno,EP_R2_NPPI,EP_R2_NPPI,True,R2,NPPI,False,1.5,-27.135,-14.554,2018-2020,2018,2020,1,Comunicação Social - Publicidade e Propaganda (Bacharelado) | Darcy Ribeiro,Comunicação Social - Publicidade e Propaganda (Bacharelado) | Diurno,Comunicação Social - Publicidade e Propaganda (Bacharelado) | EP_R2_NPPI,Comunicação Social - Publicidade e Propaganda (Bacharelado) | Darcy Ribeiro | Diurno,Comunicação Social - Publicidade e Propaganda (Bacharelado) | EP_R2_NPPI | Darcy Ribeiro,Comunicação Social - Publicidade e Propaganda (Bacharelado) | EP_R2_NPPI | Diurno
2018-2020,2020,Darcy Ribeiro,Comunicação Social - Publicidade e Propaganda (Bacharelado),Diurno,CN,CN,False,,NEGROS,False,,39.163,52.808,2018-2020,2018,2020,1,Comunicação Social - Publicidade e Propaganda (Bacharelado) | Darcy Ribeiro,Comunicação Social - Publicidade e Propaganda (Bacharelado) | Diurno,Comunicação Social - Publicidade e Propaganda (Bacharelado) | CN,Comunicação Social - Publicidade e Propaganda (Bacharelado) | Darcy Ribeiro | Diurno,Comunicação Social - Publicidade e Propaganda (Bacharelado) | CN | Darcy Ribeiro,Comunicação Social - Publicidade e Propaganda (Bacharelado) | CN | Diurno
2018-2020,2020,Darcy Ribeiro,Comunicação Social - Publicidade e Propaganda (Bacharelado),Diurno,AC,AC,False,,,False,,42.875,95.093,2018-2020,2018,2020,1,Comunicação Social - Publicidade e Propaganda (Bacharelado) | Darcy Ribeiro,Comunicação Social - Publicidade e Propaganda (Bacharelado) | Diurno,Comunicação Social - Publicidade e Propaganda (Bacharelado) | AC,Comunicação Social - Publicidade e Propaganda (Bacharelado) | Darcy Ribeiro | Diurno,Comunicação Social - Publicidade e Propaganda (Bacharelado) | AC | Darcy Ribeiro,Comunicação Social - Publicidade e Propaganda (Bacharelado) | AC | Diurno
2018-2020,2020,Darcy Ribeiro,Comunicação Social – Audiovisual (Bacharelado),Diurno,EP_R1_PPI,EP_R1_PPI,True,R1,PPI,False,1.5,-40.091,9.785,2018-2020,2018,2020,1,Comunicação Social – Audiovisual (Bacharelado) | Darcy Ribeiro,Comunicação Social – Audiovisual (Bacharelado) | Diurno,Comunicação Social – Audiovisual (Bacharelado) | EP_R1_PPI,Comunicação Social – Audiovisual (Bacharelado) | Darcy Ribeiro | Diurno,Comunicação Social – Audiovisual (Bacharelado) | EP_R1_PPI | Darcy Ribeiro,Comunicação Social – Audiovisual (Bacharelado) | EP_R1_PPI | Diurno
2018-2020,2020,Darcy Ribeiro,Comunicação Social – Audiovisual (Bacharelado),Diurno,EP_R2_PPI,EP_R2_PPI,True,R2,PPI,False,1.5,-27.235,13.364,2018-2020,2018,2020,1,Comunicação Social – Audiovisual (Bacharelado) | Darcy Ribeiro,Comunicação Social – Audiovisual (Bacharelado) | Diurno,Comunicação Social – Audiovisual (Bacharelado) | EP_R2_PPI,Comunicação Social – Audiovisual (Bacharelado) | Darcy Ribeiro | Diurno,Comunicação Social – Audiovisual (Bacharelado) | EP_R2_PPI | Darcy Ribeiro,Comunicação Social – Audiovisual (Bacharelado) | EP_R2_PPI | Diurno
2018-2020,2020,Darcy Ribeiro,Comunicação Social – Audiovisual (Bacharelado),Diurno,EP_R2_NPPI,EP_R2_NPPI,True,R2,NPPI,False,1.5,-30.985,9.153,2018-2020,2018,2020,1,Comunicação Social – Audiovisual (Bacharelado) | Darcy Ribeiro,Comunicação Social – Audiovisual (Bacharelado) | Diurno,Comunicação Social – Audiovisual (Bacharelado) | EP_R2_NPPI,Comunicação Social – Audiovisual (Bacharelado) | Darcy Ribeiro | Diurno,Comunicação Social – Audiovisual (Bacharelado) | EP_R2_NPPI | Darcy Ribeiro,Comunicação Social – Audiovisual (Bacharelado) | EP_R2_NPPI | Diurno
2018-2020,2020,Darcy Ribeiro,Comunicação Social – Audiovisual (Bacharelado),Diurno,CN,CN,False,,NEGROS,False,,-49.161,-49.161,2018-2020,2018,2020,1,Comunicação Social – Audiovisual (Bacharelado) | Darcy Ribeiro,Comunicação Social – Audiovisual (Bacharelado) | Diurno,Comunicação Social – Audiovisual (Bacharelado) | CN,Comunicação Social – Audiovisual (Bacharelado) | Darcy Ribeiro | Diurno,Comunicação Social – Audiovisual (Bacharelado) | CN | Darcy Ribeiro,Comunicação Social – Audiovisual (Bacharelado) | CN | Diurno
2018-2020,2020,Darcy Ribeiro,Comunicação Social – Audiovisual (Bacharelado),Diurno,AC,AC,False,,,False,,47.993,110.494,2018-2020,2018,2020,1,Comunicação Social – Audiovisual (Bacharelado) | Darcy Ribeiro,Comunicação Social – Audiovisual (Bacharelado) | Diurno,Comunicação Social – Audiovisual (Bacharelado) | AC,Comunicação Social – Audiovisual (Bacharelado) | Darcy Ribeiro | Diurno,Comunicação Social – Audiovisual (Bacharelado) | AC | Darcy Ribeiro,Comunicação Social – Audiovisual (Bacharelado) | AC | Diurno
2018-2020,2020,Darcy Ribeiro,Design – Programação Visual/Projeto do Produto (Bacharelado),Diurno,EP_R1_PPI,EP_R1_PPI,True,R1,PPI,False,1.5,-36.333,-11.018,2018-2020,2018,2020,1,Design – Programação Visual/Projeto do Produto (Bacharelado) | Darcy Ribeiro,Design – Programação Visual/Projeto do Produto (Bacharelado) | Diurno,Design – Programação Visual/Projeto do Produto (Bacharelado) | EP_R1_PPI,Design – Programação Visual/Projeto do Produto (Bacharelado) | Darcy Ribeiro | Diurno,Design – Programação Visual/Projeto do Produto (Bacharelado) | EP_R1_PPI | Darcy Ribeiro,Design – Programação Visual/Projeto do Produto (Bacharelado) | EP_R1_PPI | Diurno
2018-2020,2020,Darcy Ribeiro,Design – Programação Visual/Projeto do Produto (Bacharelado),Diurno,EP_R1_NPPI,EP_R1_NPPI,True,R1,NPPI,False,1.5,-13.605,-0.286,2018-2020,2018,2020,1,Design – Programação Visual/Projeto do Produto (Bacharelado) | Darcy Ribeiro,Design – Programação Visual/Projeto do Produto (Bacharelado) | Diurno,Design – Programação Visual/Projeto do Produto (Bacharelado) | EP_R1_NPPI,Design – Programação Visual/Projeto do Produto (Bacharelado) | Darcy Ribeiro | Diurno,Design – Programação Visual/Projeto do Produto (Bacharelado) | EP_R1_NPPI | Darcy Ribeiro,Design – Programação Visual/Projeto do Produto (Bacharelado) | EP_R1_NPPI | Diurno
2018-2020,2020,Darcy Ribeiro,Design – Programação Visual/Projeto do Produto (Bacharelado),Diurno,EP_R2_PPI,EP_R2_PPI,True,R2,PPI,False,1.5,-22.489,9.31,2018-2020,2018,2020,1,Design – Programação Visual/Projeto do Produto (Bacharelado) | Darcy Ribeiro,Design – Programação Visual/Projeto do Produto (Bacharelado) | Diurno,Design – Programação Visual/Projeto do Produto (Bacharelado) | EP_R2_PPI,Design – Programação Visual/Projeto do Produto (Bacharelado) | Darcy Ribeiro | Diurno,Design – Programação Visual/Projeto do Produto (Bacharelado) | EP_R2_PPI | Darcy Ribeiro,Design – Programação Visual/Projeto do Produto (Bacharelado) | EP_R2_PPI | Diurno
2018-2020,2020,Darcy Ribeiro,Design – Programação Visual/Projeto do Produto (Bacharelado),Diurno,CN,CN,False,,NEGROS,False,,6.632,32.212,2018-2020,2018,2020,1,Design – Programação Visual/Projeto do Produto (Bacharelado) | Darcy Ribeiro,Design – Programação Visual/Projeto do Produto (Bacharelado) | Diurno,Design – Programação Visual/Projeto do Produto (Bacharelado) | CN,Design – Programação Visual/Projeto do Produto (Bacharelado) | Darcy Ribeiro | Diurno,Design – Programação Visual/Projeto do Produto (Bacharelado) | CN | Darcy Ribeiro,Design – Programação Visual/Projeto do Produto (Bacharelado) | CN | Diurno
2018-2020,2020,Darcy Ribeiro,Design – Programação Visual/Projeto do Produto (Bacharelado),Diurno,AC,AC,False,,,False,,79.753,125.943,2018-2020,2018,2020,1,Design – Programação Visual/Projeto do Produto (Bacharelado) | Darcy Ribeiro,Design – Programação Visual/Projeto do Produto (Bacharelado) | Diurno,Design – Programação Visual/Projeto do Produto (Bacharelado) | AC,Design – Programação Visual/Projeto do Produto (Bacharelado) | Darcy Ribeiro | Diurno,Design – Programação Visual/Projeto do Produto (Bacharelado) | AC | Darcy Ribeiro,Design – Programação Visual/Projeto do Produto (Bacharelado) | AC | Diurno
2018-2020,2020,Darcy Ribeiro,Direito (Bacharelado),Diurno,EP_R1_PPI,EP_R1_PPI,True,R1,PPI,False,1.5,-16.819,65.641,2018-2020,2018,2020,1,Direito (Bacharelado) | Darcy Ribeiro,Direito (Bacharelado) | Diurno,Direito (Bacharelado) | EP_R1_PPI,Direito (Bacharelado) | Darcy Ribeiro | Diurno,Direito (Bacharelado) | EP_R1_PPI | Darcy Ribeiro,Direito (Bacharelado) | EP_R1_PPI | Diurno
2018-2020,2020,Darcy Ribeiro,Direito (Bacharelado),Diurno,EP_R1_PPI_PCD,EP_R1_PPI_PCD,True,R1,PPI,True,1.5,-15.077,-15.077,2018-2020,2018,2020,1,Direito (Bacharelado) | Darcy Ribeiro,Direito (Bacharelado) | Diurno,Direito (Bacharelado) | EP_R1_PPI_PCD,Direito (Bacharelado) | Darcy Ribeiro | Diurno,Direito (Bacharelado) | EP_R1_PPI_PCD | Darcy Ribeiro,Direito (Bacharelado) | EP_R1_PPI_PCD | Diurno
2018-2020,2020,Darcy Ribeiro,Direito (Bacharelado),Diurno,EP_R1_NPPI,EP_R1_NPPI,True,R1,NPPI,False,1.5,35.037,69.129,2018-2020,2018,2020,1,Direito (Bacharelado) | Darcy Ribeiro,Direito (Bacharelado) | Diurno,Direito (Bacharelado) | EP_R1_NPPI,Direito (Bacharelado) | Darcy Ribeiro | Diurno,Direito (Bacharelado) | EP_R1_NPPI | Darcy Ribeiro,Direito (Bacharelado) | EP_R1_NPPI | Diurno
2018-2020,2020,Darcy Ribeiro,Direito (Bacharelado),Diurno,EP_R2_PPI,EP_R2_PPI,True,R2,PPI,False,1.5,16.331,49.195,2018-2020,2018,2020,1,Direito (Bacharelado) | Darcy Ribeiro,Direito (Bacharelado) | Diurno,Direito (Bacharelado) | EP_R2_PPI,Direito (Bacharelado) | Darcy Ribeiro | Diurno,Direito (Bacharelado) | EP_R2_PPI | Darcy Ribeiro,Direito (Bacharelado) | EP_R2_PPI | Diurno
2018-2020,2020,Darcy Ribeiro,Direito (Bacharelado),Diurno,EP_R2_NPPI,EP_R2_NPPI,True,R2,NPPI,False,1.5,26.201,124.283,2018-2020,2018,2020,1,Direito (Bacharelado) | Darcy Ribeiro,Direito (Bacharelado) | Diurno,Direito (Bacharelado) | EP_R2_NPPI,Direito (Bacharelado) | Darcy Ribeiro | Diurno,Direito (Bacharelado) | EP_R2_NPPI | Darcy Ribeiro,Direito (Bacharelado) | EP_R2_NPPI | Diurno
2018-2020,2020,Darcy Ribeiro,Direito (Bacharelado),Diurno,CN,CN,False,,NEGROS,False,,67.814,109.896,2018-2020,2018,2020,1,Direito (Bacharelado) | Darcy Ribeiro,Direito (Bacharelado) | Diurno,Direito (Bacharelado) | CN,Direito (Bacharelado) | Darcy Ribeiro | Diurno,Direito (Bacharelado) | CN | Darcy Ribeiro,Direito (Bacharelado) | CN | Diurno
2018-2020,2020,Darcy Ribeiro,Direito (Bacharelado),Diurno,AC,AC,False,,,False,,101.827,146.068,2018-2020,2018,2020,1,Direito (Bacharelado) | Darcy Ribeiro,Direito (Bacharelado) | Diurno,Direito (Bacharelado) | AC,Direito (Bacharelado) | Darcy Ribeiro | Diurno,Direito (Bacharelado) | AC | Darcy Ribeiro,Direito (Bacharelado) | AC | Diurno
2018-2020,2020,Darcy Ribeiro,Direito (Bacharelado),Noturno,EP_R1_PPI,EP_R1_PPI,True,R1,PPI,False,1.5,-26.837,12.579,2018-2020,2018,2020,1,Direito (Bacharelado) | Darcy Ribeiro,Direito (Bacharelado) | Noturno,Direito (Bacharelado) | EP_R1_PPI,Direito (Bacharelado) | Darcy Ribeiro | Noturno,Direito (Bacharelado) | EP_R1_PPI | Darcy Ribeiro,Direito (Bacharelado) | EP_R1_PPI | Noturno
2018-2020,2020,Darcy Ribeiro,Direito (Bacharelado),Noturno,EP_R1_NPPI,EP_R1_NPPI,True,R1,NPPI,False,1.5,-30.887,1.416,2018-2020,2018,2020,1,Direito (Bacharelado) | Darcy Ribeiro,Direito (Bacharelado) | Noturno,Direito (Bacharelado) | EP_R1_NPPI,Direito (Bacharelado) | Darcy Ribeiro | Noturno,Direito (Bacharelado) | EP_R1_NPPI | Darcy Ribeiro,Direito (Bacharelado) | EP_R1_NPPI | Noturno
2018-2020,2020,Darcy Ribeiro,Direito (Bacharelado),Noturno,EP_R2_PPI,EP_R2_PPI,True,R2,PPI,False,1.5,-10.395,45.688,2018-2020,2018,2020,1,Direito (Bacharelado) | Darcy Ribeiro,Direito (Bacharelado) | Noturno,Direito (Bacharelado) | EP_R2_PPI,Direito (Bacharelado) | Darcy Ribeiro | Noturno,Direito (Bacharelado) | EP_R2_PPI | Darcy Ribeiro,Direito (Bacharelado) | EP_R2_PPI | Noturno
2018-2020,2020,Darcy Ribeiro,Direito (Bacharelado),Noturno,EP_R2_NPPI,EP_R2_NPPI,True,R2,NPPI,False,1.5,20.26,66.642,2018-2020,2018,2020,1,Direito (Bacharelado) | Darcy Ribeiro,Direito (Bacharelado) | Noturno,Direito (Bacharelado) | EP_R2_NPPI,Direito (Bacharelado) | Darcy Ribeiro | Noturno,Direito (Bacharelado) | EP_R2_NPPI | Darcy Ribeiro,Direito (Bacharelado) | EP_R2_NPPI | Noturno
2018-2020,2020,Darcy Ribeiro,Direito (Bacharelado),Noturno,CN,CN,False,,NEGROS,False,,54.94,84.963,2018-2020,2018,2020,1,Direito (Bacharelado) | Darcy Ribeiro,Direito (Bacharelado) | Noturno,Direito (Bacharelado) | CN,Direito (Bacharelado) | Darcy Ribeiro | Noturno,Direito (Bacharelado) | CN | Darcy Ribeiro,Direito (Bacharelado) | CN | Noturno
2018-2020,2020,Darcy Ribeiro,Direito (Bacharelado),Noturno,AC,AC,False,,,False,,56.835,124.602,2018-2020,2018,2020,1,Direito (Bacharelado) | Darcy Ribeiro,Direito (Bacharelado) | Noturno,Direito (Bacharelado) | AC,Direito (Bacharelado) | Darcy Ribeiro | Noturno,Direito (Bacharelado) | AC | Darcy Ribeiro,Direito (Bacharelado) | AC | Noturno
2018-2020,2020,Darcy Ribeiro,Educação Física (Bacharelado),Diurno,EP_R1_PPI,EP_R1_PPI,True,R1,PPI,False,1.5,-25.052,-25.052,2018-2020,2018,2020,1,Educação Física (Bacharelado) | Darcy Ribeiro,Educação Física (Bacharelado) | Diurno,Educação Física (Bacharelado) | EP_R1_PPI,Educação Física (Bacharelado) | Darcy Ribeiro | Diurno,Educação Física (Bacharelado) | EP_R1_PPI | Darcy Ribeiro,Educação Física (Bacharelado) | EP_R1_PPI | Diurno
2018-2020,2020,Darcy Ribeiro,Educação Física (Bacharelado),Diurno,EP_R1_NPPI,EP_R1_NPPI,True,R1,NPPI,False,1.5,-22.536,-22.536,2018-2020,2018,2020,1,Educação Física (Bacharelado) | Darcy Ribeiro,Educação Física (Bacharelado) | Diurno,Educação Física (Bacharelado) | EP_R1_NPPI,Educação Física (Bacharelado) | Darcy Ribeiro | Diurno,Educação Física (Bacharelado) | EP_R1_NPPI | Darcy Ribeiro,Educação Física (Bacharelado) | EP_R1_NPPI | Diurno
2018-2020,2020,Darcy Ribeiro,Educação Física (Bacharelado),Diurno,EP_R2_PPI,EP_R2_PPI,True,R2,PPI,False,1.5,-94.317,2.411,2018-2020,2018,2020,1,Educação Física (Bacharelado) | Darcy Ribeiro,Educação Física (Bacharelado) | Diurno,Educação Física (Bacharelado) | EP_R2_PPI,Educação Física (Bacharelado) | Darcy Ribeiro | Diurno,Educação Física (Bacharelado) | EP_R2_PPI | Darcy Ribeiro,Educação Física (Bacharelado) | EP_R2_PPI | Diurno
2018-2020,2020,Darcy Ribeiro,Educação Física (Bacharelado),Diurno,EP_R2_NPPI,EP_R2_NPPI,True,R2,NPPI,False,1.5,-84.571,3.39,2018-2020,2018,2020,1,Educação Física (Bacharelado) | Darcy Ribeiro,Educação Física (Bacharelado) | Diurno,Educação Física (Bacharelado) | EP_R2_NPPI,Educação Física (Bacharelado) | Darcy Ribeiro | Diurno,Educação Física (Bacharelado) | EP_R2_NPPI | Darcy Ribeiro,Educação Física (Bacharelado) | EP_R2_NPPI | Diurno
2018-2020,2020,Darcy Ribeiro,Educação Física (Bacharelado),Diurno,CN,CN,False,,NEGROS,False,,-14.695,27.052,2018-2020,2018,2020,1,Educação Física (Bacharelado) | Darcy Ribeiro,Educação Física (Bacharelado) | Diurno,Educação Física (Bacharelado) | CN,Educação Física (Bacharelado) | Darcy Ribeiro | Diurno,Educação Física (Bacharelado) | CN | Darcy Ribeiro,Educação Física (Bacharelado) | CN | Diurno
2018-2020,2020,Darcy Ribeiro,Educação Física (Bacharelado),Diurno,AC,AC,False,,,False,,-33.049,44.232,2018-2020,2018,2020,1,Educação Física (Bacharelado) | Darcy Ribeiro,Educação Física (Bacharelado) | Diurno,Educação Física (Bacharelado) | AC,Educação Física (Bacharelado) | Darcy Ribeiro | Diurno,Educação Física (Bacharelado) | AC | Darcy Ribeiro,Educação Física (Bacharelado) | AC | Diurno
2018-2020,2020,Darcy Ribeiro,Educação Física (Licenciatura),Diurno,EP_R1_PPI,EP_R1_PPI,True,R1,PPI,False,1.5,-101.251,-27.83,2018-2020,2018,2020,1,Educação Física (Licenciatura) | Darcy Ribeiro,Educação Física (Licenciatura) | Diurno,Educação Física (Licenciatura) | EP_R1_PPI,Educação Física (Licenciatura) | Darcy Ribeiro | Diurno,Educação Física (Licenciatura) | EP_R1_PPI | Darcy Ribeiro,Educação Física (Licenciatura) | EP_R1_PPI | Diurno
2018-2020,2020,Darcy Ribeiro,Educação Física (Licenciatura),Diurno,EP_R1_NPPI,EP_R1_NPPI,True,R1,NPPI,False,1.5,-43.227,-20.021,2018-2020,2018,2020,1,Educação Física (Licenciatura) | Darcy Ribeiro,Educação Física (Licenciatura) | Diurno,Educação Física (Licenciatura) | EP_R1_NPPI,Educação Física (Licenciatura) | Darcy Ribeiro | Diurno,Educação Física (Licenciatura) | EP_R1_NPPI | Darcy Ribeiro,Educação Física (Licenciatura) | EP_R1_NPPI | Diurno
2018-2020,2020,Darcy Ribeiro,Educação Física (Licenciatura),Diurno,EP_R2_PPI,EP_R2_PPI,True,R2,PPI,False,1.5,-91.266,22.938,2018-2020,2018,2020,1,Educação Física (Licenciatura) | Darcy Ribeiro,Educação Física (Licenciatura) | Diurno,Educação Física (Licenciatura) | EP_R2_PPI,Educação Física (Licenciatura) | Darcy Ribeiro | Diurno,Educação Física (Licenciatura) | EP_R2_PPI | Darcy Ribeiro,Educação Física (Licenciatura) | EP_R2_PPI | Diurno
2018-2020,2020,Darcy Ribeiro,Educação Física (Licenciatura),Diurno,EP_R2_NPPI,EP_R2_NPPI,True,R2,NPPI,False,1.5,-70.759,-0.024,2018-2020,2018,2020,1,Educação Física (Licenciatura) | Darcy Ribeiro,Educação Física (Licenciatura) | Diurno,Educação Física (Licenciatura) | EP_R2_NPPI,Educação Física (Licenciatura) | Darcy Ribeiro | Diurno,Educação Física (Licenciatura) | EP_R2_NPPI | Darcy Ribeiro,Educação Física (Licenciatura) | EP_R2_NPPI | Diurno
2018-2020,2020,Darcy Ribeiro,Educação Física (Licenciatura),Diurno,CN,CN,False,,NEGROS,False,,-20.627,-2.822,2018-2020,2018,2020,1,Educação Física (Licenciatura) | Darcy Ribeiro,Educação Física (Licenciatura) | Diurno,Educação Física (Licenciatura) | CN,Educação Física (Licenciatura) | Darcy Ribeiro | Diurno,Educação Física (Licenciatura) | CN | Darcy Ribeiro,Educação Física (Licenciatura) | CN | Diurno
2018-2020,2020,Darcy Ribeiro,Educação Física (Licenciatura),Diurno,AC,AC,False,,,False,,-64.096,10.409,2018-2020,2018,2020,1,Educação Física (Licenciatura) | Darcy Ribeiro,Educação Física (Licenciatura) | Diurno,Educação Física (Licenciatura) | AC,Educação Física (Licenciatura) | Darcy Ribeiro | Diurno,Educação Física (Licenciatura) | AC | Darcy Ribeiro,Educação Física (Licenciatura) | AC | Diurno
2018-2020,2020,Darcy Ribeiro,Enfermagem (Bacharelado),Diurno,EP_R1_PPI,EP_R1_PPI,True,R1,PPI,False,1.5,-58.894,24.588,2018-2020,2018,2020,1,Enfermagem (Bacharelado) | Darcy Ribeiro,Enfermagem (Bacharelado) | Diurno,Enfermagem (Bacharelado) | EP_R1_PPI,Enfermagem (Bacharelado) | Darcy Ribeiro | Diurno,Enfermagem (Bacharelado) | EP_R1_PPI | Darcy Ribeiro,Enfermagem (Bacharelado) | EP_R1_PPI | Diurno
2018-2020,2020,Darcy Ribeiro,Enfermagem (Bacharelado),Diurno,EP_R1_NPPI,EP_R1_NPPI,True,R1,NPPI,False,1.5,-26.556,13.018,2018-2020,2018,2020,1,Enfermagem (Bacharelado) | Darcy Ribeiro,Enfermagem (Bacharelado) | Diurno,Enfermagem (Bacharelado) | EP_R1_NPPI,Enfermagem (Bacharelado) | Darcy Ribeiro | Diurno,Enfermagem (Bacharelado) | EP_R1_NPPI | Darcy Ribeiro,Enfermagem (Bacharelado) | EP_R1_NPPI | Diurno
2018-2020,2020,Darcy Ribeiro,Enfermagem (Bacharelado),Diurno,EP_R2_PPI,EP_R2_PPI,True,R2,PPI,False,1.5,-20.184,20.99,2018-2020,2018,2020,1,Enfermagem (Bacharelado) | Darcy Ribeiro,Enfermagem (Bacharelado) | Diurno,Enfermagem (Bacharelado) | EP_R2_PPI,Enfermagem (Bacharelado) | Darcy Ribeiro | Diurno,Enfermagem (Bacharelado) | EP_R2_PPI | Darcy Ribeiro,Enfermagem (Bacharelado) | EP_R2_PPI | Diurno
2018-2020,2020,Darcy Ribeiro,Enfermagem (Bacharelado),Diurno,EP_R2_NPPI,EP_R2_NPPI,True,R2,NPPI,False,1.5,-12.543,16.446,2018-2020,2018,2020,1,Enfermagem (Bacharelado) | Darcy Ribeiro,Enfermagem (Bacharelado) | Diurno,Enfermagem (Bacharelado) | EP_R2_NPPI,Enfermagem (Bacharelado) | Darcy Ribeiro | Diurno,Enfermagem (Bacharelado) | EP_R2_NPPI | Darcy Ribeiro,Enfermagem (Bacharelado) | EP_R2_NPPI | Diurno
2018-2020,2020,Darcy Ribeiro,Enfermagem (Bacharelado),Diurno,CN,CN,False,,NEGROS,False,,31.111,61.195,2018-2020,2018,2020,1,Enfermagem (Bacharelado) | Darcy Ribeiro,Enfermagem (Bacharelado) | Diurno,Enfermagem (Bacharelado) | CN,Enfermagem (Bacharelado) | Darcy Ribeiro | Diurno,Enfermagem (Bacharelado) | CN | Darcy Ribeiro,Enfermagem (Bacharelado) | CN | Diurno
2018-2020,2020,Darcy Ribeiro,Enfermagem (Bacharelado),Diurno,AC,AC,False,,,False,,6.734,93.171,2018-2020,2018,2020,1,Enfermagem (Bacharelado) | Darcy Ribeiro,Enfermagem (Bacharelado) | Diurno,Enfermagem (Bacharelado) | AC,Enfermagem (Bacharelado) | Darcy Ribeiro | Diurno,Enfermagem (Bacharelado) | AC | Darcy Ribeiro,Enfermagem (Bacharelado) | AC | Diurno
2018-2020,2020,Darcy Ribeiro,Engenharia Ambiental (Bacharelado),Diurno,EP_R1_NPPI,EP_R1_NPPI,True,R1,NPPI,False,1.5,-15.863,-15.863,2018-2020,2018,2020,1,Engenharia Ambiental (Bacharelado) | Darcy Ribeiro,Engenharia Ambiental (Bacharelado) | Diurno,Engenharia Ambiental (Bacharelado) | EP_R1_NPPI,Engenharia Ambiental (Bacharelado) | Darcy Ribeiro | Diurno,Engenharia Ambiental (Bacharelado) | EP_R1_NPPI | Darcy Ribeiro,Engenharia Ambiental (Bacharelado) | EP_R1_NPPI | Diurno
2018-2020,2020,Darcy Ribeiro,Engenharia Ambiental (Bacharelado),Diurno,EP_R2_PPI,EP_R2_PPI,True,R2,PPI,False,1.5,-45.951,-23.355,2018-2020,2018,2020,1,Engenharia Ambiental (Bacharelado) | Darcy Ribeiro,Engenharia Ambiental (Bacharelado) | Diurno,Engenharia Ambiental (Bacharelado) | EP_R2_PPI,Engenharia Ambiental (Bacharelado) | Darcy Ribeiro | Diurno,Engenharia Ambiental (Bacharelado) | EP_R2_PPI | Darcy Ribeiro,Engenharia Ambiental (Bacharelado) | EP_R2_PPI | Diurno
2018-2020,2020,Darcy Ribeiro,Engenharia Ambiental (Bacharelado),Diurno,EP_R2_NPPI,EP_R2_NPPI,True,R2,NPPI,False,1.5,-14.794,1.282,2018-2020,2018,2020,1,Engenharia Ambiental (Bacharelado) | Darcy Ribeiro,Engenharia Ambiental (Bacharelado) | Diurno,Engenharia Ambiental (Bacharelado) | EP_R2_NPPI,Engenharia Ambiental (Bacharelado) | Darcy Ribeiro | Diurno,Engenharia Ambiental (Bacharelado) | EP_R2_NPPI | Darcy Ribeiro,Engenharia Ambiental (Bacharelado) | EP_R2_NPPI | Diurno
2018-2020,2020,Darcy Ribeiro,Engenharia Ambiental (Bacharelado),Diurno,AC,AC,False,,,False,,-48.911,18.608,2018-2020,2018,2020,1,Engenharia Ambiental (Bacharelado) | Darcy Ribeiro,Engenharia Ambiental (Bacharelado) | Diurno,Engenharia Ambiental (Bacharelado) | AC,Engenharia Ambiental (Bacharelado) | Darcy Ribeiro | Diurno,Engenharia Ambiental (Bacharelado) | AC | Darcy Ribeiro,Engenharia Ambiental (Bacharelado) | AC | Diurno
2018-2020,2020,Darcy Ribeiro,Engenharia Civil (Bacharelado),Diurno,EP_R1_PPI,EP_R1_PPI,True,R1,PPI,False,1.5,5.858,5.858,2018-2020,2018,2020,1,Engenharia Civil (Bacharelado) | Darcy Ribeiro,Engenharia Civil (Bacharelado) | Diurno,Engenharia Civil (Bacharelado) | EP_R1_PPI,Engenharia Civil (Bacharelado) | Darcy Ribeiro | Diurno,Engenharia Civil (Bacharelado) | EP_R1_PPI | Darcy Ribeiro,Engenharia Civil (Bacharelado) | EP_R1_PPI | Diurno
2018-2020,2020,Darcy Ribeiro,Engenharia Civil (Bacharelado),Diurno,EP_R1_NPPI,EP_R1_NPPI,True,R1,NPPI,False,1.5,-10.46,-10.46,2018-2020,2018,2020,1,Engenharia Civil (Bacharelado) | Darcy Ribeiro,Engenharia Civil (Bacharelado) | Diurno,Engenharia Civil (Bacharelado) | EP_R1_NPPI,Engenharia Civil (Bacharelado) | Darcy Ribeiro | Diurno,Engenharia Civil (Bacharelado) | EP_R1_NPPI | Darcy Ribeiro,Engenharia Civil (Bacharelado) | EP_R1_NPPI | Diurno
2018-2020,2020,Darcy Ribeiro,Engenharia Civil (Bacharelado),Diurno,EP_R2_PPI,EP_R2_PPI,True,R2,PPI,False,1.5,-27.977,1.668,2018-2020,2018,2020,1,Engenharia Civil (Bacharelado) | Darcy Ribeiro,Engenharia Civil (Bacharelado) | Diurno,Engenharia Civil (Bacharelado) | EP_R2_PPI,Engenharia Civil (Bacharelado) | Darcy Ribeiro | Diurno,Engenharia Civil (Bacharelado) | EP_R2_PPI | Darcy Ribeiro,Engenharia Civil (Bacharelado) | EP_R2_PPI | Diurno
2018-2020,2020,Darcy Ribeiro,Engenharia Civil (Bacharelado),Diurno,EP_R2_NPPI,EP_R2_NPPI,True,R2,NPPI,False,1.5,-68.924,39.037,2018-2020,2018,2020,1,Engenharia Civil (Bacharelado) | Darcy Ribeiro,Engenharia Civil (Bacharelado) | Diurno,Engenharia Civil (Bacharelado) | EP_R2_NPPI,Engenharia Civil (Bacharelado) | Darcy Ribeiro | Diurno,Engenharia Civil (Bacharelado) | EP_R2_NPPI | Darcy Ribeiro,Engenharia Civil (Bacharelado) | EP_R2_NPPI | Diurno
2018-2020,2020,Darcy Ribeiro,Engenharia Civil (Bacharelado),Diurno,CN,CN,False,,NEGROS,False,,66.75,101.479,2018-2020,2018,2020,1,Engenharia Civil (Bacharelado) | Darcy Ribeiro,Engenharia Civil (Bacharelado) | Diurno,Engenharia Civil (Bacharelado) | CN,Engenharia Civil (Bacharelado) | Darcy Ribeiro | Diurno,Engenharia Civil (Bacharelado) | CN | Darcy Ribeiro,Engenharia Civil (Bacharelado) | CN | Diurno
2018-2020,2020,Darcy Ribeiro,Engenharia Civil (Bacharelado),Diurno,AC,AC,False,,,False,,-10.667,147.15,2018-2020,2018,2020,1,Engenharia Civil (Bacharelado) | Darcy Ribeiro,Engenharia Civil (Bacharelado) | Diurno,Engenharia Civil (Bacharelado) | AC,Engenharia Civil (Bacharelado) | Darcy Ribeiro | Diurno,Engenharia Civil (Bacharelado) | AC | Darcy Ribeiro,Engenharia Civil (Bacharelado) | AC | Diurno
2018-2020,2020,Darcy Ribeiro,Engenharia Elétrica (Bacharelado),Diurno,EP_R1_PPI,EP_R1_PPI,True,R1,PPI,False,1.5,-62.725,10.242,2018-2020,2018,2020,1,Engenharia Elétrica (Bacharelado) | Darcy Ribeiro,Engenharia Elétrica (Bacharelado) | Diurno,Engenharia Elétrica (Bacharelado) | EP_R1_PPI,Engenharia Elétrica (Bacharelado) | Darcy Ribeiro | Diurno,Engenharia Elétrica (Bacharelado) | EP_R1_PPI | Darcy Ribeiro,Engenharia Elétrica (Bacharelado) | EP_R1_PPI | Diurno
2018-2020,2020,Darcy Ribeiro,Engenharia Elétrica (Bacharelado),Diurno,EP_R2_PPI,EP_R2_PPI,True,R2,PPI,False,1.5,-25.08,33.134,2018-2020,2018,2020,1,Engenharia Elétrica (Bacharelado) | Darcy Ribeiro,Engenharia Elétrica (Bacharelado) | Diurno,Engenharia Elétrica (Bacharelado) | EP_R2_PPI,Engenharia Elétrica (Bacharelado) | Darcy Ribeiro | Diurno,Engenharia Elétrica (Bacharelado) | EP_R2_PPI | Darcy Ribeiro,Engenharia Elétrica (Bacharelado) | EP_R2_PPI | Diurno
2018-2020,2020,Darcy Ribeiro,Engenharia Elétrica (Bacharelado),Diurno,EP_R2_NPPI,EP_R2_NPPI,True,R2,NPPI,False,1.5,-45.468,145.719,2018-2020,2018,2020,1,Engenharia Elétrica (Bacharelado) | Darcy Ribeiro,Engenharia Elétrica (Bacharelado) | Diurno,Engenharia Elétrica (Bacharelado) | EP_R2_NPPI,Engenharia Elétrica (Bacharelado) | Darcy Ribeiro | Diurno,Engenharia Elétrica (Bacharelado) | EP_R2_NPPI | Darcy Ribeiro,Engenharia Elétrica (Bacharelado) | EP_R2_NPPI | Diurno
2018-2020,2020,Darcy Ribeiro,Engenharia Elétrica (Bacharelado),Diurno,CN,CN,False,,NEGROS,False,,-12.144,-12.144,2018-2020,2018,2020,1,Engenharia Elétrica (Bacharelado) | Darcy Ribeiro,Engenharia Elétrica (Bacharelado) | Diurno,Engenharia Elétrica (Bacharelado) | CN,Engenharia Elétrica (Bacharelado) | Darcy Ribeiro | Diurno,Engenharia Elétrica (Bacharelado) | CN | Darcy Ribeiro,Engenharia Elétrica (Bacharelado) | CN | Diurno
2018-2020,2020,Darcy Ribeiro,Engenharia Elétrica (Bacharelado),Diurno,AC,AC,False,,,False,,-54.46,165.36,2018-2020,2018,2020,1,Engenharia Elétrica (Bacharelado) | Darcy Ribeiro,Engenharia Elétrica (Bacharelado) | Diurno,Engenharia Elétrica (Bacharelado) | AC,Engenharia Elétrica (Bacharelado) | Darcy Ribeiro | Diurno,Engenharia Elétrica (Bacharelado) | AC | Darcy Ribeiro,Engenharia Elétrica (Bacharelado) | AC | Diurno
2018-2020,2020,Darcy Ribeiro,Engenharia Florestal (Bacharelado),Diurno,EP_R1_PPI,EP_R1_PPI,True,R1,PPI,False,1.5,-72.218,20.162,2018-2020,2018,2020,1,Engenharia Florestal (Bacharelado) | Darcy Ribeiro,Engenharia Florestal (Bacharelado) | Diurno,Engenharia Florestal (Bacharelado) | EP_R1_PPI,Engenharia Florestal (Bacharelado) | Darcy Ribeiro | Diurno,Engenharia Florestal (Bacharelado) | EP_R1_PPI | Darcy Ribeiro,Engenharia Florestal (Bacharelado) | EP_R1_PPI | Diurno
2018-2020,2020,Darcy Ribeiro,Engenharia Florestal (Bacharelado),Diurno,EP_R2_PPI,EP_R2_PPI,True,R2,PPI,False,1.5,-42.766,-42.766,2018-2020,2018,2020,1,Engenharia Florestal (Bacharelado) | Darcy Ribeiro,Engenharia Florestal (Bacharelado) | Diurno,Engenharia Florestal (Bacharelado) | EP_R2_PPI,Engenharia Florestal (Bacharelado) | Darcy Ribeiro | Diurno,Engenharia Florestal (Bacharelado) | EP_R2_PPI | Darcy Ribeiro,Engenharia Florestal (Bacharelado) | EP_R2_PPI | Diurno
2018-2020,2020,Darcy Ribeiro,Engenharia Florestal (Bacharelado),Diurno,CN,CN,False,,NEGROS,False,,-27.121,8.294,2018-2020,2018,2020,1,Engenharia Florestal (Bacharelado) | Darcy Ribeiro,Engenharia Florestal (Bacharelado) | Diurno,Engenharia Florestal (Bacharelado) | CN,Engenharia Florestal (Bacharelado) | Darcy Ribeiro | Diurno,Engenharia Florestal (Bacharelado) | CN | Darcy Ribeiro,Engenharia Florestal (Bacharelado) | CN | Diurno
2018-2020,2020,Darcy Ribeiro,Engenharia Florestal (Bacharelado),Diurno,AC,AC,False,,,False,,-65.083,17.752,2018-2020,2018,2020,1,Engenharia Florestal (Bacharelado) | Darcy Ribeiro,Engenharia Florestal (Bacharelado) | Diurno,Engenharia Florestal (Bacharelado) | AC,Engenharia Florestal (Bacharelado) | Darcy Ribeiro | Diurno,Engenharia Florestal (Bacharelado) | AC | Darcy Ribeiro,Engenharia Florestal (Bacharelado) | AC | Diurno
2018-2020,2020,Darcy Ribeiro,Engenharia Mecatrônica (Bacharelado),Diurno,EP_R1_PPI,EP_R1_PPI,True,R1,PPI,False,1.5,-37.722,54.405,2018-2020,2018,2020,1,Engenharia Mecatrônica (Bacharelado) | Darcy Ribeiro,Engenharia Mecatrônica (Bacharelado) | Diurno,Engenharia Mecatrônica (Bacharelado) | EP_R1_PPI,Engenharia Mecatrônica (Bacharelado) | Darcy Ribeiro | Diurno,Engenharia Mecatrônica (Bacharelado) | EP_R1_PPI | Darcy Ribeiro,Engenharia Mecatrônica (Bacharelado) | EP_R1_PPI | Diurno
2018-2020,2020,Darcy Ribeiro,Engenharia Mecatrônica (Bacharelado),Diurno,EP_R1_NPPI,EP_R1_NPPI,True,R1,NPPI,False,1.5,-32.767,-32.767,2018-2020,2018,2020,1,Engenharia Mecatrônica (Bacharelado) | Darcy Ribeiro,Engenharia Mecatrônica (Bacharelado) | Diurno,Engenharia Mecatrônica (Bacharelado) | EP_R1_NPPI,Engenharia Mecatrônica (Bacharelado) | Darcy Ribeiro | Diurno,Engenharia Mecatrônica (Bacharelado) | EP_R1_NPPI | Darcy Ribeiro,Engenharia Mecatrônica (Bacharelado) | EP_R1_NPPI | Diurno
2018-2020,2020,Darcy Ribeiro,Engenharia Mecatrônica (Bacharelado),Diurno,EP_R2_PPI,EP_R2_PPI,True,R2,PPI,False,1.5,-46.573,42.867,2018-2020,2018,2020,1,Engenharia Mecatrônica (Bacharelado) | Darcy Ribeiro,Engenharia Mecatrônica (Bacharelado) | Diurno,Engenharia Mecatrônica (Bacharelado) | EP_R2_PPI,Engenharia Mecatrônica (Bacharelado) | Darcy Ribeiro | Diurno,Engenharia Mecatrônica (Bacharelado) | EP_R2_PPI | Darcy Ribeiro,Engenharia Mecatrônica (Bacharelado) | EP_R2_PPI | Diurno
2018-2020,2020,Darcy Ribeiro,Engenharia Mecatrônica (Bacharelado),Diurno,EP_R2_NPPI,EP_R2_NPPI,True,R2,NPPI,False,1.5,19.302,65.536,2018-2020,2018,2020,1,Engenharia Mecatrônica (Bacharelado) | Darcy Ribeiro,Engenharia Mecatrônica (Bacharelado) | Diurno,Engenharia Mecatrônica (Bacharelado) | EP_R2_NPPI,Engenharia Mecatrônica (Bacharelado) | Darcy Ribeiro | Diurno,Engenharia Mecatrônica (Bacharelado) | EP_R2_NPPI | Darcy Ribeiro,Engenharia Mecatrônica (Bacharelado) | EP_R2_NPPI | Diurno
2018-2020,2020,Darcy Ribeiro,Engenharia Mecatrônica (Bacharelado),Diurno,CN,CN,False,,NEGROS,False,,-19.965,1.525,2018-2020,2018,2020,1,Engenharia Mecatrônica (Bacharelado) | Darcy Ribeiro,Engenharia Mecatrônica (Bacharelado) | Diurno,Engenharia Mecatrônica (Bacharelado) | CN,Engenharia Mecatrônica (Bacharelado) | Darcy Ribeiro | Diurno,Engenharia Mecatrônica (Bacharelado) | CN | Darcy Ribeiro,Engenharia Mecatrônica (Bacharelado) | CN | Diurno
2018-2020,2020,Darcy Ribeiro,Engenharia Mecatrônica (Bacharelado),Diurno,AC,AC,False,,,False,,-40.37,134.759,2018-2020,2018,2020,1,Engenharia Mecatrônica (Bacharelado) | Darcy Ribeiro,Engenharia Mecatrônica (Bacharelado) | Diurno,Engenharia Mecatrônica (Bacharelado) | AC,Engenharia Mecatrônica (Bacharelado) | Darcy Ribeiro | Diurno,Engenharia Mecatrônica (Bacharelado) | AC | Darcy Ribeiro,Engenharia Mecatrônica (Bacharelado) | AC | Diurno
2018-2020,2020,Darcy Ribeiro,Engenharia Mecânica (Bacharelado),Diurno,EP_R1_PPI,EP_R1_PPI,True,R1,PPI,False,1.5,-33.726,5.966,2018-2020,2018,2020,1,Engenharia Mecânica (Bacharelado) | Darcy Ribeiro,Engenharia Mecânica (Bacharelado) | Diurno,Engenharia Mecânica (Bacharelado) | EP_R1_PPI,Engenharia Mecânica (Bacharelado) | Darcy Ribeiro | Diurno,Engenharia Mecânica (Bacharelado) | EP_R1_PPI | Darcy Ribeiro,Engenharia Mecânica (Bacharelado) | EP_R1_PPI | Diurno
2018-2020,2020,Darcy Ribeiro,Engenharia Mecânica (Bacharelado),Diurno,EP_R2_PPI,EP_R2_PPI,True,R2,PPI,False,1.5,-5.156,32.83,2018-2020,2018,2020,1,Engenharia Mecânica (Bacharelado) | Darcy Ribeiro,Engenharia Mecânica (Bacharelado) | Diurno,Engenharia Mecânica (Bacharelado) | EP_R2_PPI,Engenharia Mecânica (Bacharelado) | Darcy Ribeiro | Diurno,Engenharia Mecânica (Bacharelado) | EP_R2_PPI | Darcy Ribeiro,Engenharia Mecânica (Bacharelado) | EP_R2_PPI | Diurno
2018-2020,2020,Darcy Ribeiro,Engenharia Mecânica (Bacharelado),Diurno,EP_R2_NPPI,EP_R2_NPPI,True,R2,NPPI,False,1.5,-8.237,129.024,2018-2020,2018,2020,1,Engenharia Mecânica (Bacharelado) | Darcy Ribeiro,Engenharia Mecânica (Bacharelado) | Diurno,Engenharia Mecânica (Bacharelado) | EP_R2_NPPI,Engenharia Mecânica (Bacharelado) | Darcy Ribeiro | Diurno,Engenharia Mecânica (Bacharelado) | EP_R2_NPPI | Darcy Ribeiro,Engenharia Mecânica (Bacharelado) | EP_R2_NPPI | Diurno
2018-2020,2020,Darcy Ribeiro,Engenharia Mecânica (Bacharelado),Diurno,CN,CN,False,,NEGROS,False,,27.299,30.337,2018-2020,2018,2020,1,Engenharia Mecânica (Bacharelado) | Darcy Ribeiro,Engenharia Mecânica (Bacharelado) | Diurno,Engenharia Mecânica (Bacharelado) | CN,Engenharia Mecânica (Bacharelado) | Darcy Ribeiro | Diurno,Engenharia Mecânica (Bacharelado) | CN | Darcy Ribeiro,Engenharia Mecânica (Bacharelado) | CN | Diurno
2018-2020,2020,Darcy Ribeiro,Engenharia Mecânica (Bacharelado),Diurno,AC,AC,False,,,False,,-102.234,142.555,2018-2020,2018,2020,1,Engenharia Mecânica (Bacharelado) | Darcy Ribeiro,Engenharia Mecânica (Bacharelado) | Diurno,Engenharia Mecânica (Bacharelado) | AC,Engenharia Mecânica (Bacharelado) | Darcy Ribeiro | Diurno,Engenharia Mecânica (Bacharelado) | AC | Darcy Ribeiro,Engenharia Mecânica (Bacharelado) | AC | Diurno
2018-2020,2020,Darcy Ribeiro,Engenharia Química (Bacharelado),Diurno,EP_R1_PPI,EP_R1_PPI,True,R1,PPI,False,1.5,38.999,38.999,2018-2020,2018,2020,1,Engenharia Química (Bacharelado) | Darcy Ribeiro,Engenharia Química (Bacharelado) | Diurno,Engenharia Química (Bacharelado) | EP_R1_PPI,Engenharia Química (Bacharelado) | Darcy Ribeiro | Diurno,Engenharia Química (Bacharelado) | EP_R1_PPI | Darcy Ribeiro,Engenharia Química (Bacharelado) | EP_R1_PPI | Diurno
2018-2020,2020,Darcy Ribeiro,Engenharia Química (Bacharelado),Diurno,EP_R2_PPI,EP_R2_PPI,True,R2,PPI,False,1.5,-14.085,-14.085,2018-2020,2018,2020,1,Engenharia Química (Bacharelado) | Darcy Ribeiro,Engenharia Química (Bacharelado) | Diurno,Engenharia Química (Bacharelado) | EP_R2_PPI,Engenharia Química (Bacharelado) | Darcy Ribeiro | Diurno,Engenharia Química (Bacharelado) | EP_R2_PPI | Darcy Ribeiro,Engenharia Química (Bacharelado) | EP_R2_PPI | Diurno
2018-2020,2020,Darcy Ribeiro,Engenharia Química (Bacharelado),Diurno,EP_R2_NPPI,EP_R2_NPPI,True,R2,NPPI,False,1.5,-16.557,132.95,2018-2020,2018,2020,1,Engenharia Química (Bacharelado) | Darcy Ribeiro,Engenharia Química (Bacharelado) | Diurno,Engenharia Química (Bacharelado) | EP_R2_NPPI,Engenharia Química (Bacharelado) | Darcy Ribeiro | Diurno,Engenharia Química (Bacharelado) | EP_R2_NPPI | Darcy Ribeiro,Engenharia Química (Bacharelado) | EP_R2_NPPI | Diurno
2018-2020,2020,Darcy Ribeiro,Engenharia Química (Bacharelado),Diurno,AC,AC,False,,,False,,-50.087,134.041,2018-2020,2018,2020,1,Engenharia Química (Bacharelado) | Darcy Ribeiro,Engenharia Química (Bacharelado) | Diurno,Engenharia Química (Bacharelado) | AC,Engenharia Química (Bacharelado) | Darcy Ribeiro | Diurno,Engenharia Química (Bacharelado) | AC | Darcy Ribeiro,Engenharia Química (Bacharelado) | AC | Diurno
2018-2020,2020,Darcy Ribeiro,Engenharia de Computação (Bacharelado),Diurno,EP_R1_PPI,EP_R1_PPI,True,R1,PPI,False,1.5,-44.598,18.4,2018-2020,2018,2020,1,Engenharia de Computação (Bacharelado) | Darcy Ribeiro,Engenharia de Computação (Bacharelado) | Diurno,Engenharia de Computação (Bacharelado) | EP_R1_PPI,Engenharia de Computação (Bacharelado) | Darcy Ribeiro | Diurno,Engenharia de Computação (Bacharelado) | EP_R1_PPI | Darcy Ribeiro,Engenharia de Computação (Bacharelado) | EP_R1_PPI | Diurno
2018-2020,2020,Darcy Ribeiro,Engenharia de Computação (Bacharelado),Diurno,EP_R2_PPI,EP_R2_PPI,True,R2,PPI,False,1.5,-31.837,53.774,2018-2020,2018,2020,1,Engenharia de Computação (Bacharelado) | Darcy Ribeiro,Engenharia de Computação (Bacharelado) | Diurno,Engenharia de Computação (Bacharelado) | EP_R2_PPI,Engenharia de Computação (Bacharelado) | Darcy Ribeiro | Diurno,Engenharia de Computação (Bacharelado) | EP_R2_PPI | Darcy Ribeiro,Engenharia de Computação (Bacharelado) | EP_R2_PPI | Diurno
2018-2020,2020,Darcy Ribeiro,Engenharia de Computação (Bacharelado),Diurno,EP_R2_NPPI,EP_R2_NPPI,True,R2,NPPI,False,1.5,-63.631,29.797,2018-2020,2018,2020,1,Engenharia de Computação (Bacharelado) | Darcy Ribeiro,Engenharia de Computação (Bacharelado) | Diurno,Engenharia de Computação (Bacharelado) | EP_R2_NPPI,Engenharia de Computação (Bacharelado) | Darcy Ribeiro | Diurno,Engenharia de Computação (Bacharelado) | EP_R2_NPPI | Darcy Ribeiro,Engenharia de Computação (Bacharelado) | EP_R2_NPPI | Diurno
2018-2020,2020,Darcy Ribeiro,Engenharia de Computação (Bacharelado),Diurno,CN,CN,False,,NEGROS,False,,21.015,92.852,2018-2020,2018,2020,1,Engenharia de Computação (Bacharelado) | Darcy Ribeiro,Engenharia de Computação (Bacharelado) | Diurno,Engenharia de Computação (Bacharelado) | CN,Engenharia de Computação (Bacharelado) | Darcy Ribeiro | Diurno,Engenharia de Computação (Bacharelado) | CN | Darcy Ribeiro,Engenharia de Computação (Bacharelado) | CN | Diurno
2018-2020,2020,Darcy Ribeiro,Engenharia de Computação (Bacharelado),Diurno,AC,AC,False,,,False,,76.169,143.359,2018-2020,2018,2020,1,Engenharia de Computação (Bacharelado) | Darcy Ribeiro,Engenharia de Computação (Bacharelado) | Diurno,Engenharia de Computação (Bacharelado) | AC,Engenharia de Computação (Bacharelado) | Darcy Ribeiro | Diurno,Engenharia de Computação (Bacharelado) | AC | Darcy Ribeiro,Engenharia de Computação (Bacharelado) | AC | Diurno
2018-2020,2020,Darcy Ribeiro,Engenharia de Produção (Bacharelado),Noturno,CN,CN,False,,NEGROS,False,,13.105,18.914,2018-2020,2018,2020,1,Engenharia de Produção (Bacharelado) | Darcy Ribeiro,Engenharia de Produção (Bacharelado) | Noturno,Engenharia de Produção (Bacharelado) | CN,Engenharia de Produção (Bacharelado) | Darcy Ribeiro | Noturno,Engenharia de Produção (Bacharelado) | CN | Darcy Ribeiro,Engenharia de Produção (Bacharelado) | CN | Noturno
2018-2020,2020,Darcy Ribeiro,Engenharia de Produção (Bacharelado),Noturno,AC,AC,False,,,False,,-45.285,97.751,2018-2020,2018,2020,1,Engenharia de Produção (Bacharelado) | Darcy Ribeiro,Engenharia de Produção (Bacharelado) | Noturno,Engenharia de Produção (Bacharelado) | AC,Engenharia de Produção (Bacharelado) | Darcy Ribeiro | Noturno,Engenharia de Produção (Bacharelado) | AC | Darcy Ribeiro,Engenharia de Produção (Bacharelado) | AC | Noturno
2018-2020,2020,Darcy Ribeiro,Engenharia de Redes de Comunicação (Bacharelado),Diurno,EP_R1_PPI,EP_R1_PPI,True,R1,PPI,False,1.5,-29.883,-29.883,2018-2020,2018,2020,1,Engenharia de Redes de Comunicação (Bacharelado) | Darcy Ribeiro,Engenharia de Redes de Comunicação (Bacharelado) | Diurno,Engenharia de Redes de Comunicação (Bacharelado) | EP_R1_PPI,Engenharia de Redes de Comunicação (Bacharelado) | Darcy Ribeiro | Diurno,Engenharia de Redes de Comunicação (Bacharelado) | EP_R1_PPI | Darcy Ribeiro,Engenharia de Redes de Comunicação (Bacharelado) | EP_R1_PPI | Diurno
2018-2020,2020,Darcy Ribeiro,Engenharia de Redes de Comunicação (Bacharelado),Diurno,EP_R2_PPI,EP_R2_PPI,True,R2,PPI,False,1.5,-50.627,3.941,2018-2020,2018,2020,1,Engenharia de Redes de Comunicação (Bacharelado) | Darcy Ribeiro,Engenharia de Redes de Comunicação (Bacharelado) | Diurno,Engenharia de Redes de Comunicação (Bacharelado) | EP_R2_PPI,Engenharia de Redes de Comunicação (Bacharelado) | Darcy Ribeiro | Diurno,Engenharia de Redes de Comunicação (Bacharelado) | EP_R2_PPI | Darcy Ribeiro,Engenharia de Redes de Comunicação (Bacharelado) | EP_R2_PPI | Diurno
2018-2020,2020,Darcy Ribeiro,Engenharia de Redes de Comunicação (Bacharelado),Diurno,EP_R2_NPPI,EP_R2_NPPI,True,R2,NPPI,False,1.5,-66.201,-66.201,2018-2020,2018,2020,1,Engenharia de Redes de Comunicação (Bacharelado) | Darcy Ribeiro,Engenharia de Redes de Comunicação (Bacharelado) | Diurno,Engenharia de Redes de Comunicação (Bacharelado) | EP_R2_NPPI,Engenharia de Redes de Comunicação (Bacharelado) | Darcy Ribeiro | Diurno,Engenharia de Redes de Comunicação (Bacharelado) | EP_R2_NPPI | Darcy Ribeiro,Engenharia de Redes de Comunicação (Bacharelado) | EP_R2_NPPI | Diurno
2018-2020,2020,Darcy Ribeiro,Engenharia de Redes de Comunicação (Bacharelado),Diurno,CN,CN,False,,NEGROS,False,,-6.137,-4.801,2018-2020,2018,2020,1,Engenharia de Redes de Comunicação (Bacharelado) | Darcy Ribeiro,Engenharia de Redes de Comunicação (Bacharelado) | Diurno,Engenharia de Redes de Comunicação (Bacharelado) | CN,Engenharia de Redes de Comunicação (Bacharelado) | Darcy Ribeiro | Diurno,Engenharia de Redes de Comunicação (Bacharelado) | CN | Darcy Ribeiro,Engenharia de Redes de Comunicação (Bacharelado) | CN | Diurno
2018-2020,2020,Darcy Ribeiro,Engenharia de Redes de Comunicação (Bacharelado),Diurno,AC,AC,False,,,False,,-31.904,55.127,2018-2020,2018,2020,1,Engenharia de Redes de Comunicação (Bacharelado) | Darcy Ribeiro,Engenharia de Redes de Comunicação (Bacharelado) | Diurno,Engenharia de Redes de Comunicação (Bacharelado) | AC,Engenharia de Redes de Comunicação (Bacharelado) | Darcy Ribeiro | Diurno,Engenharia de Redes de Comunicação (Bacharelado) | AC | Darcy Ribeiro,Engenharia de Redes de Comunicação (Bacharelado) | AC | Diurno
2018-2020,2020,Darcy Ribeiro,Estatística (Bacharelado),Diurno,EP_R2_PPI,EP_R2_PPI,True,R2,PPI,False,1.5,0.031,0.031,2018-2020,2018,2020,1,Estatística (Bacharelado) | Darcy Ribeiro,Estatística (Bacharelado) | Diurno,Estatística (Bacharelado) | EP_R2_PPI,Estatística (Bacharelado) | Darcy Ribeiro | Diurno,Estatística (Bacharelado) | EP_R2_PPI | Darcy Ribeiro,Estatística (Bacharelado) | EP_R2_PPI | Diurno
2018-2020,2020,Darcy Ribeiro,Estatística (Bacharelado),Diurno,EP_R2_NPPI,EP_R2_NPPI,True,R2,NPPI,False,1.5,-0.124,-0.124,2018-2020,2018,2020,1,Estatística (Bacharelado) | Darcy Ribeiro,Estatística (Bacharelado) | Diurno,Estatística (Bacharelado) | EP_R2_NPPI,Estatística (Bacharelado) | Darcy Ribeiro | Diurno,Estatística (Bacharelado) | EP_R2_NPPI | Darcy Ribeiro,Estatística (Bacharelado) | EP_R2_NPPI | Diurno
2018-2020,2020,Darcy Ribeiro,Estatística (Bacharelado),Diurno,CN,CN,False,,NEGROS,False,,-42.667,-5.916,2018-2020,2018,2020,1,Estatística (Bacharelado) | Darcy Ribeiro,Estatística (Bacharelado) | Diurno,Estatística (Bacharelado) | CN,Estatística (Bacharelado) | Darcy Ribeiro | Diurno,Estatística (Bacharelado) | CN | Darcy Ribeiro,Estatística (Bacharelado) | CN | Diurno
2018-2020,2020,Darcy Ribeiro,Estatística (Bacharelado),Diurno,AC,AC,False,,,False,,-72.065,57.878,2018-2020,2018,2020,1,Estatística (Bacharelado) | Darcy Ribeiro,Estatística (Bacharelado) | Diurno,Estatística (Bacharelado) | AC,Estatística (Bacharelado) | Darcy Ribeiro | Diurno,Estatística (Bacharelado) | AC | Darcy Ribeiro,Estatística (Bacharelado) | AC | Diurno
2018-2020,2020,Darcy Ribeiro,Farmácia (Bacharelado),Noturno,EP_R1_PPI,EP_R1_PPI,True,R1,PPI,False,1.5,-93.87,-50.055,2018-2020,2018,2020,1,Farmácia (Bacharelado) | Darcy Ribeiro,Farmácia (Bacharelado) | Noturno,Farmácia (Bacharelado) | EP_R1_PPI,Farmácia (Bacharelado) | Darcy Ribeiro | Noturno,Farmácia (Bacharelado) | EP_R1_PPI | Darcy Ribeiro,Farmácia (Bacharelado) | EP_R1_PPI | Noturno
2018-2020,2020,Darcy Ribeiro,Farmácia (Bacharelado),Noturno,EP_R2_PPI,EP_R2_PPI,True,R2,PPI,False,1.5,-77.467,14.729,2018-2020,2018,2020,1,Farmácia (Bacharelado) | Darcy Ribeiro,Farmácia (Bacharelado) | Noturno,Farmácia (Bacharelado) | EP_R2_PPI,Farmácia (Bacharelado) | Darcy Ribeiro | Noturno,Farmácia (Bacharelado) | EP_R2_PPI | Darcy Ribeiro,Farmácia (Bacharelado) | EP_R2_PPI | Noturno
2018-2020,2020,Darcy Ribeiro,Farmácia (Bacharelado),Noturno,EP_R2_NPPI,EP_R2_NPPI,True,R2,NPPI,False,1.5,-84.214,-84.214,2018-2020,2018,2020,1,Farmácia (Bacharelado) | Darcy Ribeiro,Farmácia (Bacharelado) | Noturno,Farmácia (Bacharelado) | EP_R2_NPPI,Farmácia (Bacharelado) | Darcy Ribeiro | Noturno,Farmácia (Bacharelado) | EP_R2_NPPI | Darcy Ribeiro,Farmácia (Bacharelado) | EP_R2_NPPI | Noturno
2018-2020,2020,Darcy Ribeiro,Farmácia (Bacharelado),Noturno,AC,AC,False,,,False,,-81.89,25.212,2018-2020,2018,2020,1,Farmácia (Bacharelado) | Darcy Ribeiro,Farmácia (Bacharelado) | Noturno,Farmácia (Bacharelado) | AC,Farmácia (Bacharelado) | Darcy Ribeiro | Noturno,Farmácia (Bacharelado) | AC | Darcy Ribeiro,Farmácia (Bacharelado) | AC | Noturno
2018-2020,2020,Darcy Ribeiro,Farmácia (Bacharelado),Diurno,EP_R1_PPI,EP_R1_PPI,True,R1,PPI,False,1.5,-56.072,-55.265,2018-2020,2018,2020,1,Farmácia (Bacharelado) | Darcy Ribeiro,Farmácia (Bacharelado) | Diurno,Farmácia (Bacharelado) | EP_R1_PPI,Farmácia (Bacharelado) | Darcy Ribeiro | Diurno,Farmácia (Bacharelado) | EP_R1_PPI | Darcy Ribeiro,Farmácia (Bacharelado) | EP_R1_PPI | Diurno
2018-2020,2020,Darcy Ribeiro,Farmácia (Bacharelado),Diurno,EP_R1_NPPI,EP_R1_NPPI,True,R1,NPPI,False,1.5,-11.157,1.525,2018-2020,2018,2020,1,Farmácia (Bacharelado) | Darcy Ribeiro,Farmácia (Bacharelado) | Diurno,Farmácia (Bacharelado) | EP_R1_NPPI,Farmácia (Bacharelado) | Darcy Ribeiro | Diurno,Farmácia (Bacharelado) | EP_R1_NPPI | Darcy Ribeiro,Farmácia (Bacharelado) | EP_R1_NPPI | Diurno
2018-2020,2020,Darcy Ribeiro,Farmácia (Bacharelado),Diurno,EP_R2_PPI,EP_R2_PPI,True,R2,PPI,False,1.5,-41.496,19.612,2018-2020,2018,2020,1,Farmácia (Bacharelado) | Darcy Ribeiro,Farmácia (Bacharelado) | Diurno,Farmácia (Bacharelado) | EP_R2_PPI,Farmácia (Bacharelado) | Darcy Ribeiro | Diurno,Farmácia (Bacharelado) | EP_R2_PPI | Darcy Ribeiro,Farmácia (Bacharelado) | EP_R2_PPI | Diurno
2018-2020,2020,Darcy Ribeiro,Farmácia (Bacharelado),Diurno,EP_R2_NPPI,EP_R2_NPPI,True,R2,NPPI,False,1.5,-9.63,67.493,2018-2020,2018,2020,1,Farmácia (Bacharelado) | Darcy Ribeiro,Farmácia (Bacharelado) | Diurno,Farmácia (Bacharelado) | EP_R2_NPPI,Farmácia (Bacharelado) | Darcy Ribeiro | Diurno,Farmácia (Bacharelado) | EP_R2_NPPI | Darcy Ribeiro,Farmácia (Bacharelado) | EP_R2_NPPI | Diurno
2018-2020,2020,Darcy Ribeiro,Farmácia (Bacharelado),Diurno,CN,CN,False,,NEGROS,False,,0.785,25.807,2018-2020,2018,2020,1,Farmácia (Bacharelado) | Darcy Ribeiro,Farmácia (Bacharelado) | Diurno,Farmácia (Bacharelado) | CN,Farmácia (Bacharelado) | Darcy Ribeiro | Diurno,Farmácia (Bacharelado) | CN | Darcy Ribeiro,Farmácia (Bacharelado) | CN | Diurno
2018-2020,2020,Darcy Ribeiro,Farmácia (Bacharelado),Diurno,AC,AC,False,,,False,,13.016,75.783,2018-2020,2018,2020,1,Farmácia (Bacharelado) | Darcy Ribeiro,Farmácia (Bacharelado) | Diurno,Farmácia (Bacharelado) | AC,Farmácia (Bacharelado) | Darcy Ribeiro | Diurno,Farmácia (Bacharelado) | AC | Darcy Ribeiro,Farmácia (Bacharelado) | AC | Diurno
2018-2020,2020,Darcy Ribeiro,Filosofia (Bacharelado/Licenciatura),Diurno,EP_R1_NPPI,EP_R1_NPPI,True,R1,NPPI,False,1.5,-16.795,-16.795,2018-2020,2018,2020,1,Filosofia (Bacharelado/Licenciatura) | Darcy Ribeiro,Filosofia (Bacharelado/Licenciatura) | Diurno,Filosofia (Bacharelado/Licenciatura) | EP_R1_NPPI,Filosofia (Bacharelado/Licenciatura) | Darcy Ribeiro | Diurno,Filosofia (Bacharelado/Licenciatura) | EP_R1_NPPI | Darcy Ribeiro,Filosofia (Bacharelado/Licenciatura) | EP_R1_NPPI | Diurno
2018-2020,2020,Darcy Ribeiro,Filosofia (Bacharelado/Licenciatura),Diurno,EP_R2_PPI,EP_R2_PPI,True,R2,PPI,False,1.5,-8.586,-8.586,2018-2020,2018,2020,1,Filosofia (Bacharelado/Licenciatura) | Darcy Ribeiro,Filosofia (Bacharelado/Licenciatura) | Diurno,Filosofia (Bacharelado/Licenciatura) | EP_R2_PPI,Filosofia (Bacharelado/Licenciatura) | Darcy Ribeiro | Diurno,Filosofia (Bacharelado/Licenciatura) | EP_R2_PPI | Darcy Ribeiro,Filosofia (Bacharelado/Licenciatura) | EP_R2_PPI | Diurno
2018-2020,2020,Darcy Ribeiro,Filosofia (Bacharelado/Licenciatura),Diurno,CN,CN,False,,NEGROS,False,,7.704,29.933,2018-2020,2018,2020,1,Filosofia (Bacharelado/Licenciatura) | Darcy Ribeiro,Filosofia (Bacharelado/Licenciatura) | Diurno,Filosofia (Bacharelado/Licenciatura) | CN,Filosofia (Bacharelado/Licenciatura) | Darcy Ribeiro | Diurno,Filosofia (Bacharelado/Licenciatura) | CN | Darcy Ribeiro,Filosofia (Bacharelado/Licenciatura) | CN | Diurno
2018-2020,2020,Darcy Ribeiro,Filosofia (Bacharelado/Licenciatura),Diurno,AC,AC,False,,,False,,-72.833,65.201,2018-2020,2018,2020,1,Filosofia (Bacharelado/Licenciatura) | Darcy Ribeiro,Filosofia (Bacharelado/Licenciatura) | Diurno,Filosofia (Bacharelado/Licenciatura) | AC,Filosofia (Bacharelado/Licenciatura) | Darcy Ribeiro | Diurno,Filosofia (Bacharelado/Licenciatura) | AC | Darcy Ribeiro,Filosofia (Bacharelado/Licenciatura) | AC | Diurno
2018-2020,2020,Darcy Ribeiro,Filosofia (Licenciatura),Noturno,EP_R2_NPPI,EP_R2_NPPI,True,R2,NPPI,False,1.5,-22.521,-22.521,2018-2020,2018,2020,1,Filosofia (Licenciatura) | Darcy Ribeiro,Filosofia (Licenciatura) | Noturno,Filosofia (Licenciatura) | EP_R2_NPPI,Filosofia (Licenciatura) | Darcy Ribeiro | Noturno,Filosofia (Licenciatura) | EP_R2_NPPI | Darcy Ribeiro,Filosofia (Licenciatura) | EP_R2_NPPI | Noturno
2018-2020,2020,Darcy Ribeiro,Física (Bacharelado),Diurno,EP_R1_PPI,EP_R1_PPI,True,R1,PPI,False,1.5,-74.73,-74.73,2018-2020,2018,2020,1,Física (Bacharelado) | Darcy Ribeiro,Física (Bacharelado) | Diurno,Física (Bacharelado) | EP_R1_PPI,Física (Bacharelado) | Darcy Ribeiro | Diurno,Física (Bacharelado) | EP_R1_PPI | Darcy Ribeiro,Física (Bacharelado) | EP_R1_PPI | Diurno
2018-2020,2020,Darcy Ribeiro,Física (Bacharelado),Diurno,EP_R2_PPI,EP_R2_PPI,True,R2,PPI,False,1.5,-45.931,26.603,2018-2020,2018,2020,1,Física (Bacharelado) | Darcy Ribeiro,Física (Bacharelado) | Diurno,Física (Bacharelado) | EP_R2_PPI,Física (Bacharelado) | Darcy Ribeiro | Diurno,Física (Bacharelado) | EP_R2_PPI | Darcy Ribeiro,Física (Bacharelado) | EP_R2_PPI | Diurno
2018-2020,2020,Darcy Ribeiro,Física (Bacharelado),Diurno,EP_R2_NPPI,EP_R2_NPPI,True,R2,NPPI,False,1.5,-11.788,-11.788,2018-2020,2018,2020,1,Física (Bacharelado) | Darcy Ribeiro,Física (Bacharelado) | Diurno,Física (Bacharelado) | EP_R2_NPPI,Física (Bacharelado) | Darcy Ribeiro | Diurno,Física (Bacharelado) | EP_R2_NPPI | Darcy Ribeiro,Física (Bacharelado) | EP_R2_NPPI | Diurno
2018-2020,2020,Darcy Ribeiro,Física (Bacharelado),Diurno,CN,CN,False,,NEGROS,False,,-10.52,128.902,2018-2020,2018,2020,1,Física (Bacharelado) | Darcy Ribeiro,Física (Bacharelado) | Diurno,Física (Bacharelado) | CN,Física (Bacharelado) | Darcy Ribeiro | Diurno,Física (Bacharelado) | CN | Darcy Ribeiro,Física (Bacharelado) | CN | Diurno
2018-2020,2020,Darcy Ribeiro,Física (Bacharelado),Diurno,AC,AC,False,,,False,,-49.177,91.641,2018-2020,2018,2020,1,Física (Bacharelado) | Darcy Ribeiro,Física (Bacharelado) | Diurno,Física (Bacharelado) | AC,Física (Bacharelado) | Darcy Ribeiro | Diurno,Física (Bacharelado) | AC | Darcy Ribeiro,Física (Bacharelado) | AC | Diurno
2018-2020,2020,Darcy Ribeiro,Física (Licenciatura),Noturno,AC,AC,False,,,False,,-14.535,38.883,2018-2020,2018,2020,1,Física (Licenciatura) | Darcy Ribeiro,Física (Licenciatura) | Noturno,Física (Licenciatura) | AC,Física (Licenciatura) | Darcy Ribeiro | Noturno,Física (Licenciatura) | AC | Darcy Ribeiro,Física (Licenciatura) | AC | Noturno
2018-2020,2020,Darcy Ribeiro,Geofísica (Bacharelado),Diurno,EP_R2_PPI,EP_R2_PPI,True,R2,PPI,False,1.5,-20.904,-20.904,2018-2020,2018,2020,1,Geofísica (Bacharelado) | Darcy Ribeiro,Geofísica (Bacharelado) | Diurno,Geofísica (Bacharelado) | EP_R2_PPI,Geofísica (Bacharelado) | Darcy Ribeiro | Diurno,Geofísica (Bacharelado) | EP_R2_PPI | Darcy Ribeiro,Geofísica (Bacharelado) | EP_R2_PPI | Diurno
2018-2020,2020,Darcy Ribeiro,Geofísica (Bacharelado),Diurno,AC,AC,False,,,False,,-82.398,-2.424,2018-2020,2018,2020,1,Geofísica (Bacharelado) | Darcy Ribeiro,Geofísica (Bacharelado) | Diurno,Geofísica (Bacharelado) | AC,Geofísica (Bacharelado) | Darcy Ribeiro | Diurno,Geofísica (Bacharelado) | AC | Darcy Ribeiro,Geofísica (Bacharelado) | AC | Diurno
2018-2020,2020,Darcy Ribeiro,Geografia (Bacharelado/Licenciatura),Diurno,EP_R1_NPPI,EP_R1_NPPI,True,R1,NPPI,False,1.5,-45.35,-45.35,2018-2020,2018,2020,1,Geografia (Bacharelado/Licenciatura) | Darcy Ribeiro,Geografia (Bacharelado/Licenciatura) | Diurno,Geografia (Bacharelado/Licenciatura) | EP_R1_NPPI,Geografia (Bacharelado/Licenciatura) | Darcy Ribeiro | Diurno,Geografia (Bacharelado/Licenciatura) | EP_R1_NPPI | Darcy Ribeiro,Geografia (Bacharelado/Licenciatura) | EP_R1_NPPI | Diurno
2018-2020,2020,Darcy Ribeiro,Geografia (Bacharelado/Licenciatura),Diurno,EP_R2_NPPI,EP_R2_NPPI,True,R2,NPPI,False,1.5,-54.684,-14.787,2018-2020,2018,2020,1,Geografia (Bacharelado/Licenciatura) | Darcy Ribeiro,Geografia (Bacharelado/Licenciatura) | Diurno,Geografia (Bacharelado/Licenciatura) | EP_R2_NPPI,Geografia (Bacharelado/Licenciatura) | Darcy Ribeiro | Diurno,Geografia (Bacharelado/Licenciatura) | EP_R2_NPPI | Darcy Ribeiro,Geografia (Bacharelado/Licenciatura) | EP_R2_NPPI | Diurno
2018-2020,2020,Darcy Ribeiro,Geografia (Bacharelado/Licenciatura),Diurno,CN,CN,False,,NEGROS,False,,-51.632,-41.47,2018-2020,2018,2020,1,Geografia (Bacharelado/Licenciatura) | Darcy Ribeiro,Geografia (Bacharelado/Licenciatura) | Diurno,Geografia (Bacharelado/Licenciatura) | CN,Geografia (Bacharelado/Licenciatura) | Darcy Ribeiro | Diurno,Geografia (Bacharelado/Licenciatura) | CN | Darcy Ribeiro,Geografia (Bacharelado/Licenciatura) | CN | Diurno
2018-2020,2020,Darcy Ribeiro,Geografia (Bacharelado/Licenciatura),Diurno,AC,AC,False,,,False,,-52.004,33.9,2018-2020,2018,2020,1,Geografia (Bacharelado/Licenciatura) | Darcy Ribeiro,Geografia (Bacharelado/Licenciatura) | Diurno,Geografia (Bacharelado/Licenciatura) | AC,Geografia (Bacharelado/Licenciatura) | Darcy Ribeiro | Diurno,Geografia (Bacharelado/Licenciatura) | AC | Darcy Ribeiro,Geografia (Bacharelado/Licenciatura) | AC | Diurno
2018-2020,2020,Darcy Ribeiro,Geologia (Bacharelado),Diurno,EP_R2_NPPI,EP_R2_NPPI,True,R2,NPPI,False,1.5,-28.409,-28.409,2018-2020,2018,2020,1,Geologia (Bacharelado) | Darcy Ribeiro,Geologia (Bacharelado) | Diurno,Geologia (Bacharelado) | EP_R2_NPPI,Geologia (Bacharelado) | Darcy Ribeiro | Diurno,Geologia (Bacharelado) | EP_R2_NPPI | Darcy Ribeiro,Geologia (Bacharelado) | EP_R2_NPPI | Diurno
2018-2020,2020,Darcy Ribeiro,Geologia (Bacharelado),Diurno,AC,AC,False,,,False,,-96.644,38.599,2018-2020,2018,2020,1,Geologia (Bacharelado) | Darcy Ribeiro,Geologia (Bacharelado) | Diurno,Geologia (Bacharelado) | AC,Geologia (Bacharelado) | Darcy Ribeiro | Diurno,Geologia (Bacharelado) | AC | Darcy Ribeiro,Geologia (Bacharelado) | AC | Diurno
2018-2020,2020,Darcy Ribeiro,Gestão de Agronegócio (Bacharelado),Noturno,EP_R2_NPPI,EP_R2_NPPI,True,R2,NPPI,False,1.5,-71.314,-1.139,2018-2020,2018,2020,1,Gestão de Agronegócio (Bacharelado) | Darcy Ribeiro,Gestão de Agronegócio (Bacharelado) | Noturno,Gestão de Agronegócio (Bacharelado) | EP_R2_NPPI,Gestão de Agronegócio (Bacharelado) | Darcy Ribeiro | Noturno,Gestão de Agronegócio (Bacharelado) | EP_R2_NPPI | Darcy Ribeiro,Gestão de Agronegócio (Bacharelado) | EP_R2_NPPI | Noturno
2018-2020,2020,Darcy Ribeiro,Gestão de Agronegócio (Bacharelado),Noturno,CN,CN,False,,NEGROS,False,,-25.521,-25.521,2018-2020,2018,2020,1,Gestão de Agronegócio (Bacharelado) | Darcy Ribeiro,Gestão de Agronegócio (Bacharelado) | Noturno,Gestão de Agronegócio (Bacharelado) | CN,Gestão de Agronegócio (Bacharelado) | Darcy Ribeiro | Noturno,Gestão de Agronegócio (Bacharelado) | CN | Darcy Ribeiro,Gestão de Agronegócio (Bacharelado) | CN | Noturno
2018-2020,2020,Darcy Ribeiro,Gestão de Agronegócio (Bacharelado),Noturno,AC,AC,False,,,False,,-93.752,-40.181,2018-2020,2018,2020,1,Gestão de Agronegócio (Bacharelado) | Darcy Ribeiro,Gestão de Agronegócio (Bacharelado) | Noturno,Gestão de Agronegócio (Bacharelado) | AC,Gestão de Agronegócio (Bacharelado) | Darcy Ribeiro | Noturno,Gestão de Agronegócio (Bacharelado) | AC | Darcy Ribeiro,Gestão de Agronegócio (Bacharelado) | AC | Noturno
2018-2020,2020,Darcy Ribeiro,Gestão de Políticas Públicas (Bacharelado),Noturno,EP_R1_PPI,EP_R1_PPI,True,R1,PPI,False,1.5,-95.963,-57.354,2018-2020,2018,2020,1,Gestão de Políticas Públicas (Bacharelado) | Darcy Ribeiro,Gestão de Políticas Públicas (Bacharelado) | Noturno,Gestão de Políticas Públicas (Bacharelado) | EP_R1_PPI,Gestão de Políticas Públicas (Bacharelado) | Darcy Ribeiro | Noturno,Gestão de Políticas Públicas (Bacharelado) | EP_R1_PPI | Darcy Ribeiro,Gestão de Políticas Públicas (Bacharelado) | EP_R1_PPI | Noturno
2018-2020,2020,Darcy Ribeiro,Gestão de Políticas Públicas (Bacharelado),Noturno,EP_R1_NPPI,EP_R1_NPPI,True,R1,NPPI,False,1.5,-12.548,-12.548,2018-2020,2018,2020,1,Gestão de Políticas Públicas (Bacharelado) | Darcy Ribeiro,Gestão de Políticas Públicas (Bacharelado) | Noturno,Gestão de Políticas Públicas (Bacharelado) | EP_R1_NPPI,Gestão de Políticas Públicas (Bacharelado) | Darcy Ribeiro | Noturno,Gestão de Políticas Públicas (Bacharelado) | EP_R1_NPPI | Darcy Ribeiro,Gestão de Políticas Públicas (Bacharelado) | EP_R1_NPPI | Noturno
2018-2020,2020,Darcy Ribeiro,Gestão de Políticas Públicas (Bacharelado),Noturno,EP_R2_PPI,EP_R2_PPI,True,R2,PPI,False,1.5,-60.85,-6.58,2018-2020,2018,2020,1,Gestão de Políticas Públicas (Bacharelado) | Darcy Ribeiro,Gestão de Políticas Públicas (Bacharelado) | Noturno,Gestão de Políticas Públicas (Bacharelado) | EP_R2_PPI,Gestão de Políticas Públicas (Bacharelado) | Darcy Ribeiro | Noturno,Gestão de Políticas Públicas (Bacharelado) | EP_R2_PPI | Darcy Ribeiro,Gestão de Políticas Públicas (Bacharelado) | EP_R2_PPI | Noturno
2018-2020,2020,Darcy Ribeiro,Gestão de Políticas Públicas (Bacharelado),Noturno,EP_R2_NPPI,EP_R2_NPPI,True,R2,NPPI,False,1.5,-43.785,-6.373,2018-2020,2018,2020,1,Gestão de Políticas Públicas (Bacharelado) | Darcy Ribeiro,Gestão de Políticas Públicas (Bacharelado) | Noturno,Gestão de Políticas Públicas (Bacharelado) | EP_R2_NPPI,Gestão de Políticas Públicas (Bacharelado) | Darcy Ribeiro | Noturno,Gestão de Políticas Públicas (Bacharelado) | EP_R2_NPPI | Darcy Ribeiro,Gestão de Políticas Públicas (Bacharelado) | EP_R2_NPPI | Noturno
2018-2020,2020,Darcy Ribeiro,Gestão de Políticas Públicas (Bacharelado),Noturno,CN,CN,False,,NEGROS,False,,-20.13,24.96,2018-2020,2018,2020,1,Gestão de Políticas Públicas (Bacharelado) | Darcy Ribeiro,Gestão de Políticas Públicas (Bacharelado) | Noturno,Gestão de Políticas Públicas (Bacharelado) | CN,Gestão de Políticas Públicas (Bacharelado) | Darcy Ribeiro | Noturno,Gestão de Políticas Públicas (Bacharelado) | CN | Darcy Ribeiro,Gestão de Políticas Públicas (Bacharelado) | CN | Noturno
2018-2020,2020,Darcy Ribeiro,Gestão de Políticas Públicas (Bacharelado),Noturno,AC,AC,False,,,False,,-72.389,73.386,2018-2020,2018,2020,1,Gestão de Políticas Públicas (Bacharelado) | Darcy Ribeiro,Gestão de Políticas Públicas (Bacharelado) | Noturno,Gestão de Políticas Públicas (Bacharelado) | AC,Gestão de Políticas Públicas (Bacharelado) | Darcy Ribeiro | Noturno,Gestão de Políticas Públicas (Bacharelado) | AC | Darcy Ribeiro,Gestão de Políticas Públicas (Bacharelado) | AC | Noturno
2018-2020,2020,Darcy Ribeiro,História (Bacharelado/Licenciatura),Diurno,EP_R1_PPI,EP_R1_PPI,True,R1,PPI,False,1.5,5.759,24.413,2018-2020,2018,2020,1,História (Bacharelado/Licenciatura) | Darcy Ribeiro,História (Bacharelado/Licenciatura) | Diurno,História (Bacharelado/Licenciatura) | EP_R1_PPI,História (Bacharelado/Licenciatura) | Darcy Ribeiro | Diurno,História (Bacharelado/Licenciatura) | EP_R1_PPI | Darcy Ribeiro,História (Bacharelado/Licenciatura) | EP_R1_PPI | Diurno
2018-2020,2020,Darcy Ribeiro,História (Bacharelado/Licenciatura),Diurno,EP_R1_NPPI,EP_R1_NPPI,True,R1,NPPI,False,1.5,-8.107,18.517,2018-2020,2018,2020,1,História (Bacharelado/Licenciatura) | Darcy Ribeiro,História (Bacharelado/Licenciatura) | Diurno,História (Bacharelado/Licenciatura) | EP_R1_NPPI,História (Bacharelado/Licenciatura) | Darcy Ribeiro | Diurno,História (Bacharelado/Licenciatura) | EP_R1_NPPI | Darcy Ribeiro,História (Bacharelado/Licenciatura) | EP_R1_NPPI | Diurno
2018-2020,2020,Darcy Ribeiro,História (Bacharelado/Licenciatura),Diurno,EP_R2_PPI,EP_R2_PPI,True,R2,PPI,False,1.5,-17.943,11.17,2018-2020,2018,2020,1,História (Bacharelado/Licenciatura) | Darcy Ribeiro,História (Bacharelado/Licenciatura) | Diurno,História (Bacharelado/Licenciatura) | EP_R2_PPI,História (Bacharelado/Licenciatura) | Darcy Ribeiro | Diurno,História (Bacharelado/Licenciatura) | EP_R2_PPI | Darcy Ribeiro,História (Bacharelado/Licenciatura) | EP_R2_PPI | Diurno
2018-2020,2020,Darcy Ribeiro,História (Bacharelado/Licenciatura),Diurno,EP_R2_NPPI,EP_R2_NPPI,True,R2,NPPI,False,1.5,6.108,45.889,2018-2020,2018,2020,1,História (Bacharelado/Licenciatura) | Darcy Ribeiro,História (Bacharelado/Licenciatura) | Diurno,História (Bacharelado/Licenciatura) | EP_R2_NPPI,História (Bacharelado/Licenciatura) | Darcy Ribeiro | Diurno,História (Bacharelado/Licenciatura) | EP_R2_NPPI | Darcy Ribeiro,História (Bacharelado/Licenciatura) | EP_R2_NPPI | Diurno
2018-2020,2020,Darcy Ribeiro,História (Bacharelado/Licenciatura),Diurno,CN,CN,False,,NEGROS,False,,25.571,48.115,2018-2020,2018,2020,1,História (Bacharelado/Licenciatura) | Darcy Ribeiro,História (Bacharelado/Licenciatura) | Diurno,História (Bacharelado/Licenciatura) | CN,História (Bacharelado/Licenciatura) | Darcy Ribeiro | Diurno,História (Bacharelado/Licenciatura) | CN | Darcy Ribeiro,História (Bacharelado/Licenciatura) | CN | Diurno
2018-2020,2020,Darcy Ribeiro,História (Bacharelado/Licenciatura),Diurno,AC,AC,False,,,False,,4.468,99.466,2018-2020,2018,2020,1,História (Bacharelado/Licenciatura) | Darcy Ribeiro,História (Bacharelado/Licenciatura) | Diurno,História (Bacharelado/Licenciatura) | AC,História (Bacharelado/Licenciatura) | Darcy Ribeiro | Diurno,História (Bacharelado/Licenciatura) | AC | Darcy Ribeiro,História (Bacharelado/Licenciatura) | AC | Diurno
2018-2020,2020,Darcy Ribeiro,História (Licenciatura),Noturno,EP_R1_PPI,EP_R1_PPI,True,R1,PPI,False,1.5,-48.659,-25.066,2018-2020,2018,2020,1,História (Licenciatura) | Darcy Ribeiro,História (Licenciatura) | Noturno,História (Licenciatura) | EP_R1_PPI,História (Licenciatura) | Darcy Ribeiro | Noturno,História (Licenciatura) | EP_R1_PPI | Darcy Ribeiro,História (Licenciatura) | EP_R1_PPI | Noturno
2018-2020,2020,Darcy Ribeiro,História (Licenciatura),Noturno,EP_R1_NPPI,EP_R1_NPPI,True,R1,NPPI,False,1.5,-66.834,-66.834,2018-2020,2018,2020,1,História (Licenciatura) | Darcy Ribeiro,História (Licenciatura) | Noturno,História (Licenciatura) | EP_R1_NPPI,História (Licenciatura) | Darcy Ribeiro | Noturno,História (Licenciatura) | EP_R1_NPPI | Darcy Ribeiro,História (Licenciatura) | EP_R1_NPPI | Noturno
2018-2020,2020,Darcy Ribeiro,História (Licenciatura),Noturno,EP_R2_PPI,EP_R2_PPI,True,R2,PPI,False,1.5,-61.065,15.096,2018-2020,2018,2020,1,História (Licenciatura) | Darcy Ribeiro,História (Licenciatura) | Noturno,História (Licenciatura) | EP_R2_PPI,História (Licenciatura) | Darcy Ribeiro | Noturno,História (Licenciatura) | EP_R2_PPI | Darcy Ribeiro,História (Licenciatura) | EP_R2_PPI | Noturno
2018-2020,2020,Darcy Ribeiro,História (Licenciatura),Noturno,EP_R2_NPPI,EP_R2_NPPI,True,R2,NPPI,False,1.5,-68.468,42.212,2018-2020,2018,2020,1,História (Licenciatura) | Darcy Ribeiro,História (Licenciatura) | Noturno,História (Licenciatura) | EP_R2_NPPI,História (Licenciatura) | Darcy Ribeiro | Noturno,História (Licenciatura) | EP_R2_NPPI | Darcy Ribeiro,História (Licenciatura) | EP_R2_NPPI | Noturno
2018-2020,2020,Darcy Ribeiro,História (Licenciatura),Noturno,CN,CN,False,,NEGROS,False,,-59.895,-59.895,2018-2020,2018,2020,1,História (Licenciatura) | Darcy Ribeiro,História (Licenciatura) | Noturno,História (Licenciatura) | CN,História (Licenciatura) | Darcy Ribeiro | Noturno,História (Licenciatura) | CN | Darcy Ribeiro,História (Licenciatura) | CN | Noturno
2018-2020,2020,Darcy Ribeiro,História (Licenciatura),Noturno,AC,AC,False,,,False,,-56.349,60.754,2018-2020,2018,2020,1,História (Licenciatura) | Darcy Ribeiro,História (Licenciatura) | Noturno,História (Licenciatura) | AC,História (Licenciatura) | Darcy Ribeiro | Noturno,História (Licenciatura) | AC | Darcy Ribeiro,História (Licenciatura) | AC | Noturno
2018-2020,2020,Darcy Ribeiro,Japonês (Licenciatura),Noturno,CN,CN,False,,NEGROS,False,,-70.486,-70.486,2018-2020,2018,2020,1,Japonês (Licenciatura) | Darcy Ribeiro,Japonês (Licenciatura) | Noturno,Japonês (Licenciatura) | CN,Japonês (Licenciatura) | Darcy Ribeiro | Noturno,Japonês (Licenciatura) | CN | Darcy Ribeiro,Japonês (Licenciatura) | CN | Noturno
2018-2020,2020,Darcy Ribeiro,Japonês (Licenciatura),Noturno,AC,AC,False,,,False,,-60.848,-60.848,2018-2020,2018,2020,1,Japonês (Licenciatura) | Darcy Ribeiro,Japonês (Licenciatura) | Noturno,Japonês (Licenciatura) | AC,Japonês (Licenciatura) | Darcy Ribeiro | Noturno,Japonês (Licenciatura) | AC | Darcy Ribeiro,Japonês (Licenciatura) | AC | Noturno
2018-2020,2020,Darcy Ribeiro,Jornalismo (Bacharelado),Diurno,EP_R1_PPI,EP_R1_PPI,True,R1,PPI,False,1.5,-45.399,-22.287,2018-2020,2018,2020,1,Jornalismo (Bacharelado) | Darcy Ribeiro,Jornalismo (Bacharelado) | Diurno,Jornalismo (Bacharelado) | EP_R1_PPI,Jornalismo (Bacharelado) | Darcy Ribeiro | Diurno,Jornalismo (Bacharelado) | EP_R1_PPI | Darcy Ribeiro,Jornalismo (Bacharelado) | EP_R1_PPI | Diurno
2018-2020,2020,Darcy Ribeiro,Jornalismo (Bacharelado),Diurno,EP_R1_NPPI,EP_R1_NPPI,True,R1,NPPI,False,1.5,-9.001,-8.705,2018-2020,2018,2020,1,Jornalismo (Bacharelado) | Darcy Ribeiro,Jornalismo (Bacharelado) | Diurno,Jornalismo (Bacharelado) | EP_R1_NPPI,Jornalismo (Bacharelado) | Darcy Ribeiro | Diurno,Jornalismo (Bacharelado) | EP_R1_NPPI | Darcy Ribeiro,Jornalismo (Bacharelado) | EP_R1_NPPI | Diurno
2018-2020,2020,Darcy Ribeiro,Jornalismo (Bacharelado),Diurno,EP_R2_PPI,EP_R2_PPI,True,R2,PPI,False,1.5,-5.212,13.931,2018-2020,2018,2020,1,Jornalismo (Bacharelado) | Darcy Ribeiro,Jornalismo (Bacharelado) | Diurno,Jornalismo (Bacharelado) | EP_R2_PPI,Jornalismo (Bacharelado) | Darcy Ribeiro | Diurno,Jornalismo (Bacharelado) | EP_R2_PPI | Darcy Ribeiro,Jornalismo (Bacharelado) | EP_R2_PPI | Diurno
2018-2020,2020,Darcy Ribeiro,Jornalismo (Bacharelado),Diurno,EP_R2_NPPI,EP_R2_NPPI,True,R2,NPPI,False,1.5,7.89,26.716,2018-2020,2018,2020,1,Jornalismo (Bacharelado) | Darcy Ribeiro,Jornalismo (Bacharelado) | Diurno,Jornalismo (Bacharelado) | EP_R2_NPPI,Jornalismo (Bacharelado) | Darcy Ribeiro | Diurno,Jornalismo (Bacharelado) | EP_R2_NPPI | Darcy Ribeiro,Jornalismo (Bacharelado) | EP_R2_NPPI | Diurno
2018-2020,2020,Darcy Ribeiro,Jornalismo (Bacharelado),Diurno,CN,CN,False,,NEGROS,False,,14.706,26.97,2018-2020,2018,2020,1,Jornalismo (Bacharelado) | Darcy Ribeiro,Jornalismo (Bacharelado) | Diurno,Jornalismo (Bacharelado) | CN,Jornalismo (Bacharelado) | Darcy Ribeiro | Diurno,Jornalismo (Bacharelado) | CN | Darcy Ribeiro,Jornalismo (Bacharelado) | CN | Diurno
2018-2020,2020,Darcy Ribeiro,Jornalismo (Bacharelado),Diurno,AC,AC,False,,,False,,81.255,115.406,2018-2020,2018,2020,1,Jornalismo (Bacharelado) | Darcy Ribeiro,Jornalismo (Bacharelado) | Diurno,Jornalismo (Bacharelado) | AC,Jornalismo (Bacharelado) | Darcy Ribeiro | Diurno,Jornalismo (Bacharelado) | AC | Darcy Ribeiro,Jornalismo (Bacharelado) | AC | Diurno
2018-2020,2020,Darcy Ribeiro,Letras - Espanhol (Licenciatura),Noturno,EP_R1_PPI,EP_R1_PPI,True,R1,PPI,False,1.5,-44.303,-44.303,2018-2020,2018,2020,1,Letras - Espanhol (Licenciatura) | Darcy Ribeiro,Letras - Espanhol (Licenciatura) | Noturno,Letras - Espanhol (Licenciatura) | EP_R1_PPI,Letras - Espanhol (Licenciatura) | Darcy Ribeiro | Noturno,Letras - Espanhol (Licenciatura) | EP_R1_PPI | Darcy Ribeiro,Letras - Espanhol (Licenciatura) | EP_R1_PPI | Noturno
2018-2020,2020,Darcy Ribeiro,Letras - Espanhol (Licenciatura),Noturno,EP_R2_NPPI,EP_R2_NPPI,True,R2,NPPI,False,1.5,-41.243,-37.835,2018-2020,2018,2020,1,Letras - Espanhol (Licenciatura) | Darcy Ribeiro,Letras - Espanhol (Licenciatura) | Noturno,Letras - Espanhol (Licenciatura) | EP_R2_NPPI,Letras - Espanhol (Licenciatura) | Darcy Ribeiro | Noturno,Letras - Espanhol (Licenciatura) | EP_R2_NPPI | Darcy Ribeiro,Letras - Espanhol (Licenciatura) | EP_R2_NPPI | Noturno
2018-2020,2020,Darcy Ribeiro,Letras - Espanhol (Licenciatura),Noturno,AC,AC,False,,,False,,-55.012,-5.413,2018-2020,2018,2020,1,Letras - Espanhol (Licenciatura) | Darcy Ribeiro,Letras - Espanhol (Licenciatura) | Noturno,Letras - Espanhol (Licenciatura) | AC,Letras - Espanhol (Licenciatura) | Darcy Ribeiro | Noturno,Letras - Espanhol (Licenciatura) | AC | Darcy Ribeiro,Letras - Espanhol (Licenciatura) | AC | Noturno
2018-2020,2020,Darcy Ribeiro,Letras - Francês (Bacharelado/Licenciatura),Diurno,EP_R2_PPI,EP_R2_PPI,True,R2,PPI,False,1.5,-20.959,-20.877,2018-2020,2018,2020,1,Letras - Francês (Bacharelado/Licenciatura) | Darcy Ribeiro,Letras - Francês (Bacharelado/Licenciatura) | Diurno,Letras - Francês (Bacharelado/Licenciatura) | EP_R2_PPI,Letras - Francês (Bacharelado/Licenciatura) | Darcy Ribeiro | Diurno,Letras - Francês (Bacharelado/Licenciatura) | EP_R2_PPI | Darcy Ribeiro,Letras - Francês (Bacharelado/Licenciatura) | EP_R2_PPI | Diurno
2018-2020,2020,Darcy Ribeiro,Letras - Francês (Bacharelado/Licenciatura),Diurno,EP_R2_NPPI,EP_R2_NPPI,True,R2,NPPI,False,1.5,-20.18,-20.18,2018-2020,2018,2020,1,Letras - Francês (Bacharelado/Licenciatura) | Darcy Ribeiro,Letras - Francês (Bacharelado/Licenciatura) | Diurno,Letras - Francês (Bacharelado/Licenciatura) | EP_R2_NPPI,Letras - Francês (Bacharelado/Licenciatura) | Darcy Ribeiro | Diurno,Letras - Francês (Bacharelado/Licenciatura) | EP_R2_NPPI | Darcy Ribeiro,Letras - Francês (Bacharelado/Licenciatura) | EP_R2_NPPI | Diurno
2018-2020,2020,Darcy Ribeiro,Letras - Francês (Bacharelado/Licenciatura),Diurno,CN,CN,False,,NEGROS,False,,-84.371,-84.371,2018-2020,2018,2020,1,Letras - Francês (Bacharelado/Licenciatura) | Darcy Ribeiro,Letras - Francês (Bacharelado/Licenciatura) | Diurno,Letras - Francês (Bacharelado/Licenciatura) | CN,Letras - Francês (Bacharelado/Licenciatura) | Darcy Ribeiro | Diurno,Letras - Francês (Bacharelado/Licenciatura) | CN | Darcy Ribeiro,Letras - Francês (Bacharelado/Licenciatura) | CN | Diurno
2018-2020,2020,Darcy Ribeiro,Letras - Francês (Bacharelado/Licenciatura),Diurno,AC,AC,False,,,False,,-55.891,5.252,2018-2020,2018,2020,1,Letras - Francês (Bacharelado/Licenciatura) | Darcy Ribeiro,Letras - Francês (Bacharelado/Licenciatura) | Diurno,Letras - Francês (Bacharelado/Licenciatura) | AC,Letras - Francês (Bacharelado/Licenciatura) | Darcy Ribeiro | Diurno,Letras - Francês (Bacharelado/Licenciatura) | AC | Darcy Ribeiro,Letras - Francês (Bacharelado/Licenciatura) | AC | Diurno
2018-2020,2020,Darcy Ribeiro,Letras - Inglês (Bacharelado/Licenciatura),Diurno,EP_R1_PPI,EP_R1_PPI,True,R1,PPI,False,1.5,6.406,6.406,2018-2020,2018,2020,1,Letras - Inglês (Bacharelado/Licenciatura) | Darcy Ribeiro,Letras - Inglês (Bacharelado/Licenciatura) | Diurno,Letras - Inglês (Bacharelado/Licenciatura) | EP_R1_PPI,Letras - Inglês (Bacharelado/Licenciatura) | Darcy Ribeiro | Diurno,Letras - Inglês (Bacharelado/Licenciatura) | EP_R1_PPI | Darcy Ribeiro,Letras - Inglês (Bacharelado/Licenciatura) | EP_R1_PPI | Diurno
2018-2020,2020,Darcy Ribeiro,Letras - Inglês (Bacharelado/Licenciatura),Diurno,EP_R1_NPPI,EP_R1_NPPI,True,R1,NPPI,False,1.5,-17.712,25.713,2018-2020,2018,2020,1,Letras - Inglês (Bacharelado/Licenciatura) | Darcy Ribeiro,Letras - Inglês (Bacharelado/Licenciatura) | Diurno,Letras - Inglês (Bacharelado/Licenciatura) | EP_R1_NPPI,Letras - Inglês (Bacharelado/Licenciatura) | Darcy Ribeiro | Diurno,Letras - Inglês (Bacharelado/Licenciatura) | EP_R1_NPPI | Darcy Ribeiro,Letras - Inglês (Bacharelado/Licenciatura) | EP_R1_NPPI | Diurno
2018-2020,2020,Darcy Ribeiro,Letras - Inglês (Bacharelado/Licenciatura),Diurno,EP_R2_PPI,EP_R2_PPI,True,R2,PPI,False,1.5,-63.889,-9.992,2018-2020,2018,2020,1,Letras - Inglês (Bacharelado/Licenciatura) | Darcy Ribeiro,Letras - Inglês (Bacharelado/Licenciatura) | Diurno,Letras - Inglês (Bacharelado/Licenciatura) | EP_R2_PPI,Letras - Inglês (Bacharelado/Licenciatura) | Darcy Ribeiro | Diurno,Letras - Inglês (Bacharelado/Licenciatura) | EP_R2_PPI | Darcy Ribeiro,Letras - Inglês (Bacharelado/Licenciatura) | EP_R2_PPI | Diurno
2018-2020,2020,Darcy Ribeiro,Letras - Inglês (Bacharelado/Licenciatura),Diurno,EP_R2_NPPI,EP_R2_NPPI,True,R2,NPPI,False,1.5,14.039,21.415,2018-2020,2018,2020,1,Letras - Inglês (Bacharelado/Licenciatura) | Darcy Ribeiro,Letras - Inglês (Bacharelado/Licenciatura) | Diurno,Letras - Inglês (Bacharelado/Licenciatura) | EP_R2_NPPI,Letras - Inglês (Bacharelado/Licenciatura) | Darcy Ribeiro | Diurno,Letras - Inglês (Bacharelado/Licenciatura) | EP_R2_NPPI | Darcy Ribeiro,Letras - Inglês (Bacharelado/Licenciatura) | EP_R2_NPPI | Diurno
2018-2020,2020,Darcy Ribeiro,Letras - Inglês (Bacharelado/Licenciatura),Diurno,CN,CN,False,,NEGROS,False,,-52.719,-40.613,2018-2020,2018,2020,1,Letras - Inglês (Bacharelado/Licenciatura) | Darcy Ribeiro,Letras - Inglês (Bacharelado/Licenciatura) | Diurno,Letras - Inglês (Bacharelado/Licenciatura) | CN,Letras - Inglês (Bacharelado/Licenciatura) | Darcy Ribeiro | Diurno,Letras - Inglês (Bacharelado/Licenciatura) | CN | Darcy Ribeiro,Letras - Inglês (Bacharelado/Licenciatura) | CN | Diurno
2018-2020,2020,Darcy Ribeiro,Letras - Inglês (Bacharelado/Licenciatura),Diurno,AC,AC,False,,,False,,-10.253,20.671,2018-2020,2018,2020,1,Letras - Inglês (Bacharelado/Licenciatura) | Darcy Ribeiro,Letras - Inglês (Bacharelado/Licenciatura) | Diurno,Letras - Inglês (Bacharelado/Licenciatura) | AC,Letras - Inglês (Bacharelado/Licenciatura) | Darcy Ribeiro | Diurno,Letras - Inglês (Bacharelado/Licenciatura) | AC | Darcy Ribeiro,Letras - Inglês (Bacharelado/Licenciatura) | AC | Diurno
2018-2020,2020,Darcy Ribeiro,Letras - Português (Bacharelado/Licenciatura),Diurno,EP_R1_PPI,EP_R1_PPI,True,R1,PPI,False,1.5,-39.486,-31.425,2018-2020,2018,2020,1,Letras - Português (Bacharelado/Licenciatura) | Darcy Ribeiro,Letras - Português (Bacharelado/Licenciatura) | Diurno,Letras - Português (Bacharelado/Licenciatura) | EP_R1_PPI,Letras - Português (Bacharelado/Licenciatura) | Darcy Ribeiro | Diurno,Letras - Português (Bacharelado/Licenciatura) | EP_R1_PPI | Darcy Ribeiro,Letras - Português (Bacharelado/Licenciatura) | EP_R1_PPI | Diurno
2018-2020,2020,Darcy Ribeiro,Letras - Português (Bacharelado/Licenciatura),Diurno,EP_R1_NPPI,EP_R1_NPPI,True,R1,NPPI,False,1.5,-16.876,-16.876,2018-2020,2018,2020,1,Letras - Português (Bacharelado/Licenciatura) | Darcy Ribeiro,Letras - Português (Bacharelado/Licenciatura) | Diurno,Letras - Português (Bacharelado/Licenciatura) | EP_R1_NPPI,Letras - Português (Bacharelado/Licenciatura) | Darcy Ribeiro | Diurno,Letras - Português (Bacharelado/Licenciatura) | EP_R1_NPPI | Darcy Ribeiro,Letras - Português (Bacharelado/Licenciatura) | EP_R1_NPPI | Diurno
2018-2020,2020,Darcy Ribeiro,Letras - Português (Bacharelado/Licenciatura),Diurno,EP_R2_PPI,EP_R2_PPI,True,R2,PPI,False,1.5,-71.639,18.495,2018-2020,2018,2020,1,Letras - Português (Bacharelado/Licenciatura) | Darcy Ribeiro,Letras - Português (Bacharelado/Licenciatura) | Diurno,Letras - Português (Bacharelado/Licenciatura) | EP_R2_PPI,Letras - Português (Bacharelado/Licenciatura) | Darcy Ribeiro | Diurno,Letras - Português (Bacharelado/Licenciatura) | EP_R2_PPI | Darcy Ribeiro,Letras - Português (Bacharelado/Licenciatura) | EP_R2_PPI | Diurno
2018-2020,2020,Darcy Ribeiro,Letras - Português (Bacharelado/Licenciatura),Diurno,EP_R2_NPPI,EP_R2_NPPI,True,R2,NPPI,False,1.5,-29.217,73.365,2018-2020,2018,2020,1,Letras - Português (Bacharelado/Licenciatura) | Darcy Ribeiro,Letras - Português (Bacharelado/Licenciatura) | Diurno,Letras - Português (Bacharelado/Licenciatura) | EP_R2_NPPI,Letras - Português (Bacharelado/Licenciatura) | Darcy Ribeiro | Diurno,Letras - Português (Bacharelado/Licenciatura) | EP_R2_NPPI | Darcy Ribeiro,Letras - Português (Bacharelado/Licenciatura) | EP_R2_NPPI | Diurno
2018-2020,2020,Darcy Ribeiro,Letras - Português (Bacharelado/Licenciatura),Diurno,CN,CN,False,,NEGROS,False,,-46.766,-21.415,2018-2020,2018,2020,1,Letras - Português (Bacharelado/Licenciatura) | Darcy Ribeiro,Letras - Português (Bacharelado/Licenciatura) | Diurno,Letras - Português (Bacharelado/Licenciatura) | CN,Letras - Português (Bacharelado/Licenciatura) | Darcy Ribeiro | Diurno,Letras - Português (Bacharelado/Licenciatura) | CN | Darcy Ribeiro,Letras - Português (Bacharelado/Licenciatura) | CN | Diurno
2018-2020,2020,Darcy Ribeiro,Letras - Português (Bacharelado/Licenciatura),Diurno,AC,AC,False,,,False,,-25.6,59.203,2018-2020,2018,2020,1,Letras - Português (Bacharelado/Licenciatura) | Darcy Ribeiro,Letras - Português (Bacharelado/Licenciatura) | Diurno,Letras - Português (Bacharelado/Licenciatura) | AC,Letras - Português (Bacharelado/Licenciatura) | Darcy Ribeiro | Diurno,Letras - Português (Bacharelado/Licenciatura) | AC | Darcy Ribeiro,Letras - Português (Bacharelado/Licenciatura) | AC | Diurno
2018-2020,2020,Darcy Ribeiro,Letras - Português (Licenciatura),Noturno,EP_R2_NPPI,EP_R2_NPPI,True,R2,NPPI,False,1.5,-3.889,18.043,2018-2020,2018,2020,1,Letras - Português (Licenciatura) | Darcy Ribeiro,Letras - Português (Licenciatura) | Noturno,Letras - Português (Licenciatura) | EP_R2_NPPI,Letras - Português (Licenciatura) | Darcy Ribeiro | Noturno,Letras - Português (Licenciatura) | EP_R2_NPPI | Darcy Ribeiro,Letras - Português (Licenciatura) | EP_R2_NPPI | Noturno
2018-2020,2020,Darcy Ribeiro,Letras - Português (Licenciatura),Noturno,AC,AC,False,,,False,,-54.535,1.714,2018-2020,2018,2020,1,Letras - Português (Licenciatura) | Darcy Ribeiro,Letras - Português (Licenciatura) | Noturno,Letras - Português (Licenciatura) | AC,Letras - Português (Licenciatura) | Darcy Ribeiro | Noturno,Letras - Português (Licenciatura) | AC | Darcy Ribeiro,Letras - Português (Licenciatura) | AC | Noturno
2018-2020,2020,Darcy Ribeiro,Letras – Português do Brasil como Segunda Língua (Licenciatura),Diurno,EP_R1_NPPI,EP_R1_NPPI,True,R1,NPPI,False,1.5,-17.594,-17.594,2018-2020,2018,2020,1,Letras – Português do Brasil como Segunda Língua (Licenciatura) | Darcy Ribeiro,Letras – Português do Brasil como Segunda Língua (Licenciatura) | Diurno,Letras – Português do Brasil como Segunda Língua (Licenciatura) | EP_R1_NPPI,Letras – Português do Brasil como Segunda Língua (Licenciatura) | Darcy Ribeiro | Diurno,Letras – Português do Brasil como Segunda Língua (Licenciatura) | EP_R1_NPPI | Darcy Ribeiro,Letras – Português do Brasil como Segunda Língua (Licenciatura) | EP_R1_NPPI | Diurno
2018-2020,2020,Darcy Ribeiro,Letras – Português do Brasil como Segunda Língua (Licenciatura),Diurno,EP_R2_PPI,EP_R2_PPI,True,R2,PPI,False,1.5,-83.522,-50.615,2018-2020,2018,2020,1,Letras – Português do Brasil como Segunda Língua (Licenciatura) | Darcy Ribeiro,Letras – Português do Brasil como Segunda Língua (Licenciatura) | Diurno,Letras – Português do Brasil como Segunda Língua (Licenciatura) | EP_R2_PPI,Letras – Português do Brasil como Segunda Língua (Licenciatura) | Darcy Ribeiro | Diurno,Letras – Português do Brasil como Segunda Língua (Licenciatura) | EP_R2_PPI | Darcy Ribeiro,Letras – Português do Brasil como Segunda Língua (Licenciatura) | EP_R2_PPI | Diurno
2018-2020,2020,Darcy Ribeiro,Letras – Português do Brasil como Segunda Língua (Licenciatura),Diurno,EP_R2_NPPI,EP_R2_NPPI,True,R2,NPPI,False,1.5,-24.411,-24.411,2018-2020,2018,2020,1,Letras – Português do Brasil como Segunda Língua (Licenciatura) | Darcy Ribeiro,Letras – Português do Brasil como Segunda Língua (Licenciatura) | Diurno,Letras – Português do Brasil como Segunda Língua (Licenciatura) | EP_R2_NPPI,Letras – Português do Brasil como Segunda Língua (Licenciatura) | Darcy Ribeiro | Diurno,Letras – Português do Brasil como Segunda Língua (Licenciatura) | EP_R2_NPPI | Darcy Ribeiro,Letras – Português do Brasil como Segunda Língua (Licenciatura) | EP_R2_NPPI | Diurno
2018-2020,2020,Darcy Ribeiro,Letras – Português do Brasil como Segunda Língua (Licenciatura),Diurno,AC,AC,False,,,False,,-65.683,30.297,2018-2020,2018,2020,1,Letras – Português do Brasil como Segunda Língua (Licenciatura) | Darcy Ribeiro,Letras – Português do Brasil como Segunda Língua (Licenciatura) | Diurno,Letras – Português do Brasil como Segunda Língua (Licenciatura) | AC,Letras – Português do Brasil como Segunda Língua (Licenciatura) | Darcy Ribeiro | Diurno,Letras – Português do Brasil como Segunda Língua (Licenciatura) | AC | Darcy Ribeiro,Letras – Português do Brasil como Segunda Língua (Licenciatura) | AC | Diurno
2018-2020,2020,Darcy Ribeiro,Letras – Tradução – Espanhol (Bacharelado),Noturno,EP_R1_PPI,EP_R1_PPI,True,R1,PPI,False,1.5,-45.083,-45.083,2018-2020,2018,2020,1,Letras – Tradução – Espanhol (Bacharelado) | Darcy Ribeiro,Letras – Tradução – Espanhol (Bacharelado) | Noturno,Letras – Tradução – Espanhol (Bacharelado) | EP_R1_PPI,Letras – Tradução – Espanhol (Bacharelado) | Darcy Ribeiro | Noturno,Letras – Tradução – Espanhol (Bacharelado) | EP_R1_PPI | Darcy Ribeiro,Letras – Tradução – Espanhol (Bacharelado) | EP_R1_PPI | Noturno
2018-2020,2020,Darcy Ribeiro,Letras – Tradução – Espanhol (Bacharelado),Noturno,EP_R2_PPI,EP_R2_PPI,True,R2,PPI,False,1.5,-26.219,-26.219,2018-2020,2018,2020,1,Letras – Tradução – Espanhol (Bacharelado) | Darcy Ribeiro,Letras – Tradução – Espanhol (Bacharelado) | Noturno,Letras – Tradução – Espanhol (Bacharelado) | EP_R2_PPI,Letras – Tradução – Espanhol (Bacharelado) | Darcy Ribeiro | Noturno,Letras – Tradução – Espanhol (Bacharelado) | EP_R2_PPI | Darcy Ribeiro,Letras – Tradução – Espanhol (Bacharelado) | EP_R2_PPI | Noturno
2018-2020,2020,Darcy Ribeiro,Letras – Tradução – Espanhol (Bacharelado),Noturno,EP_R2_NPPI,EP_R2_NPPI,True,R2,NPPI,False,1.5,-49.61,-49.61,2018-2020,2018,2020,1,Letras – Tradução – Espanhol (Bacharelado) | Darcy Ribeiro,Letras – Tradução – Espanhol (Bacharelado) | Noturno,Letras – Tradução – Espanhol (Bacharelado) | EP_R2_NPPI,Letras – Tradução – Espanhol (Bacharelado) | Darcy Ribeiro | Noturno,Letras – Tradução – Espanhol (Bacharelado) | EP_R2_NPPI | Darcy Ribeiro,Letras – Tradução – Espanhol (Bacharelado) | EP_R2_NPPI | Noturno
2018-2020,2020,Darcy Ribeiro,Letras – Tradução – Espanhol (Bacharelado),Noturno,AC,AC,False,,,False,,-37.809,-20.326,2018-2020,2018,2020,1,Letras – Tradução – Espanhol (Bacharelado) | Darcy Ribeiro,Letras – Tradução – Espanhol (Bacharelado) | Noturno,Letras – Tradução – Espanhol (Bacharelado) | AC,Letras – Tradução – Espanhol (Bacharelado) | Darcy Ribeiro | Noturno,Letras – Tradução – Espanhol (Bacharelado) | AC | Darcy Ribeiro,Letras – Tradução – Espanhol (Bacharelado) | AC | Noturno
2018-2020,2020,Darcy Ribeiro,Letras – Tradução – Francês (Bacharelado),Diurno,EP_R2_PPI,EP_R2_PPI,True,R2,PPI,False,1.5,-28.725,-28.725,2018-2020,2018,2020,1,Letras – Tradução – Francês (Bacharelado) | Darcy Ribeiro,Letras – Tradução – Francês (Bacharelado) | Diurno,Letras – Tradução – Francês (Bacharelado) | EP_R2_PPI,Letras – Tradução – Francês (Bacharelado) | Darcy Ribeiro | Diurno,Letras – Tradução – Francês (Bacharelado) | EP_R2_PPI | Darcy Ribeiro,Letras – Tradução – Francês (Bacharelado) | EP_R2_PPI | Diurno
2018-2020,2020,Darcy Ribeiro,Letras – Tradução – Francês (Bacharelado),Diurno,AC,AC,False,,,False,,-67.216,-67.216,2018-2020,2018,2020,1,Letras – Tradução – Francês (Bacharelado) | Darcy Ribeiro,Letras – Tradução – Francês (Bacharelado) | Diurno,Letras – Tradução – Francês (Bacharelado) | AC,Letras – Tradução – Francês (Bacharelado) | Darcy Ribeiro | Diurno,Letras – Tradução – Francês (Bacharelado) | AC | Darcy Ribeiro,Letras – Tradução – Francês (Bacharelado) | AC | Diurno
2018-2020,2020,Darcy Ribeiro,Letras – Tradução – Inglês (Bacharelado),Diurno,EP_R2_NPPI,EP_R2_NPPI,True,R2,NPPI,False,1.5,-66.721,14.502,2018-2020,2018,2020,1,Letras – Tradução – Inglês (Bacharelado) | Darcy Ribeiro,Letras – Tradução – Inglês (Bacharelado) | Diurno,Letras – Tradução – Inglês (Bacharelado) | EP_R2_NPPI,Letras – Tradução – Inglês (Bacharelado) | Darcy Ribeiro | Diurno,Letras – Tradução – Inglês (Bacharelado) | EP_R2_NPPI | Darcy Ribeiro,Letras – Tradução – Inglês (Bacharelado) | EP_R2_NPPI | Diurno
2018-2020,2020,Darcy Ribeiro,Letras – Tradução – Inglês (Bacharelado),Diurno,CN,CN,False,,NEGROS,False,,-50.511,-13.166,2018-2020,2018,2020,1,Letras – Tradução – Inglês (Bacharelado) | Darcy Ribeiro,Letras – Tradução – Inglês (Bacharelado) | Diurno,Letras – Tradução – Inglês (Bacharelado) | CN,Letras – Tradução – Inglês (Bacharelado) | Darcy Ribeiro | Diurno,Letras – Tradução – Inglês (Bacharelado) | CN | Darcy Ribeiro,Letras – Tradução – Inglês (Bacharelado) | CN | Diurno
2018-2020,2020,Darcy Ribeiro,Letras – Tradução – Inglês (Bacharelado),Diurno,AC,AC,False,,,False,,-73.348,38.784,2018-2020,2018,2020,1,Letras – Tradução – Inglês (Bacharelado) | Darcy Ribeiro,Letras – Tradução – Inglês (Bacharelado) | Diurno,Letras – Tradução – Inglês (Bacharelado) | AC,Letras – Tradução – Inglês (Bacharelado) | Darcy Ribeiro | Diurno,Letras – Tradução – Inglês (Bacharelado) | AC | Darcy Ribeiro,Letras – Tradução – Inglês (Bacharelado) | AC | Diurno
2018-2020,2020,Darcy Ribeiro,Línguas Estrangeiras Aplicadas (Bacharelado),Diurno,EP_R1_PPI,EP_R1_PPI,True,R1,PPI,False,1.5,-25.614,-25.614,2018-2020,2018,2020,1,Línguas Estrangeiras Aplicadas (Bacharelado) | Darcy Ribeiro,Línguas Estrangeiras Aplicadas (Bacharelado) | Diurno,Línguas Estrangeiras Aplicadas (Bacharelado) | EP_R1_PPI,Línguas Estrangeiras Aplicadas (Bacharelado) | Darcy Ribeiro | Diurno,Línguas Estrangeiras Aplicadas (Bacharelado) | EP_R1_PPI | Darcy Ribeiro,Línguas Estrangeiras Aplicadas (Bacharelado) | EP_R1_PPI | Diurno
2018-2020,2020,Darcy Ribeiro,Línguas Estrangeiras Aplicadas (Bacharelado),Diurno,EP_R1_NPPI,EP_R1_NPPI,True,R1,NPPI,False,1.5,-2.767,-2.767,2018-2020,2018,2020,1,Línguas Estrangeiras Aplicadas (Bacharelado) | Darcy Ribeiro,Línguas Estrangeiras Aplicadas (Bacharelado) | Diurno,Línguas Estrangeiras Aplicadas (Bacharelado) | EP_R1_NPPI,Línguas Estrangeiras Aplicadas (Bacharelado) | Darcy Ribeiro | Diurno,Línguas Estrangeiras Aplicadas (Bacharelado) | EP_R1_NPPI | Darcy Ribeiro,Línguas Estrangeiras Aplicadas (Bacharelado) | EP_R1_NPPI | Diurno
2018-2020,2020,Darcy Ribeiro,Línguas Estrangeiras Aplicadas (Bacharelado),Diurno,EP_R2_NPPI,EP_R2_NPPI,True,R2,NPPI,False,1.5,-48.698,-10.814,2018-2020,2018,2020,1,Línguas Estrangeiras Aplicadas (Bacharelado) | Darcy Ribeiro,Línguas Estrangeiras Aplicadas (Bacharelado) | Diurno,Línguas Estrangeiras Aplicadas (Bacharelado) | EP_R2_NPPI,Línguas Estrangeiras Aplicadas (Bacharelado) | Darcy Ribeiro | Diurno,Línguas Estrangeiras Aplicadas (Bacharelado) | EP_R2_NPPI | Darcy Ribeiro,Línguas Estrangeiras Aplicadas (Bacharelado) | EP_R2_NPPI | Diurno
2018-2020,2020,Darcy Ribeiro,Línguas Estrangeiras Aplicadas (Bacharelado),Diurno,AC,AC,False,,,False,,-54.738,59.227,2018-2020,2018,2020,1,Línguas Estrangeiras Aplicadas (Bacharelado) | Darcy Ribeiro,Línguas Estrangeiras Aplicadas (Bacharelado) | Diurno,Línguas Estrangeiras Aplicadas (Bacharelado) | AC,Línguas Estrangeiras Aplicadas (Bacharelado) | Darcy Ribeiro | Diurno,Línguas Estrangeiras Aplicadas (Bacharelado) | AC | Darcy Ribeiro,Línguas Estrangeiras Aplicadas (Bacharelado) | AC | Diurno
2018-2020,2020,Darcy Ribeiro,Matemática (Bacharelado/Licenciatura),Diurno,EP_R1_PPI,EP_R1_PPI,True,R1,PPI,False,1.5,-1.016,32.712,2018-2020,2018,2020,1,Matemática (Bacharelado/Licenciatura) | Darcy Ribeiro,Matemática (Bacharelado/Licenciatura) | Diurno,Matemática (Bacharelado/Licenciatura) | EP_R1_PPI,Matemática (Bacharelado/Licenciatura) | Darcy Ribeiro | Diurno,Matemática (Bacharelado/Licenciatura) | EP_R1_PPI | Darcy Ribeiro,Matemática (Bacharelado/Licenciatura) | EP_R1_PPI | Diurno
2018-2020,2020,Darcy Ribeiro,Matemática (Bacharelado/Licenciatura),Diurno,EP_R1_NPPI,EP_R1_NPPI,True,R1,NPPI,False,1.5,-96.948,-96.948,2018-2020,2018,2020,1,Matemática (Bacharelado/Licenciatura) | Darcy Ribeiro,Matemática (Bacharelado/Licenciatura) | Diurno,Matemática (Bacharelado/Licenciatura) | EP_R1_NPPI,Matemática (Bacharelado/Licenciatura) | Darcy Ribeiro | Diurno,Matemática (Bacharelado/Licenciatura) | EP_R1_NPPI | Darcy Ribeiro,Matemática (Bacharelado/Licenciatura) | EP_R1_NPPI | Diurno
2018-2020,2020,Darcy Ribeiro,Matemática (Bacharelado/Licenciatura),Diurno,EP_R2_PPI,EP_R2_PPI,True,R2,PPI,False,1.5,-54.452,-2.143,2018-2020,2018,2020,1,Matemática (Bacharelado/Licenciatura) | Darcy Ribeiro,Matemática (Bacharelado/Licenciatura) | Diurno,Matemática (Bacharelado/Licenciatura) | EP_R2_PPI,Matemática (Bacharelado/Licenciatura) | Darcy Ribeiro | Diurno,Matemática (Bacharelado/Licenciatura) | EP_R2_PPI | Darcy Ribeiro,Matemática (Bacharelado/Licenciatura) | EP_R2_PPI | Diurno
2018-2020,2020,Darcy Ribeiro,Matemática (Bacharelado/Licenciatura),Diurno,EP_R2_NPPI,EP_R2_NPPI,True,R2,NPPI,False,1.5,-42.476,6.428,2018-2020,2018,2020,1,Matemática (Bacharelado/Licenciatura) | Darcy Ribeiro,Matemática (Bacharelado/Licenciatura) | Diurno,Matemática (Bacharelado/Licenciatura) | EP_R2_NPPI,Matemática (Bacharelado/Licenciatura) | Darcy Ribeiro | Diurno,Matemática (Bacharelado/Licenciatura) | EP_R2_NPPI | Darcy Ribeiro,Matemática (Bacharelado/Licenciatura) | EP_R2_NPPI | Diurno
2018-2020,2020,Darcy Ribeiro,Matemática (Bacharelado/Licenciatura),Diurno,CN,CN,False,,NEGROS,False,,-78.171,-78.171,2018-2020,2018,2020,1,Matemática (Bacharelado/Licenciatura) | Darcy Ribeiro,Matemática (Bacharelado/Licenciatura) | Diurno,Matemática (Bacharelado/Licenciatura) | CN,Matemática (Bacharelado/Licenciatura) | Darcy Ribeiro | Diurno,Matemática (Bacharelado/Licenciatura) | CN | Darcy Ribeiro,Matemática (Bacharelado/Licenciatura) | CN | Diurno
2018-2020,2020,Darcy Ribeiro,Matemática (Bacharelado/Licenciatura),Diurno,AC,AC,False,,,False,,-74.606,79.364,2018-2020,2018,2020,1,Matemática (Bacharelado/Licenciatura) | Darcy Ribeiro,Matemática (Bacharelado/Licenciatura) | Diurno,Matemática (Bacharelado/Licenciatura) | AC,Matemática (Bacharelado/Licenciatura) | Darcy Ribeiro | Diurno,Matemática (Bacharelado/Licenciatura) | AC | Darcy Ribeiro,Matemática (Bacharelado/Licenciatura) | AC | Diurno
2018-2020,2020,Darcy Ribeiro,Matemática (Licenciatura),Noturno,AC,AC,False,,,False,,-44.481,-44.481,2018-2020,2018,2020,1,Matemática (Licenciatura) | Darcy Ribeiro,Matemática (Licenciatura) | Noturno,Matemática (Licenciatura) | AC,Matemática (Licenciatura) | Darcy Ribeiro | Noturno,Matemática (Licenciatura) | AC | Darcy Ribeiro,Matemática (Licenciatura) | AC | Noturno
2018-2020,2020,Darcy Ribeiro,Medicina (Bacharelado),Diurno,EP_R1_PPI,EP_R1_PPI,True,R1,PPI,False,1.5,28.975,94.939,2018-2020,2018,2020,1,Medicina (Bacharelado) | Darcy Ribeiro,Medicina (Bacharelado) | Diurno,Medicina (Bacharelado) | EP_R1_PPI,Medicina (Bacharelado) | Darcy Ribeiro | Diurno,Medicina (Bacharelado) | EP_R1_PPI | Darcy Ribeiro,Medicina (Bacharelado) | EP_R1_PPI | Diurno
2018-2020,2020,Darcy Ribeiro,Medicina (Bacharelado),Diurno,EP_R1_PPI_PCD,EP_R1_PPI_PCD,True,R1,PPI,True,1.5,-40.024,-40.024,2018-2020,2018,2020,1,Medicina (Bacharelado) | Darcy Ribeiro,Medicina (Bacharelado) | Diurno,Medicina (Bacharelado) | EP_R1_PPI_PCD,Medicina (Bacharelado) | Darcy Ribeiro | Diurno,Medicina (Bacharelado) | EP_R1_PPI_PCD | Darcy Ribeiro,Medicina (Bacharelado) | EP_R1_PPI_PCD | Diurno
2018-2020,2020,Darcy Ribeiro,Medicina (Bacharelado),Diurno,EP_R1_NPPI,EP_R1_NPPI,True,R1,NPPI,False,1.5,93.731,117.434,2018-2020,2018,2020,1,Medicina (Bacharelado) | Darcy Ribeiro,Medicina (Bacharelado) | Diurno,Medicina (Bacharelado) | EP_R1_NPPI,Medicina (Bacharelado) | Darcy Ribeiro | Diurno,Medicina (Bacharelado) | EP_R1_NPPI | Darcy Ribeiro,Medicina (Bacharelado) | EP_R1_NPPI | Diurno
2018-2020,2020,Darcy Ribeiro,Medicina (Bacharelado),Diurno,EP_R2_PPI,EP_R2_PPI,True,R2,PPI,False,1.5,101.453,124.97,2018-2020,2018,2020,1,Medicina (Bacharelado) | Darcy Ribeiro,Medicina (Bacharelado) | Diurno,Medicina (Bacharelado) | EP_R2_PPI,Medicina (Bacharelado) | Darcy Ribeiro | Diurno,Medicina (Bacharelado) | EP_R2_PPI | Darcy Ribeiro,Medicina (Bacharelado) | EP_R2_PPI | Diurno
2018-2020,2020,Darcy Ribeiro,Medicina (Bacharelado),Diurno,EP_R2_NPPI,EP_R2_NPPI,True,R2,NPPI,False,1.5,137.999,190.592,2018-2020,2018,2020,1,Medicina (Bacharelado) | Darcy Ribeiro,Medicina (Bacharelado) | Diurno,Medicina (Bacharelado) | EP_R2_NPPI,Medicina (Bacharelado) | Darcy Ribeiro | Diurno,Medicina (Bacharelado) | EP_R2_NPPI | Darcy Ribeiro,Medicina (Bacharelado) | EP_R2_NPPI | Diurno
2018-2020,2020,Darcy Ribeiro,Medicina (Bacharelado),Diurno,CN,CN,False,,NEGROS,False,,157.264,157.983,2018-2020,2018,2020,1,Medicina (Bacharelado) | Darcy Ribeiro,Medicina (Bacharelado) | Diurno,Medicina (Bacharelado) | CN,Medicina (Bacharelado) | Darcy Ribeiro | Diurno,Medicina (Bacharelado) | CN | Darcy Ribeiro,Medicina (Bacharelado) | CN | Diurno
2018-2020,2020,Darcy Ribeiro,Medicina (Bacharelado),Diurno,AC,AC,False,,,False,,164.861,190.742,2018-2020,2018,2020,1,Medicina (Bacharelado) | Darcy Ribeiro,Medicina (Bacharelado) | Diurno,Medicina (Bacharelado) | AC,Medicina (Bacharelado) | Darcy Ribeiro | Diurno,Medicina (Bacharelado) | AC | Darcy Ribeiro,Medicina (Bacharelado) | AC | Diurno
2018-2020,2020,Darcy Ribeiro,Medicina Veterinária (Bacharelado),Diurno,EP_R1_PPI,EP_R1_PPI,True,R1,PPI,False,1.5,-20.268,43.442,2018-2020,2018,2020,1,Medicina Veterinária (Bacharelado) | Darcy Ribeiro,Medicina Veterinária (Bacharelado) | Diurno,Medicina Veterinária (Bacharelado) | EP_R1_PPI,Medicina Veterinária (Bacharelado) | Darcy Ribeiro | Diurno,Medicina Veterinária (Bacharelado) | EP_R1_PPI | Darcy Ribeiro,Medicina Veterinária (Bacharelado) | EP_R1_PPI | Diurno
2018-2020,2020,Darcy Ribeiro,Medicina Veterinária (Bacharelado),Diurno,EP_R1_NPPI,EP_R1_NPPI,True,R1,NPPI,False,1.5,22.149,44.794,2018-2020,2018,2020,1,Medicina Veterinária (Bacharelado) | Darcy Ribeiro,Medicina Veterinária (Bacharelado) | Diurno,Medicina Veterinária (Bacharelado) | EP_R1_NPPI,Medicina Veterinária (Bacharelado) | Darcy Ribeiro | Diurno,Medicina Veterinária (Bacharelado) | EP_R1_NPPI | Darcy Ribeiro,Medicina Veterinária (Bacharelado) | EP_R1_NPPI | Diurno
2018-2020,2020,Darcy Ribeiro,Medicina Veterinária (Bacharelado),Diurno,EP_R2_PPI,EP_R2_PPI,True,R2,PPI,False,1.5,5.198,25.608,2018-2020,2018,2020,1,Medicina Veterinária (Bacharelado) | Darcy Ribeiro,Medicina Veterinária (Bacharelado) | Diurno,Medicina Veterinária (Bacharelado) | EP_R2_PPI,Medicina Veterinária (Bacharelado) | Darcy Ribeiro | Diurno,Medicina Veterinária (Bacharelado) | EP_R2_PPI | Darcy Ribeiro,Medicina Veterinária (Bacharelado) | EP_R2_PPI | Diurno
2018-2020,2020,Darcy Ribeiro,Medicina Veterinária (Bacharelado),Diurno,EP_R2_NPPI,EP_R2_NPPI,True,R2,NPPI,False,1.5,20.855,70.061,2018-2020,2018,2020,1,Medicina Veterinária (Bacharelado) | Darcy Ribeiro,Medicina Veterinária (Bacharelado) | Diurno,Medicina Veterinária (Bacharelado) | EP_R2_NPPI,Medicina Veterinária (Bacharelado) | Darcy Ribeiro | Diurno,Medicina Veterinária (Bacharelado) | EP_R2_NPPI | Darcy Ribeiro,Medicina Veterinária (Bacharelado) | EP_R2_NPPI | Diurno
2018-2020,2020,Darcy Ribeiro,Medicina Veterinária (Bacharelado),Diurno,CN,CN,False,,NEGROS,False,,47.566,86.323,2018-2020,2018,2020,1,Medicina Veterinária (Bacharelado) | Darcy Ribeiro,Medicina Veterinária (Bacharelado) | Diurno,Medicina Veterinária (Bacharelado) | CN,Medicina Veterinária (Bacharelado) | Darcy Ribeiro | Diurno,Medicina Veterinária (Bacharelado) | CN | Darcy Ribeiro,Medicina Veterinária (Bacharelado) | CN | Diurno
2018-2020,2020,Darcy Ribeiro,Medicina Veterinária (Bacharelado),Diurno,AC,AC,False,,,False,,50.187,118.151,2018-2020,2018,2020,1,Medicina Veterinária (Bacharelado) | Darcy Ribeiro,Medicina Veterinária (Bacharelado) | Diurno,Medicina Veterinária (Bacharelado) | AC,Medicina Veterinária (Bacharelado) | Darcy Ribeiro | Diurno,Medicina Veterinária (Bacharelado) | AC | Darcy Ribeiro,Medicina Veterinária (Bacharelado) | AC | Diurno
2018-2020,2020,Darcy Ribeiro,Museologia (Bacharelado),Diurno,EP_R1_NPPI,EP_R1_NPPI,True,R1,NPPI,False,1.5,-54.777,-54.777,2018-2020,2018,2020,1,Museologia (Bacharelado) | Darcy Ribeiro,Museologia (Bacharelado) | Diurno,Museologia (Bacharelado) | EP_R1_NPPI,Museologia (Bacharelado) | Darcy Ribeiro | Diurno,Museologia (Bacharelado) | EP_R1_NPPI | Darcy Ribeiro,Museologia (Bacharelado) | EP_R1_NPPI | Diurno
2018-2020,2020,Darcy Ribeiro,Museologia (Bacharelado),Diurno,EP_R2_NPPI,EP_R2_NPPI,True,R2,NPPI,False,1.5,-86.04,-63.772,2018-2020,2018,2020,1,Museologia (Bacharelado) | Darcy Ribeiro,Museologia (Bacharelado) | Diurno,Museologia (Bacharelado) | EP_R2_NPPI,Museologia (Bacharelado) | Darcy Ribeiro | Diurno,Museologia (Bacharelado) | EP_R2_NPPI | Darcy Ribeiro,Museologia (Bacharelado) | EP_R2_NPPI | Diurno
2018-2020,2020,Darcy Ribeiro,Museologia (Bacharelado),Diurno,CN,CN,False,,NEGROS,False,,-68.311,-68.311,2018-2020,2018,2020,1,Museologia (Bacharelado) | Darcy Ribeiro,Museologia (Bacharelado) | Diurno,Museologia (Bacharelado) | CN,Museologia (Bacharelado) | Darcy Ribeiro | Diurno,Museologia (Bacharelado) | CN | Darcy Ribeiro,Museologia (Bacharelado) | CN | Diurno
2018-2020,2020,Darcy Ribeiro,Museologia (Bacharelado),Diurno,AC,AC,False,,,False,,-63.96,42.048,2018-2020,2018,2020,1,Museologia (Bacharelado) | Darcy Ribeiro,Museologia (Bacharelado) | Diurno,Museologia (Bacharelado) | AC,Museologia (Bacharelado) | Darcy Ribeiro | Diurno,Museologia (Bacharelado) | AC | Darcy Ribeiro,Museologia (Bacharelado) | AC | Diurno
2018-2020,2020,Darcy Ribeiro,Música (Bacharelado),Diurno,AC,AC,False,,,False,,-29.764,-29.764,2018-2020,2018,2020,1,Música (Bacharelado) | Darcy Ribeiro,Música (Bacharelado) | Diurno,Música (Bacharelado) | AC,Música (Bacharelado) | Darcy Ribeiro | Diurno,Música (Bacharelado) | AC | Darcy Ribeiro,Música (Bacharelado) | AC | Diurno
2018-2020,2020,Darcy Ribeiro,Música (Licenciatura),Diurno,AC,AC,False,,,False,,-66.315,-66.315,2018-2020,2018,2020,1,Música (Licenciatura) | Darcy Ribeiro,Música (Licenciatura) | Diurno,Música (Licenciatura) | AC,Música (Licenciatura) | Darcy Ribeiro | Diurno,Música (Licenciatura) | AC | Darcy Ribeiro,Música (Licenciatura) | AC | Diurno
2018-2020,2020,Darcy Ribeiro,Nutrição (Bacharelado),Diurno,EP_R1_PPI,EP_R1_PPI,True,R1,PPI,False,1.5,-65.619,-1.114,2018-2020,2018,2020,1,Nutrição (Bacharelado) | Darcy Ribeiro,Nutrição (Bacharelado) | Diurno,Nutrição (Bacharelado) | EP_R1_PPI,Nutrição (Bacharelado) | Darcy Ribeiro | Diurno,Nutrição (Bacharelado) | EP_R1_PPI | Darcy Ribeiro,Nutrição (Bacharelado) | EP_R1_PPI | Diurno
2018-2020,2020,Darcy Ribeiro,Nutrição (Bacharelado),Diurno,EP_R1_NPPI,EP_R1_NPPI,True,R1,NPPI,False,1.5,-16.923,-11.802,2018-2020,2018,2020,1,Nutrição (Bacharelado) | Darcy Ribeiro,Nutrição (Bacharelado) | Diurno,Nutrição (Bacharelado) | EP_R1_NPPI,Nutrição (Bacharelado) | Darcy Ribeiro | Diurno,Nutrição (Bacharelado) | EP_R1_NPPI | Darcy Ribeiro,Nutrição (Bacharelado) | EP_R1_NPPI | Diurno
2018-2020,2020,Darcy Ribeiro,Nutrição (Bacharelado),Diurno,EP_R2_PPI,EP_R2_PPI,True,R2,PPI,False,1.5,-6.959,42.128,2018-2020,2018,2020,1,Nutrição (Bacharelado) | Darcy Ribeiro,Nutrição (Bacharelado) | Diurno,Nutrição (Bacharelado) | EP_R2_PPI,Nutrição (Bacharelado) | Darcy Ribeiro | Diurno,Nutrição (Bacharelado) | EP_R2_PPI | Darcy Ribeiro,Nutrição (Bacharelado) | EP_R2_PPI | Diurno
2018-2020,2020,Darcy Ribeiro,Nutrição (Bacharelado),Diurno,EP_R2_NPPI,EP_R2_NPPI,True,R2,NPPI,False,1.5,41.689,53.407,2018-2020,2018,2020,1,Nutrição (Bacharelado) | Darcy Ribeiro,Nutrição (Bacharelado) | Diurno,Nutrição (Bacharelado) | EP_R2_NPPI,Nutrição (Bacharelado) | Darcy Ribeiro | Diurno,Nutrição (Bacharelado) | EP_R2_NPPI | Darcy Ribeiro,Nutrição (Bacharelado) | EP_R2_NPPI | Diurno
2018-2020,2020,Darcy Ribeiro,Nutrição (Bacharelado),Diurno,CN,CN,False,,NEGROS,False,,3.338,26.599,2018-2020,2018,2020,1,Nutrição (Bacharelado) | Darcy Ribeiro,Nutrição (Bacharelado) | Diurno,Nutrição (Bacharelado) | CN,Nutrição (Bacharelado) | Darcy Ribeiro | Diurno,Nutrição (Bacharelado) | CN | Darcy Ribeiro,Nutrição (Bacharelado) | CN | Diurno
2018-2020,2020,Darcy Ribeiro,Nutrição (Bacharelado),Diurno,AC,AC,False,,,False,,26.002,130.595,2018-2020,2018,2020,1,Nutrição (Bacharelado) | Darcy Ribeiro,Nutrição (Bacharelado) | Diurno,Nutrição (Bacharelado) | AC,Nutrição (Bacharelado) | Darcy Ribeiro | Diurno,Nutrição (Bacharelado) | AC | Darcy Ribeiro,Nutrição (Bacharelado) | AC | Diurno
2018-2020,2020,Darcy Ribeiro,Odontologia (Bacharelado),Diurno,EP_R1_PPI,EP_R1_PPI,True,R1,PPI,False,1.5,-48.765,42.043,2018-2020,2018,2020,1,Odontologia (Bacharelado) | Darcy Ribeiro,Odontologia (Bacharelado) | Diurno,Odontologia (Bacharelado) | EP_R1_PPI,Odontologia (Bacharelado) | Darcy Ribeiro | Diurno,Odontologia (Bacharelado) | EP_R1_PPI | Darcy Ribeiro,Odontologia (Bacharelado) | EP_R1_PPI | Diurno
2018-2020,2020,Darcy Ribeiro,Odontologia (Bacharelado),Diurno,EP_R1_NPPI,EP_R1_NPPI,True,R1,NPPI,False,1.5,21.849,57.888,2018-2020,2018,2020,1,Odontologia (Bacharelado) | Darcy Ribeiro,Odontologia (Bacharelado) | Diurno,Odontologia (Bacharelado) | EP_R1_NPPI,Odontologia (Bacharelado) | Darcy Ribeiro | Diurno,Odontologia (Bacharelado) | EP_R1_NPPI | Darcy Ribeiro,Odontologia (Bacharelado) | EP_R1_NPPI | Diurno
2018-2020,2020,Darcy Ribeiro,Odontologia (Bacharelado),Diurno,EP_R2_PPI,EP_R2_PPI,True,R2,PPI,False,1.5,29.357,66.986,2018-2020,2018,2020,1,Odontologia (Bacharelado) | Darcy Ribeiro,Odontologia (Bacharelado) | Diurno,Odontologia (Bacharelado) | EP_R2_PPI,Odontologia (Bacharelado) | Darcy Ribeiro | Diurno,Odontologia (Bacharelado) | EP_R2_PPI | Darcy Ribeiro,Odontologia (Bacharelado) | EP_R2_PPI | Diurno
2018-2020,2020,Darcy Ribeiro,Odontologia (Bacharelado),Diurno,EP_R2_NPPI,EP_R2_NPPI,True,R2,NPPI,False,1.5,30.482,58.714,2018-2020,2018,2020,1,Odontologia (Bacharelado) | Darcy Ribeiro,Odontologia (Bacharelado) | Diurno,Odontologia (Bacharelado) | EP_R2_NPPI,Odontologia (Bacharelado) | Darcy Ribeiro | Diurno,Odontologia (Bacharelado) | EP_R2_NPPI | Darcy Ribeiro,Odontologia (Bacharelado) | EP_R2_NPPI | Diurno
2018-2020,2020,Darcy Ribeiro,Odontologia (Bacharelado),Diurno,CN,CN,False,,NEGROS,False,,78.514,98.713,2018-2020,2018,2020,1,Odontologia (Bacharelado) | Darcy Ribeiro,Odontologia (Bacharelado) | Diurno,Odontologia (Bacharelado) | CN,Odontologia (Bacharelado) | Darcy Ribeiro | Diurno,Odontologia (Bacharelado) | CN | Darcy Ribeiro,Odontologia (Bacharelado) | CN | Diurno
2018-2020,2020,Darcy Ribeiro,Odontologia (Bacharelado),Diurno,AC,AC,False,,,False,,49.534,136.8,2018-2020,2018,2020,1,Odontologia (Bacharelado) | Darcy Ribeiro,Odontologia (Bacharelado) | Diurno,Odontologia (Bacharelado) | AC,Odontologia (Bacharelado) | Darcy Ribeiro | Diurno,Odontologia (Bacharelado) | AC | Darcy Ribeiro,Odontologia (Bacharelado) | AC | Diurno
2018-2020,2020,Darcy Ribeiro,Pedagogia (Licenciatura),Diurno,EP_R1_PPI,EP_R1_PPI,True,R1,PPI,False,1.5,-81.497,2.447,2018-2020,2018,2020,1,Pedagogia (Licenciatura) | Darcy Ribeiro,Pedagogia (Licenciatura) | Diurno,Pedagogia (Licenciatura) | EP_R1_PPI,Pedagogia (Licenciatura) | Darcy Ribeiro | Diurno,Pedagogia (Licenciatura) | EP_R1_PPI | Darcy Ribeiro,Pedagogia (Licenciatura) | EP_R1_PPI | Diurno
2018-2020,2020,Darcy Ribeiro,Pedagogia (Licenciatura),Diurno,EP_R1_NPPI,EP_R1_NPPI,True,R1,NPPI,False,1.5,-78.056,3.175,2018-2020,2018,2020,1,Pedagogia (Licenciatura) | Darcy Ribeiro,Pedagogia (Licenciatura) | Diurno,Pedagogia (Licenciatura) | EP_R1_NPPI,Pedagogia (Licenciatura) | Darcy Ribeiro | Diurno,Pedagogia (Licenciatura) | EP_R1_NPPI | Darcy Ribeiro,Pedagogia (Licenciatura) | EP_R1_NPPI | Diurno
2018-2020,2020,Darcy Ribeiro,Pedagogia (Licenciatura),Diurno,EP_R2_PPI,EP_R2_PPI,True,R2,PPI,False,1.5,-81.223,-8.872,2018-2020,2018,2020,1,Pedagogia (Licenciatura) | Darcy Ribeiro,Pedagogia (Licenciatura) | Diurno,Pedagogia (Licenciatura) | EP_R2_PPI,Pedagogia (Licenciatura) | Darcy Ribeiro | Diurno,Pedagogia (Licenciatura) | EP_R2_PPI | Darcy Ribeiro,Pedagogia (Licenciatura) | EP_R2_PPI | Diurno
2018-2020,2020,Darcy Ribeiro,Pedagogia (Licenciatura),Diurno,EP_R2_NPPI,EP_R2_NPPI,True,R2,NPPI,False,1.5,-76.273,-1.675,2018-2020,2018,2020,1,Pedagogia (Licenciatura) | Darcy Ribeiro,Pedagogia (Licenciatura) | Diurno,Pedagogia (Licenciatura) | EP_R2_NPPI,Pedagogia (Licenciatura) | Darcy Ribeiro | Diurno,Pedagogia (Licenciatura) | EP_R2_NPPI | Darcy Ribeiro,Pedagogia (Licenciatura) | EP_R2_NPPI | Diurno
2018-2020,2020,Darcy Ribeiro,Pedagogia (Licenciatura),Diurno,CN,CN,False,,NEGROS,False,,-89.114,7.463,2018-2020,2018,2020,1,Pedagogia (Licenciatura) | Darcy Ribeiro,Pedagogia (Licenciatura) | Diurno,Pedagogia (Licenciatura) | CN,Pedagogia (Licenciatura) | Darcy Ribeiro | Diurno,Pedagogia (Licenciatura) | CN | Darcy Ribeiro,Pedagogia (Licenciatura) | CN | Diurno
2018-2020,2020,Darcy Ribeiro,Pedagogia (Licenciatura),Diurno,AC,AC,False,,,False,,-65.666,20.859,2018-2020,2018,2020,1,Pedagogia (Licenciatura) | Darcy Ribeiro,Pedagogia (Licenciatura) | Diurno,Pedagogia (Licenciatura) | AC,Pedagogia (Licenciatura) | Darcy Ribeiro | Diurno,Pedagogia (Licenciatura) | AC | Darcy Ribeiro,Pedagogia (Licenciatura) | AC | Diurno
2018-2020,2020,Darcy Ribeiro,Pedagogia (Licenciatura),Noturno,EP_R1_NPPI,EP_R1_NPPI,True,R1,NPPI,False,1.5,-55.369,-30.436,2018-2020,2018,2020,1,Pedagogia (Licenciatura) | Darcy Ribeiro,Pedagogia (Licenciatura) | Noturno,Pedagogia (Licenciatura) | EP_R1_NPPI,Pedagogia (Licenciatura) | Darcy Ribeiro | Noturno,Pedagogia (Licenciatura) | EP_R1_NPPI | Darcy Ribeiro,Pedagogia (Licenciatura) | EP_R1_NPPI | Noturno
2018-2020,2020,Darcy Ribeiro,Pedagogia (Licenciatura),Noturno,EP_R2_PPI,EP_R2_PPI,True,R2,PPI,False,1.5,-87.878,-15.856,2018-2020,2018,2020,1,Pedagogia (Licenciatura) | Darcy Ribeiro,Pedagogia (Licenciatura) | Noturno,Pedagogia (Licenciatura) | EP_R2_PPI,Pedagogia (Licenciatura) | Darcy Ribeiro | Noturno,Pedagogia (Licenciatura) | EP_R2_PPI | Darcy Ribeiro,Pedagogia (Licenciatura) | EP_R2_PPI | Noturno
2018-2020,2020,Darcy Ribeiro,Pedagogia (Licenciatura),Noturno,EP_R2_NPPI,EP_R2_NPPI,True,R2,NPPI,False,1.5,-62.118,-25.054,2018-2020,2018,2020,1,Pedagogia (Licenciatura) | Darcy Ribeiro,Pedagogia (Licenciatura) | Noturno,Pedagogia (Licenciatura) | EP_R2_NPPI,Pedagogia (Licenciatura) | Darcy Ribeiro | Noturno,Pedagogia (Licenciatura) | EP_R2_NPPI | Darcy Ribeiro,Pedagogia (Licenciatura) | EP_R2_NPPI | Noturno
2018-2020,2020,Darcy Ribeiro,Pedagogia (Licenciatura),Noturno,CN,CN,False,,NEGROS,False,,-24.934,-16.109,2018-2020,2018,2020,1,Pedagogia (Licenciatura) | Darcy Ribeiro,Pedagogia (Licenciatura) | Noturno,Pedagogia (Licenciatura) | CN,Pedagogia (Licenciatura) | Darcy Ribeiro | Noturno,Pedagogia (Licenciatura) | CN | Darcy Ribeiro,Pedagogia (Licenciatura) | CN | Noturno
2018-2020,2020,Darcy Ribeiro,Pedagogia (Licenciatura),Noturno,AC,AC,False,,,False,,-98.292,-22.179,2018-2020,2018,2020,1,Pedagogia (Licenciatura) | Darcy Ribeiro,Pedagogia (Licenciatura) | Noturno,Pedagogia (Licenciatura) | AC,Pedagogia (Licenciatura) | Darcy Ribeiro | Noturno,Pedagogia (Licenciatura) | AC | Darcy Ribeiro,Pedagogia (Licenciatura) | AC | Noturno
2018-2020,2020,Darcy Ribeiro,Psicologia (Bacharelado / Licenciatura / Psicólogo),Diurno,EP_R1_PPI,EP_R1_PPI,True,R1,PPI,False,1.5,-25.958,38.511,2018-2020,2018,2020,1,Psicologia (Bacharelado / Licenciatura / Psicólogo) | Darcy Ribeiro,Psicologia (Bacharelado / Licenciatura / Psicólogo) | Diurno,Psicologia (Bacharelado / Licenciatura / Psicólogo) | EP_R1_PPI,Psicologia (Bacharelado / Licenciatura / Psicólogo) | Darcy Ribeiro | Diurno,Psicologia (Bacharelado / Licenciatura / Psicólogo) | EP_R1_PPI | Darcy Ribeiro,Psicologia (Bacharelado / Licenciatura / Psicólogo) | EP_R1_PPI | Diurno
2018-2020,2020,Darcy Ribeiro,Psicologia (Bacharelado / Licenciatura / Psicólogo),Diurno,EP_R1_NPPI,EP_R1_NPPI,True,R1,NPPI,False,1.5,-0.561,39.193,2018-2020,2018,2020,1,Psicologia (Bacharelado / Licenciatura / Psicólogo) | Darcy Ribeiro,Psicologia (Bacharelado / Licenciatura / Psicólogo) | Diurno,Psicologia (Bacharelado / Licenciatura / Psicólogo) | EP_R1_NPPI,Psicologia (Bacharelado / Licenciatura / Psicólogo) | Darcy Ribeiro | Diurno,Psicologia (Bacharelado / Licenciatura / Psicólogo) | EP_R1_NPPI | Darcy Ribeiro,Psicologia (Bacharelado / Licenciatura / Psicólogo) | EP_R1_NPPI | Diurno
2018-2020,2020,Darcy Ribeiro,Psicologia (Bacharelado / Licenciatura / Psicólogo),Diurno,EP_R2_PPI,EP_R2_PPI,True,R2,PPI,False,1.5,7.086,84.313,2018-2020,2018,2020,1,Psicologia (Bacharelado / Licenciatura / Psicólogo) | Darcy Ribeiro,Psicologia (Bacharelado / Licenciatura / Psicólogo) | Diurno,Psicologia (Bacharelado / Licenciatura / Psicólogo) | EP_R2_PPI,Psicologia (Bacharelado / Licenciatura / Psicólogo) | Darcy Ribeiro | Diurno,Psicologia (Bacharelado / Licenciatura / Psicólogo) | EP_R2_PPI | Darcy Ribeiro,Psicologia (Bacharelado / Licenciatura / Psicólogo) | EP_R2_PPI | Diurno
2018-2020,2020,Darcy Ribeiro,Psicologia (Bacharelado / Licenciatura / Psicólogo),Diurno,EP_R2_NPPI,EP_R2_NPPI,True,R2,NPPI,False,1.5,59.772,78.747,2018-2020,2018,2020,1,Psicologia (Bacharelado / Licenciatura / Psicólogo) | Darcy Ribeiro,Psicologia (Bacharelado / Licenciatura / Psicólogo) | Diurno,Psicologia (Bacharelado / Licenciatura / Psicólogo) | EP_R2_NPPI,Psicologia (Bacharelado / Licenciatura / Psicólogo) | Darcy Ribeiro | Diurno,Psicologia (Bacharelado / Licenciatura / Psicólogo) | EP_R2_NPPI | Darcy Ribeiro,Psicologia (Bacharelado / Licenciatura / Psicólogo) | EP_R2_NPPI | Diurno
2018-2020,2020,Darcy Ribeiro,Psicologia (Bacharelado / Licenciatura / Psicólogo),Diurno,CN,CN,False,,NEGROS,False,,41.936,77.339,2018-2020,2018,2020,1,Psicologia (Bacharelado / Licenciatura / Psicólogo) | Darcy Ribeiro,Psicologia (Bacharelado / Licenciatura / Psicólogo) | Diurno,Psicologia (Bacharelado / Licenciatura / Psicólogo) | CN,Psicologia (Bacharelado / Licenciatura / Psicólogo) | Darcy Ribeiro | Diurno,Psicologia (Bacharelado / Licenciatura / Psicólogo) | CN | Darcy Ribeiro,Psicologia (Bacharelado / Licenciatura / Psicólogo) | CN | Diurno
2018-2020,2020,Darcy Ribeiro,Psicologia (Bacharelado / Licenciatura / Psicólogo),Diurno,AC,AC,False,,,False,,80.474,117.229,2018-2020,2018,2020,1,Psicologia (Bacharelado / Licenciatura / Psicólogo) | Darcy Ribeiro,Psicologia (Bacharelado / Licenciatura / Psicólogo) | Diurno,Psicologia (Bacharelado / Licenciatura / Psicólogo) | AC,Psicologia (Bacharelado / Licenciatura / Psicólogo) | Darcy Ribeiro | Diurno,Psicologia (Bacharelado / Licenciatura / Psicólogo) | AC | Darcy Ribeiro,Psicologia (Bacharelado / Licenciatura / Psicólogo) | AC | Diurno
2018-2020,2020,Darcy Ribeiro,Química (Bacharelado),Diurno,EP_R2_PPI,EP_R2_PPI,True,R2,PPI,False,1.5,30.256,30.256,2018-2020,2018,2020,1,Química (Bacharelado) | Darcy Ribeiro,Química (Bacharelado) | Diurno,Química (Bacharelado) | EP_R2_PPI,Química (Bacharelado) | Darcy Ribeiro | Diurno,Química (Bacharelado) | EP_R2_PPI | Darcy Ribeiro,Química (Bacharelado) | EP_R2_PPI | Diurno
2018-2020,2020,Darcy Ribeiro,Química (Bacharelado),Diurno,EP_R2_NPPI,EP_R2_NPPI,True,R2,NPPI,False,1.5,-23.583,22.033,2018-2020,2018,2020,1,Química (Bacharelado) | Darcy Ribeiro,Química (Bacharelado) | Diurno,Química (Bacharelado) | EP_R2_NPPI,Química (Bacharelado) | Darcy Ribeiro | Diurno,Química (Bacharelado) | EP_R2_NPPI | Darcy Ribeiro,Química (Bacharelado) | EP_R2_NPPI | Diurno
2018-2020,2020,Darcy Ribeiro,Química (Bacharelado),Diurno,CN,CN,False,,NEGROS,False,,6.547,6.547,2018-2020,2018,2020,1,Química (Bacharelado) | Darcy Ribeiro,Química (Bacharelado) | Diurno,Química (Bacharelado) | CN,Química (Bacharelado) | Darcy Ribeiro | Diurno,Química (Bacharelado) | CN | Darcy Ribeiro,Química (Bacharelado) | CN | Diurno
2018-2020,2020,Darcy Ribeiro,Química (Bacharelado),Diurno,AC,AC,False,,,False,,-58.334,47.376,2018-2020,2018,2020,1,Química (Bacharelado) | Darcy Ribeiro,Química (Bacharelado) | Diurno,Química (Bacharelado) | AC,Química (Bacharelado) | Darcy Ribeiro | Diurno,Química (Bacharelado) | AC | Darcy Ribeiro,Química (Bacharelado) | AC | Diurno
2018-2020,2020,Darcy Ribeiro,Química (Licenciatura),Noturno,EP_R1_PPI,EP_R1_PPI,True,R1,PPI,False,1.5,-59.081,-1.061,2018-2020,2018,2020,1,Química (Licenciatura) | Darcy Ribeiro,Química (Licenciatura) | Noturno,Química (Licenciatura) | EP_R1_PPI,Química (Licenciatura) | Darcy Ribeiro | Noturno,Química (Licenciatura) | EP_R1_PPI | Darcy Ribeiro,Química (Licenciatura) | EP_R1_PPI | Noturno
2018-2020,2020,Darcy Ribeiro,Química (Licenciatura),Noturno,EP_R2_NPPI,EP_R2_NPPI,True,R2,NPPI,False,1.5,-73.401,-15.838,2018-2020,2018,2020,1,Química (Licenciatura) | Darcy Ribeiro,Química (Licenciatura) | Noturno,Química (Licenciatura) | EP_R2_NPPI,Química (Licenciatura) | Darcy Ribeiro | Noturno,Química (Licenciatura) | EP_R2_NPPI | Darcy Ribeiro,Química (Licenciatura) | EP_R2_NPPI | Noturno
2018-2020,2020,Darcy Ribeiro,Química (Licenciatura),Noturno,AC,AC,False,,,False,,-16.564,-16.564,2018-2020,2018,2020,1,Química (Licenciatura) | Darcy Ribeiro,Química (Licenciatura) | Noturno,Química (Licenciatura) | AC,Química (Licenciatura) | Darcy Ribeiro | Noturno,Química (Licenciatura) | AC | Darcy Ribeiro,Química (Licenciatura) | AC | Noturno
2018-2020,2020,Darcy Ribeiro,Química Tecnológica (Bacharelado),Diurno,EP_R2_PPI,EP_R2_PPI,True,R2,PPI,False,1.5,-45.547,-45.547,2018-2020,2018,2020,1,Química Tecnológica (Bacharelado) | Darcy Ribeiro,Química Tecnológica (Bacharelado) | Diurno,Química Tecnológica (Bacharelado) | EP_R2_PPI,Química Tecnológica (Bacharelado) | Darcy Ribeiro | Diurno,Química Tecnológica (Bacharelado) | EP_R2_PPI | Darcy Ribeiro,Química Tecnológica (Bacharelado) | EP_R2_PPI | Diurno
2018-2020,2020,Darcy Ribeiro,Química Tecnológica (Bacharelado),Diurno,EP_R2_NPPI,EP_R2_NPPI,True,R2,NPPI,False,1.5,26.655,26.655,2018-2020,2018,2020,1,Química Tecnológica (Bacharelado) | Darcy Ribeiro,Química Tecnológica (Bacharelado) | Diurno,Química Tecnológica (Bacharelado) | EP_R2_NPPI,Química Tecnológica (Bacharelado) | Darcy Ribeiro | Diurno,Química Tecnológica (Bacharelado) | EP_R2_NPPI | Darcy Ribeiro,Química Tecnológica (Bacharelado) | EP_R2_NPPI | Diurno
2018-2020,2020,Darcy Ribeiro,Química Tecnológica (Bacharelado),Diurno,CN,CN,False,,NEGROS,False,,-32.241,-32.241,2018-2020,2018,2020,1,Química Tecnológica (Bacharelado) | Darcy Ribeiro,Química Tecnológica (Bacharelado) | Diurno,Química Tecnológica (Bacharelado) | CN,Química Tecnológica (Bacharelado) | Darcy Ribeiro | Diurno,Química Tecnológica (Bacharelado) | CN | Darcy Ribeiro,Química Tecnológica (Bacharelado) | CN | Diurno
2018-2020,2020,Darcy Ribeiro,Química Tecnológica (Bacharelado),Diurno,AC,AC,False,,,False,,-47.561,-17.112,2018-2020,2018,2020,1,Química Tecnológica (Bacharelado) | Darcy Ribeiro,Química Tecnológica (Bacharelado) | Diurno,Química Tecnológica (Bacharelado) | AC,Química Tecnológica (Bacharelado) | Darcy Ribeiro | Diurno,Química Tecnológica (Bacharelado) | AC | Darcy Ribeiro,Química Tecnológica (Bacharelado) | AC | Diurno
2018-2020,2020,Darcy Ribeiro,Relações Internacionais (Bacharelado),Diurno,EP_R1_PPI,EP_R1_PPI,True,R1,PPI,False,1.5,-37.873,-35.003,2018-2020,2018,2020,1,Relações Internacionais (Bacharelado) | Darcy Ribeiro,Relações Internacionais (Bacharelado) | Diurno,Relações Internacionais (Bacharelado) | EP_R1_PPI,Relações Internacionais (Bacharelado) | Darcy Ribeiro | Diurno,Relações Internacionais (Bacharelado) | EP_R1_PPI | Darcy Ribeiro,Relações Internacionais (Bacharelado) | EP_R1_PPI | Diurno
2018-2020,2020,Darcy Ribeiro,Relações Internacionais (Bacharelado),Diurno,EP_R1_NPPI,EP_R1_NPPI,True,R1,NPPI,False,1.5,-9.56,59.411,2018-2020,2018,2020,1,Relações Internacionais (Bacharelado) | Darcy Ribeiro,Relações Internacionais (Bacharelado) | Diurno,Relações Internacionais (Bacharelado) | EP_R1_NPPI,Relações Internacionais (Bacharelado) | Darcy Ribeiro | Diurno,Relações Internacionais (Bacharelado) | EP_R1_NPPI | Darcy Ribeiro,Relações Internacionais (Bacharelado) | EP_R1_NPPI | Diurno
2018-2020,2020,Darcy Ribeiro,Relações Internacionais (Bacharelado),Diurno,EP_R2_PPI,EP_R2_PPI,True,R2,PPI,False,1.5,-23.088,43.825,2018-2020,2018,2020,1,Relações Internacionais (Bacharelado) | Darcy Ribeiro,Relações Internacionais (Bacharelado) | Diurno,Relações Internacionais (Bacharelado) | EP_R2_PPI,Relações Internacionais (Bacharelado) | Darcy Ribeiro | Diurno,Relações Internacionais (Bacharelado) | EP_R2_PPI | Darcy Ribeiro,Relações Internacionais (Bacharelado) | EP_R2_PPI | Diurno
2018-2020,2020,Darcy Ribeiro,Relações Internacionais (Bacharelado),Diurno,EP_R2_NPPI,EP_R2_NPPI,True,R2,NPPI,False,1.5,35.713,88.167,2018-2020,2018,2020,1,Relações Internacionais (Bacharelado) | Darcy Ribeiro,Relações Internacionais (Bacharelado) | Diurno,Relações Internacionais (Bacharelado) | EP_R2_NPPI,Relações Internacionais (Bacharelado) | Darcy Ribeiro | Diurno,Relações Internacionais (Bacharelado) | EP_R2_NPPI | Darcy Ribeiro,Relações Internacionais (Bacharelado) | EP_R2_NPPI | Diurno
2018-2020,2020,Darcy Ribeiro,Relações Internacionais (Bacharelado),Diurno,CN,CN,False,,NEGROS,False,,39.989,43.033,2018-2020,2018,2020,1,Relações Internacionais (Bacharelado) | Darcy Ribeiro,Relações Internacionais (Bacharelado) | Diurno,Relações Internacionais (Bacharelado) | CN,Relações Internacionais (Bacharelado) | Darcy Ribeiro | Diurno,Relações Internacionais (Bacharelado) | CN | Darcy Ribeiro,Relações Internacionais (Bacharelado) | CN | Diurno
2018-2020,2020,Darcy Ribeiro,Relações Internacionais (Bacharelado),Diurno,AC,AC,False,,,False,,73.157,133.87,2018-2020,2018,2020,1,Relações Internacionais (Bacharelado) | Darcy Ribeiro,Relações Internacionais (Bacharelado) | Diurno,Relações Internacionais (Bacharelado) | AC,Relações Internacionais (Bacharelado) | Darcy Ribeiro | Diurno,Relações Internacionais (Bacharelado) | AC | Darcy Ribeiro,Relações Internacionais (Bacharelado) | AC | Diurno
2018-2020,2020,Darcy Ribeiro,Saúde Coletiva (Bacharelado),Noturno,EP_R2_PPI,EP_R2_PPI,True,R2,PPI,False,1.5,-88.498,-45.444,2018-2020,2018,2020,1,Saúde Coletiva (Bacharelado) | Darcy Ribeiro,Saúde Coletiva (Bacharelado) | Noturno,Saúde Coletiva (Bacharelado) | EP_R2_PPI,Saúde Coletiva (Bacharelado) | Darcy Ribeiro | Noturno,Saúde Coletiva (Bacharelado) | EP_R2_PPI | Darcy Ribeiro,Saúde Coletiva (Bacharelado) | EP_R2_PPI | Noturno
2018-2020,2020,Darcy Ribeiro,Saúde Coletiva (Bacharelado),Noturno,EP_R2_NPPI,EP_R2_NPPI,True,R2,NPPI,False,1.5,-11.312,-11.312,2018-2020,2018,2020,1,Saúde Coletiva (Bacharelado) | Darcy Ribeiro,Saúde Coletiva (Bacharelado) | Noturno,Saúde Coletiva (Bacharelado) | EP_R2_NPPI,Saúde Coletiva (Bacharelado) | Darcy Ribeiro | Noturno,Saúde Coletiva (Bacharelado) | EP_R2_NPPI | Darcy Ribeiro,Saúde Coletiva (Bacharelado) | EP_R2_NPPI | Noturno
2018-2020,2020,Darcy Ribeiro,Saúde Coletiva (Bacharelado),Noturno,AC,AC,False,,,False,,-47.301,-5.412,2018-2020,2018,2020,1,Saúde Coletiva (Bacharelado) | Darcy Ribeiro,Saúde Coletiva (Bacharelado) | Noturno,Saúde Coletiva (Bacharelado) | AC,Saúde Coletiva (Bacharelado) | Darcy Ribeiro | Noturno,Saúde Coletiva (Bacharelado) | AC | Darcy Ribeiro,Saúde Coletiva (Bacharelado) | AC | Noturno
2018-2020,2020,Darcy Ribeiro,Serviço Social (Bacharelado),Diurno,EP_R1_PPI,EP_R1_PPI,True,R1,PPI,False,1.5,-48.812,-28.138,2018-2020,2018,2020,1,Serviço Social (Bacharelado) | Darcy Ribeiro,Serviço Social (Bacharelado) | Diurno,Serviço Social (Bacharelado) | EP_R1_PPI,Serviço Social (Bacharelado) | Darcy Ribeiro | Diurno,Serviço Social (Bacharelado) | EP_R1_PPI | Darcy Ribeiro,Serviço Social (Bacharelado) | EP_R1_PPI | Diurno
2018-2020,2020,Darcy Ribeiro,Serviço Social (Bacharelado),Diurno,EP_R1_NPPI,EP_R1_NPPI,True,R1,NPPI,False,1.5,-96.288,-53.106,2018-2020,2018,2020,1,Serviço Social (Bacharelado) | Darcy Ribeiro,Serviço Social (Bacharelado) | Diurno,Serviço Social (Bacharelado) | EP_R1_NPPI,Serviço Social (Bacharelado) | Darcy Ribeiro | Diurno,Serviço Social (Bacharelado) | EP_R1_NPPI | Darcy Ribeiro,Serviço Social (Bacharelado) | EP_R1_NPPI | Diurno
2018-2020,2020,Darcy Ribeiro,Serviço Social (Bacharelado),Diurno,EP_R2_PPI,EP_R2_PPI,True,R2,PPI,False,1.5,-65.588,-13.972,2018-2020,2018,2020,1,Serviço Social (Bacharelado) | Darcy Ribeiro,Serviço Social (Bacharelado) | Diurno,Serviço Social (Bacharelado) | EP_R2_PPI,Serviço Social (Bacharelado) | Darcy Ribeiro | Diurno,Serviço Social (Bacharelado) | EP_R2_PPI | Darcy Ribeiro,Serviço Social (Bacharelado) | EP_R2_PPI | Diurno
2018-2020,2020,Darcy Ribeiro,Serviço Social (Bacharelado),Diurno,EP_R2_NPPI,EP_R2_NPPI,True,R2,NPPI,False,1.5,-51.891,-31.824,2018-2020,2018,2020,1,Serviço Social (Bacharelado) | Darcy Ribeiro,Serviço Social (Bacharelado) | Diurno,Serviço Social (Bacharelado) | EP_R2_NPPI,Serviço Social (Bacharelado) | Darcy Ribeiro | Diurno,Serviço Social (Bacharelado) | EP_R2_NPPI | Darcy Ribeiro,Serviço Social (Bacharelado) | EP_R2_NPPI | Diurno
2018-2020,2020,Darcy Ribeiro,Serviço Social (Bacharelado),Diurno,CN,CN,False,,NEGROS,False,,3.008,26.594,2018-2020,2018,2020,1,Serviço Social (Bacharelado) | Darcy Ribeiro,Serviço Social (Bacharelado) | Diurno,Serviço Social (Bacharelado) | CN,Serviço Social (Bacharelado) | Darcy Ribeiro | Diurno,Serviço Social (Bacharelado) | CN | Darcy Ribeiro,Serviço Social (Bacharelado) | CN | Diurno
2018-2020,2020,Darcy Ribeiro,Serviço Social (Bacharelado),Diurno,AC,AC,False,,,False,,-58.484,45.897,2018-2020,2018,2020,1,Serviço Social (Bacharelado) | Darcy Ribeiro,Serviço Social (Bacharelado) | Diurno,Serviço Social (Bacharelado) | AC,Serviço Social (Bacharelado) | Darcy Ribeiro | Diurno,Serviço Social (Bacharelado) | AC | Darcy Ribeiro,Serviço Social (Bacharelado) | AC | Diurno
2018-2020,2020,Darcy Ribeiro,Serviço Social (Bacharelado),Noturno,EP_R1_PPI,EP_R1_PPI,True,R1,PPI,False,1.5,-34.792,-34.792,2018-2020,2018,2020,1,Serviço Social (Bacharelado) | Darcy Ribeiro,Serviço Social (Bacharelado) | Noturno,Serviço Social (Bacharelado) | EP_R1_PPI,Serviço Social (Bacharelado) | Darcy Ribeiro | Noturno,Serviço Social (Bacharelado) | EP_R1_PPI | Darcy Ribeiro,Serviço Social (Bacharelado) | EP_R1_PPI | Noturno
2018-2020,2020,Darcy Ribeiro,Serviço Social (Bacharelado),Noturno,EP_R2_PPI,EP_R2_PPI,True,R2,PPI,False,1.5,-54.902,-23.751,2018-2020,2018,2020,1,Serviço Social (Bacharelado) | Darcy Ribeiro,Serviço Social (Bacharelado) | Noturno,Serviço Social (Bacharelado) | EP_R2_PPI,Serviço Social (Bacharelado) | Darcy Ribeiro | Noturno,Serviço Social (Bacharelado) | EP_R2_PPI | Darcy Ribeiro,Serviço Social (Bacharelado) | EP_R2_PPI | Noturno
2018-2020,2020,Darcy Ribeiro,Serviço Social (Bacharelado),Noturno,EP_R2_NPPI,EP_R2_NPPI,True,R2,NPPI,False,1.5,-33.578,-7.92,2018-2020,2018,2020,1,Serviço Social (Bacharelado) | Darcy Ribeiro,Serviço Social (Bacharelado) | Noturno,Serviço Social (Bacharelado) | EP_R2_NPPI,Serviço Social (Bacharelado) | Darcy Ribeiro | Noturno,Serviço Social (Bacharelado) | EP_R2_NPPI | Darcy Ribeiro,Serviço Social (Bacharelado) | EP_R2_NPPI | Noturno
2018-2020,2020,Darcy Ribeiro,Serviço Social (Bacharelado),Noturno,CN,CN,False,,NEGROS,False,,-40.425,-31.165,2018-2020,2018,2020,1,Serviço Social (Bacharelado) | Darcy Ribeiro,Serviço Social (Bacharelado) | Noturno,Serviço Social (Bacharelado) | CN,Serviço Social (Bacharelado) | Darcy Ribeiro | Noturno,Serviço Social (Bacharelado) | CN | Darcy Ribeiro,Serviço Social (Bacharelado) | CN | Noturno
2018-2020,2020,Darcy Ribeiro,Serviço Social (Bacharelado),Noturno,AC,AC,False,,,False,,-55.437,9.712,2018-2020,2018,2020,1,Serviço Social (Bacharelado) | Darcy Ribeiro,Serviço Social (Bacharelado) | Noturno,Serviço Social (Bacharelado) | AC,Serviço Social (Bacharelado) | Darcy Ribeiro | Noturno,Serviço Social (Bacharelado) | AC | Darcy Ribeiro,Serviço Social (Bacharelado) | AC | Noturno
2018-2020,2020,Darcy Ribeiro,"Teoria, Crítica e História da Arte (Bacharelado)",Noturno,EP_R1_PPI,EP_R1_PPI,True,R1,PPI,False,1.5,3.161,3.161,2018-2020,2018,2020,1,"Teoria, Crítica e História da Arte (Bacharelado) | Darcy Ribeiro","Teoria, Crítica e História da Arte (Bacharelado) | Noturno","Teoria, Crítica e História da Arte (Bacharelado) | EP_R1_PPI","Teoria, Crítica e História da Arte (Bacharelado) | Darcy Ribeiro | Noturno","Teoria, Crítica e História da Arte (Bacharelado) | EP_R1_PPI | Darcy Ribeiro","Teoria, Crítica e História da Arte (Bacharelado) | EP_R1_PPI | Noturno"
2018-2020,2020,Darcy Ribeiro,"Teoria, Crítica e História da Arte (Bacharelado)",Noturno,AC,AC,False,,,False,,-74.639,-74.639,2018-2020,2018,2020,1,"Teoria, Crítica e História da Arte (Bacharelado) | Darcy Ribeiro","Teoria, Crítica e História da Arte (Bacharelado) | Noturno","Teoria, Crítica e História da Arte (Bacharelado) | AC","Teoria, Crítica e História da Arte (Bacharelado) | Darcy Ribeiro | Noturno","Teoria, Crítica e História da Arte (Bacharelado) | AC | Darcy Ribeiro","Teoria, Crítica e História da Arte (Bacharelado) | AC | Noturno"
2018-2020,2020,Darcy Ribeiro,Turismo (Bacharelado),Diurno,EP_R1_NPPI,EP_R1_NPPI,True,R1,NPPI,False,1.5,-35.506,-35.506,2018-2020,2018,2020,1,Turismo (Bacharelado) | Darcy Ribeiro,Turismo (Bacharelado) | Diurno,Turismo (Bacharelado) | EP_R1_NPPI,Turismo (Bacharelado) | Darcy Ribeiro | Diurno,Turismo (Bacharelado) | EP_R1_NPPI | Darcy Ribeiro,Turismo (Bacharelado) | EP_R1_NPPI | Diurno
2018-2020,2020,Darcy Ribeiro,Turismo (Bacharelado),Diurno,EP_R2_PPI,EP_R2_PPI,True,R2,PPI,False,1.5,-68.241,-14.636,2018-2020,2018,2020,1,Turismo (Bacharelado) | Darcy Ribeiro,Turismo (Bacharelado) | Diurno,Turismo (Bacharelado) | EP_R2_PPI,Turismo (Bacharelado) | Darcy Ribeiro | Diurno,Turismo (Bacharelado) | EP_R2_PPI | Darcy Ribeiro,Turismo (Bacharelado) | EP_R2_PPI | Diurno
2018-2020,2020,Darcy Ribeiro,Turismo (Bacharelado),Diurno,EP_R2_NPPI,EP_R2_NPPI,True,R2,NPPI,False,1.5,-64.299,-37.943,2018-2020,2018,2020,1,Turismo (Bacharelado) | Darcy Ribeiro,Turismo (Bacharelado) | Diurno,Turismo (Bacharelado) | EP_R2_NPPI,Turismo (Bacharelado) | Darcy Ribeiro | Diurno,Turismo (Bacharelado) | EP_R2_NPPI | Darcy Ribeiro,Turismo (Bacharelado) | EP_R2_NPPI | Diurno
2018-2020,2020,Darcy Ribeiro,Turismo (Bacharelado),Diurno,AC,AC,False,,,False,,-101.482,-8.137,2018-2020,2018,2020,1,Turismo (Bacharelado) | Darcy Ribeiro,Turismo (Bacharelado) | Diurno,Turismo (Bacharelado) | AC,Turismo (Bacharelado) | Darcy Ribeiro | Diurno,Turismo (Bacharelado) | AC | Darcy Ribeiro,Turismo (Bacharelado) | AC | Diurno
2018-2020,2020,Gama,Engenharias (FGA),Diurno,EP_R1_PPI,EP_R1_PPI,True,R1,PPI,False,1.5,-56.987,-0.878,2018-2020,2018,2020,1,Engenharias (FGA) | Gama,Engenharias (FGA) | Diurno,Engenharias (FGA) | EP_R1_PPI,Engenharias (FGA) | Gama | Diurno,Engenharias (FGA) | EP_R1_PPI | Gama,Engenharias (FGA) | EP_R1_PPI | Diurno
2018-2020,2020,Gama,Engenharias (FGA),Diurno,EP_R1_NPPI,EP_R1_NPPI,True,R1,NPPI,False,1.5,-46.52,4.292,2018-2020,2018,2020,1,Engenharias (FGA) | Gama,Engenharias (FGA) | Diurno,Engenharias (FGA) | EP_R1_NPPI,Engenharias (FGA) | Gama | Diurno,Engenharias (FGA) | EP_R1_NPPI | Gama,Engenharias (FGA) | EP_R1_NPPI | Diurno
2018-2020,2020,Gama,Engenharias (FGA),Diurno,EP_R2_PPI,EP_R2_PPI,True,R2,PPI,False,1.5,-80.254,1.161,2018-2020,2018,2020,1,Engenharias (FGA) | Gama,Engenharias (FGA) | Diurno,Engenharias (FGA) | EP_R2_PPI,Engenharias (FGA) | Gama | Diurno,Engenharias (FGA) | EP_R2_PPI | Gama,Engenharias (FGA) | EP_R2_PPI | Diurno
2018-2020,2020,Gama,Engenharias (FGA),Diurno,EP_R2_NPPI,EP_R2_NPPI,True,R2,NPPI,False,1.5,-100.534,41.234,2018-2020,2018,2020,1,Engenharias (FGA) | Gama,Engenharias (FGA) | Diurno,Engenharias (FGA) | EP_R2_NPPI,Engenharias (FGA) | Gama | Diurno,Engenharias (FGA) | EP_R2_NPPI | Gama,Engenharias (FGA) | EP_R2_NPPI | Diurno
2018-2020,2020,Gama,Engenharias (FGA),Diurno,CN,CN,False,,NEGROS,False,,-57.125,76.031,2018-2020,2018,2020,1,Engenharias (FGA) | Gama,Engenharias (FGA) | Diurno,Engenharias (FGA) | CN,Engenharias (FGA) | Gama | Diurno,Engenharias (FGA) | CN | Gama,Engenharias (FGA) | CN | Diurno
2018-2020,2020,Gama,Engenharias (FGA),Diurno,AC,AC,False,,,False,,-101.981,133.817,2018-2020,2018,2020,1,Engenharias (FGA) | Gama,Engenharias (FGA) | Diurno,Engenharias (FGA) | AC,Engenharias (FGA) | Gama | Diurno,Engenharias (FGA) | AC | Gama,Engenharias (FGA) | AC | Diurno
2018-2020,2020,Planaltina,Ciências Naturais (Licenciatura),Diurno,EP_R2_PPI,EP_R2_PPI,True,R2,PPI,False,1.5,-38.144,-7.442,2018-2020,2018,2020,1,Ciências Naturais (Licenciatura) | Planaltina,Ciências Naturais (Licenciatura) | Diurno,Ciências Naturais (Licenciatura) | EP_R2_PPI,Ciências Naturais (Licenciatura) | Planaltina | Diurno,Ciências Naturais (Licenciatura) | EP_R2_PPI | Planaltina,Ciências Naturais (Licenciatura) | EP_R2_PPI | Diurno
2018-2020,2020,Planaltina,Ciências Naturais (Licenciatura),Diurno,AC,AC,False,,,False,,-78.584,-15.361,2018-2020,2018,2020,1,Ciências Naturais (Licenciatura) | Planaltina,Ciências Naturais (Licenciatura) | Diurno,Ciências Naturais (Licenciatura) | AC,Ciências Naturais (Licenciatura) | Planaltina | Diurno,Ciências Naturais (Licenciatura) | AC | Planaltina,Ciências Naturais (Licenciatura) | AC | Diurno
2018-2020,2020,Planaltina,Gestão Ambiental (Bacharelado),Noturno,AC,AC,False,,,False,,-62.155,-62.155,2018-2020,2018,2020,1,Gestão Ambiental (Bacharelado) | Planaltina,Gestão Ambiental (Bacharelado) | Noturno,Gestão Ambiental (Bacharelado) | AC,Gestão Ambiental (Bacharelado) | Planaltina | Noturno,Gestão Ambiental (Bacharelado) | AC | Planaltina,Gestão Ambiental (Bacharelado) | AC | Noturno
2018-2020,2020,Planaltina,Gestão do Agronegócio (Bacharelado),Diurno,AC,AC,False,,,False,,-80.136,-49.865,2018-2020,2018,2020,1,Gestão do Agronegócio (Bacharelado) | Planaltina,Gestão do Agronegócio (Bacharelado) | Diurno,Gestão do Agronegócio (Bacharelado) | AC,Gestão do Agronegócio (Bacharelado) | Planaltina | Diurno,Gestão do Agronegócio (Bacharelado) | AC | Planaltina,Gestão do Agronegócio (Bacharelado) | AC | Diurno
2019-2021,2021,Ceilândia,Enfermagem (Bacharelado),Diurno,CN,CN,False,,NEGROS,False,,36.97,36.97,2019-2021,2019,2021,2,Enfermagem (Bacharelado) | Ceilândia,Enfermagem (Bacharelado) | Diurno,Enfermagem (Bacharelado) | CN,Enfermagem (Bacharelado) | Ceilândia | Diurno,Enfermagem (Bacharelado) | CN | Ceilândia,Enfermagem (Bacharelado) | CN | Diurno
2019-2021,2021,Ceilândia,Enfermagem (Bacharelado),Diurno,EP_R1_PPI,EP_R1_PPI,True,R1,PPI,False,1.5,3.019,34.414,2019-2021,2019,2021,2,Enfermagem (Bacharelado) | Ceilândia,Enfermagem (Bacharelado) | Diurno,Enfermagem (Bacharelado) | EP_R1_PPI,Enfermagem (Bacharelado) | Ceilândia | Diurno,Enfermagem (Bacharelado) | EP_R1_PPI | Ceilândia,Enfermagem (Bacharelado) | EP_R1_PPI | Diurno
2019-2021,2021,Ceilândia,Enfermagem (Bacharelado),Diurno,EP_R1_NPPI,EP_R1_NPPI,True,R1,NPPI,False,1.5,14.131,22.52,2019-2021,2019,2021,2,Enfermagem (Bacharelado) | Ceilândia,Enfermagem (Bacharelado) | Diurno,Enfermagem (Bacharelado) | EP_R1_NPPI,Enfermagem (Bacharelado) | Ceilândia | Diurno,Enfermagem (Bacharelado) | EP_R1_NPPI | Ceilândia,Enfermagem (Bacharelado) | EP_R1_NPPI | Diurno
2019-2021,2021,Ceilândia,Enfermagem (Bacharelado),Diurno,EP_R2_PPI,EP_R2_PPI,True,R2,PPI,False,1.5,4.949,31.291,2019-2021,2019,2021,2,Enfermagem (Bacharelado) | Ceilândia,Enfermagem (Bacharelado) | Diurno,Enfermagem (Bacharelado) | EP_R2_PPI,Enfermagem (Bacharelado) | Ceilândia | Diurno,Enfermagem (Bacharelado) | EP_R2_PPI | Ceilândia,Enfermagem (Bacharelado) | EP_R2_PPI | Diurno
2019-2021,2021,Ceilândia,Enfermagem (Bacharelado),Diurno,EP_R2_NPPI,EP_R2_NPPI,True,R2,NPPI,False,1.5,26.36,46.546,2019-2021,2019,2021,2,Enfermagem (Bacharelado) | Ceilândia,Enfermagem (Bacharelado) | Diurno,Enfermagem (Bacharelado) | EP_R2_NPPI,Enfermagem (Bacharelado) | Ceilândia | Diurno,Enfermagem (Bacharelado) | EP_R2_NPPI | Ceilândia,Enfermagem (Bacharelado) | EP_R2_NPPI | Diurno
2019-2021,2021,Ceilândia,Enfermagem (Bacharelado),Diurno,AC,AC,False,,,False,,26.432,71.32,2019-2021,2019,2021,2,Enfermagem (Bacharelado) | Ceilândia,Enfermagem (Bacharelado) | Diurno,Enfermagem (Bacharelado) | AC,Enfermagem (Bacharelado) | Ceilândia | Diurno,Enfermagem (Bacharelado) | AC | Ceilândia,Enfermagem (Bacharelado) | AC | Diurno
2019-2021,2021,Ceilândia,Farmácia (Bacharelado),Diurno,CN,CN,False,,NEGROS,False,,3.739,3.739,2019-2021,2019,2021,2,Farmácia (Bacharelado) | Ceilândia,Farmácia (Bacharelado) | Diurno,Farmácia (Bacharelado) | CN,Farmácia (Bacharelado) | Ceilândia | Diurno,Farmácia (Bacharelado) | CN | Ceilândia,Farmácia (Bacharelado) | CN | Diurno
2019-2021,2021,Ceilândia,Farmácia (Bacharelado),Diurno,EP_R1_PPI,EP_R1_PPI,True,R1,PPI,False,1.5,2.818,2.818,2019-2021,2019,2021,2,Farmácia (Bacharelado) | Ceilândia,Farmácia (Bacharelado) | Diurno,Farmácia (Bacharelado) | EP_R1_PPI,Farmácia (Bacharelado) | Ceilândia | Diurno,Farmácia (Bacharelado) | EP_R1_PPI | Ceilândia,Farmácia (Bacharelado) | EP_R1_PPI | Diurno
2019-2021,2021,Ceilândia,Farmácia (Bacharelado),Diurno,EP_R1_NPPI,EP_R1_NPPI,True,R1,NPPI,False,1.5,-47.03,60.896,2019-2021,2019,2021,2,Farmácia (Bacharelado) | Ceilândia,Farmácia (Bacharelado) | Diurno,Farmácia (Bacharelado) | EP_R1_NPPI,Farmácia (Bacharelado) | Ceilândia | Diurno,Farmácia (Bacharelado) | EP_R1_NPPI | Ceilândia,Farmácia (Bacharelado) | EP_R1_NPPI | Diurno
2019-2021,2021,Ceilândia,Farmácia (Bacharelado),Diurno,EP_R2_PPI,EP_R2_PPI,True,R2,PPI,False,1.5,-17.25,63.724,2019-2021,2019,2021,2,Farmácia (Bacharelado) | Ceilândia,Farmácia (Bacharelado) | Diurno,Farmácia (Bacharelado) | EP_R2_PPI,Farmácia (Bacharelado) | Ceilândia | Diurno,Farmácia (Bacharelado) | EP_R2_PPI | Ceilândia,Farmácia (Bacharelado) | EP_R2_PPI | Diurno
2019-2021,2021,Ceilândia,Farmácia (Bacharelado),Diurno,EP_R2_NPPI,EP_R2_NPPI,True,R2,NPPI,False,1.5,22.311,28.161,2019-2021,2019,2021,2,Farmácia (Bacharelado) | Ceilândia,Farmácia (Bacharelado) | Diurno,Farmácia (Bacharelado) | EP_R2_NPPI,Farmácia (Bacharelado) | Ceilândia | Diurno,Farmácia (Bacharelado) | EP_R2_NPPI | Ceilândia,Farmácia (Bacharelado) | EP_R2_NPPI | Diurno
2019-2021,2021,Ceilândia,Farmácia (Bacharelado),Diurno,AC,AC,False,,,False,,-1.212,74.556,2019-2021,2019,2021,2,Farmácia (Bacharelado) | Ceilândia,Farmácia (Bacharelado) | Diurno,Farmácia (Bacharelado) | AC,Farmácia (Bacharelado) | Ceilândia | Diurno,Farmácia (Bacharelado) | AC | Ceilândia,Farmácia (Bacharelado) | AC | Diurno
2019-2021,2021,Ceilândia,Fisioterapia (Bacharelado),Diurno,CN,CN,False,,NEGROS,False,,23.699,23.699,2019-2021,2019,2021,2,Fisioterapia (Bacharelado) | Ceilândia,Fisioterapia (Bacharelado) | Diurno,Fisioterapia (Bacharelado) | CN,Fisioterapia (Bacharelado) | Ceilândia | Diurno,Fisioterapia (Bacharelado) | CN | Ceilândia,Fisioterapia (Bacharelado) | CN | Diurno
2019-2021,2021,Ceilândia,Fisioterapia (Bacharelado),Diurno,EP_R1_PPI,EP_R1_PPI,True,R1,PPI,False,1.5,-13.417,3.499,2019-2021,2019,2021,2,Fisioterapia (Bacharelado) | Ceilândia,Fisioterapia (Bacharelado) | Diurno,Fisioterapia (Bacharelado) | EP_R1_PPI,Fisioterapia (Bacharelado) | Ceilândia | Diurno,Fisioterapia (Bacharelado) | EP_R1_PPI | Ceilândia,Fisioterapia (Bacharelado) | EP_R1_PPI | Diurno
2019-2021,2021,Ceilândia,Fisioterapia (Bacharelado),Diurno,EP_R1_NPPI,EP_R1_NPPI,True,R1,NPPI,False,1.5,0.515,17.749,2019-2021,2019,2021,2,Fisioterapia (Bacharelado) | Ceilândia,Fisioterapia (Bacharelado) | Diurno,Fisioterapia (Bacharelado) | EP_R1_NPPI,Fisioterapia (Bacharelado) | Ceilândia | Diurno,Fisioterapia (Bacharelado) | EP_R1_NPPI | Ceilândia,Fisioterapia (Bacharelado) | EP_R1_NPPI | Diurno
2019-2021,2021,Ceilândia,Fisioterapia (Bacharelado),Diurno,EP_R2_PPI,EP_R2_PPI,True,R2,PPI,False,1.5,-7.663,20.714,2019-2021,2019,2021,2,Fisioterapia (Bacharelado) | Ceilândia,Fisioterapia (Bacharelado) | Diurno,Fisioterapia (Bacharelado) | EP_R2_PPI,Fisioterapia (Bacharelado) | Ceilândia | Diurno,Fisioterapia (Bacharelado) | EP_R2_PPI | Ceilândia,Fisioterapia (Bacharelado) | EP_R2_PPI | Diurno
2019-2021,2021,Ceilândia,Fisioterapia (Bacharelado),Diurno,EP_R2_NPPI,EP_R2_NPPI,True,R2,NPPI,False,1.5,10.703,24.247,2019-2021,2019,2021,2,Fisioterapia (Bacharelado) | Ceilândia,Fisioterapia (Bacharelado) | Diurno,Fisioterapia (Bacharelado) | EP_R2_NPPI,Fisioterapia (Bacharelado) | Ceilândia | Diurno,Fisioterapia (Bacharelado) | EP_R2_NPPI | Ceilândia,Fisioterapia (Bacharelado) | EP_R2_NPPI | Diurno
2019-2021,2021,Ceilândia,Fisioterapia (Bacharelado),Diurno,AC,AC,False,,,False,,30.618,,2019-2021,2019,2021,2,Fisioterapia (Bacharelado) | Ceilândia,Fisioterapia (Bacharelado) | Diurno,Fisioterapia (Bacharelado) | AC,Fisioterapia (Bacharelado) | Ceilândia | Diurno,Fisioterapia (Bacharelado) | AC | Ceilândia,Fisioterapia (Bacharelado) | AC | Diurno
2019-2021,2021,Ceilândia,Fonoaudiologia (Bacharelado),Diurno,CN,CN,False,,NEGROS,False,,46.715,46.715,2019-2021,2019,2021,2,Fonoaudiologia (Bacharelado) | Ceilândia,Fonoaudiologia (Bacharelado) | Diurno,Fonoaudiologia (Bacharelado) | CN,Fonoaudiologia (Bacharelado) | Ceilândia | Diurno,Fonoaudiologia (Bacharelado) | CN | Ceilândia,Fonoaudiologia (Bacharelado) | CN | Diurno
2019-2021,2021,Ceilândia,Fonoaudiologia (Bacharelado),Diurno,EP_R1_PPI,EP_R1_PPI,True,R1,PPI,False,1.5,-11.763,14.629,2019-2021,2019,2021,2,Fonoaudiologia (Bacharelado) | Ceilândia,Fonoaudiologia (Bacharelado) | Diurno,Fonoaudiologia (Bacharelado) | EP_R1_PPI,Fonoaudiologia (Bacharelado) | Ceilândia | Diurno,Fonoaudiologia (Bacharelado) | EP_R1_PPI | Ceilândia,Fonoaudiologia (Bacharelado) | EP_R1_PPI | Diurno
2019-2021,2021,Ceilândia,Fonoaudiologia (Bacharelado),Diurno,EP_R1_NPPI,EP_R1_NPPI,True,R1,NPPI,False,1.5,-8.658,18.255,2019-2021,2019,2021,2,Fonoaudiologia (Bacharelado) | Ceilândia,Fonoaudiologia (Bacharelado) | Diurno,Fonoaudiologia (Bacharelado) | EP_R1_NPPI,Fonoaudiologia (Bacharelado) | Ceilândia | Diurno,Fonoaudiologia (Bacharelado) | EP_R1_NPPI | Ceilândia,Fonoaudiologia (Bacharelado) | EP_R1_NPPI | Diurno
2019-2021,2021,Ceilândia,Fonoaudiologia (Bacharelado),Diurno,EP_R2_PPI,EP_R2_PPI,True,R2,PPI,False,1.5,-69.725,23.483,2019-2021,2019,2021,2,Fonoaudiologia (Bacharelado) | Ceilândia,Fonoaudiologia (Bacharelado) | Diurno,Fonoaudiologia (Bacharelado) | EP_R2_PPI,Fonoaudiologia (Bacharelado) | Ceilândia | Diurno,Fonoaudiologia (Bacharelado) | EP_R2_PPI | Ceilândia,Fonoaudiologia (Bacharelado) | EP_R2_PPI | Diurno
2019-2021,2021,Ceilândia,Fonoaudiologia (Bacharelado),Diurno,EP_R2_NPPI,EP_R2_NPPI,True,R2,NPPI,False,1.5,25.151,25.151,2019-2021,2019,2021,2,Fonoaudiologia (Bacharelado) | Ceilândia,Fonoaudiologia (Bacharelado) | Diurno,Fonoaudiologia (Bacharelado) | EP_R2_NPPI,Fonoaudiologia (Bacharelado) | Ceilândia | Diurno,Fonoaudiologia (Bacharelado) | EP_R2_NPPI | Ceilândia,Fonoaudiologia (Bacharelado) | EP_R2_NPPI | Diurno
2019-2021,2021,Ceilândia,Fonoaudiologia (Bacharelado),Diurno,AC,AC,False,,,False,,-14.934,11.358,2019-2021,2019,2021,2,Fonoaudiologia (Bacharelado) | Ceilândia,Fonoaudiologia (Bacharelado) | Diurno,Fonoaudiologia (Bacharelado) | AC,Fonoaudiologia (Bacharelado) | Ceilândia | Diurno,Fonoaudiologia (Bacharelado) | AC | Ceilândia,Fonoaudiologia (Bacharelado) | AC | Diurno
2019-2021,2021,Ceilândia,Saúde Coletiva (Bacharelado),Diurno,EP_R1_NPPI,EP_R1_NPPI,True,R1,NPPI,False,1.5,-55.278,-31.583,2019-2021,2019,2021,2,Saúde Coletiva (Bacharelado) | Ceilândia,Saúde Coletiva (Bacharelado) | Diurno,Saúde Coletiva (Bacharelado) | EP_R1_NPPI,Saúde Coletiva (Bacharelado) | Ceilândia | Diurno,Saúde Coletiva (Bacharelado) | EP_R1_NPPI | Ceilândia,Saúde Coletiva (Bacharelado) | EP_R1_NPPI | Diurno
2019-2021,2021,Ceilândia,Saúde Coletiva (Bacharelado),Diurno,EP_R2_PPI,EP_R2_PPI,True,R2,PPI,False,1.5,-58.614,-58.614,2019-2021,2019,2021,2,Saúde Coletiva (Bacharelado) | Ceilândia,Saúde Coletiva (Bacharelado) | Diurno,Saúde Coletiva (Bacharelado) | EP_R2_PPI,Saúde Coletiva (Bacharelado) | Ceilândia | Diurno,Saúde Coletiva (Bacharelado) | EP_R2_PPI | Ceilândia,Saúde Coletiva (Bacharelado) | EP_R2_PPI | Diurno
2019-2021,2021,Ceilândia,Saúde Coletiva (Bacharelado),Diurno,EP_R2_NPPI,EP_R2_NPPI,True,R2,NPPI,False,1.5,-95.903,-28.196,2019-2021,2019,2021,2,Saúde Coletiva (Bacharelado) | Ceilândia,Saúde Coletiva (Bacharelado) | Diurno,Saúde Coletiva (Bacharelado) | EP_R2_NPPI,Saúde Coletiva (Bacharelado) | Ceilândia | Diurno,Saúde Coletiva (Bacharelado) | EP_R2_NPPI | Ceilândia,Saúde Coletiva (Bacharelado) | EP_R2_NPPI | Diurno
2019-2021,2021,Ceilândia,Saúde Coletiva (Bacharelado),Diurno,AC,AC,False,,,False,,-67.997,-8.405,2019-2021,2019,2021,2,Saúde Coletiva (Bacharelado) | Ceilândia,Saúde Coletiva (Bacharelado) | Diurno,Saúde Coletiva (Bacharelado) | AC,Saúde Coletiva (Bacharelado) | Ceilândia | Diurno,Saúde Coletiva (Bacharelado) | AC | Ceilândia,Saúde Coletiva (Bacharelado) | AC | Diurno
2019-2021,2021,Ceilândia,Terapia Ocupacional (Bacharelado),Diurno,CN,CN,False,,NEGROS,False,,-8.712,-8.712,2019-2021,2019,2021,2,Terapia Ocupacional (Bacharelado) | Ceilândia,Terapia Ocupacional (Bacharelado) | Diurno,Terapia Ocupacional (Bacharelado) | CN,Terapia Ocupacional (Bacharelado) | Ceilândia | Diurno,Terapia Ocupacional (Bacharelado) | CN | Ceilândia,Terapia Ocupacional (Bacharelado) | CN | Diurno
2019-2021,2021,Ceilândia,Terapia Ocupacional (Bacharelado),Diurno,EP_R1_PPI,EP_R1_PPI,True,R1,PPI,False,1.5,-62.296,-38.06,2019-2021,2019,2021,2,Terapia Ocupacional (Bacharelado) | Ceilândia,Terapia Ocupacional (Bacharelado) | Diurno,Terapia Ocupacional (Bacharelado) | EP_R1_PPI,Terapia Ocupacional (Bacharelado) | Ceilândia | Diurno,Terapia Ocupacional (Bacharelado) | EP_R1_PPI | Ceilândia,Terapia Ocupacional (Bacharelado) | EP_R1_PPI | Diurno
2019-2021,2021,Ceilândia,Terapia Ocupacional (Bacharelado),Diurno,EP_R1_NPPI,EP_R1_NPPI,True,R1,NPPI,False,1.5,-29.114,-25.419,2019-2021,2019,2021,2,Terapia Ocupacional (Bacharelado) | Ceilândia,Terapia Ocupacional (Bacharelado) | Diurno,Terapia Ocupacional (Bacharelado) | EP_R1_NPPI,Terapia Ocupacional (Bacharelado) | Ceilândia | Diurno,Terapia Ocupacional (Bacharelado) | EP_R1_NPPI | Ceilândia,Terapia Ocupacional (Bacharelado) | EP_R1_NPPI | Diurno
2019-2021,2021,Ceilândia,Terapia Ocupacional (Bacharelado),Diurno,EP_R2_PPI,EP_R2_PPI,True,R2,PPI,False,1.5,-69.768,9.306,2019-2021,2019,2021,2,Terapia Ocupacional (Bacharelado) | Ceilândia,Terapia Ocupacional (Bacharelado) | Diurno,Terapia Ocupacional (Bacharelado) | EP_R2_PPI,Terapia Ocupacional (Bacharelado) | Ceilândia | Diurno,Terapia Ocupacional (Bacharelado) | EP_R2_PPI | Ceilândia,Terapia Ocupacional (Bacharelado) | EP_R2_PPI | Diurno
2019-2021,2021,Ceilândia,Terapia Ocupacional (Bacharelado),Diurno,EP_R2_NPPI,EP_R2_NPPI,True,R2,NPPI,False,1.5,-14.518,37.811,2019-2021,2019,2021,2,Terapia Ocupacional (Bacharelado) | Ceilândia,Terapia Ocupacional (Bacharelado) | Diurno,Terapia Ocupacional (Bacharelado) | EP_R2_NPPI,Terapia Ocupacional (Bacharelado) | Ceilândia | Diurno,Terapia Ocupacional (Bacharelado) | EP_R2_NPPI | Ceilândia,Terapia Ocupacional (Bacharelado) | EP_R2_NPPI | Diurno
2019-2021,2021,Ceilândia,Terapia Ocupacional (Bacharelado),Diurno,AC,AC,False,,,False,,-21.685,19.322,2019-2021,2019,2021,2,Terapia Ocupacional (Bacharelado) | Ceilândia,Terapia Ocupacional (Bacharelado) | Diurno,Terapia Ocupacional (Bacharelado) | AC,Terapia Ocupacional (Bacharelado) | Ceilândia | Diurno,Terapia Ocupacional (Bacharelado) | AC | Ceilândia,Terapia Ocupacional (Bacharelado) | AC | Diurno
2019-2021,2021,Darcy Ribeiro,Administração (Bacharelado),Diurno,CN,CN,False,,NEGROS,False,,-5.786,-0.285,2019-2021,2019,2021,2,Administração (Bacharelado) | Darcy Ribeiro,Administração (Bacharelado) | Diurno,Administração (Bacharelado) | CN,Administração (Bacharelado) | Darcy Ribeiro | Diurno,Administração (Bacharelado) | CN | Darcy Ribeiro,Administração (Bacharelado) | CN | Diurno
2019-2021,2021,Darcy Ribeiro,Administração (Bacharelado),Diurno,EP_R1_PPI,EP_R1_PPI,True,R1,PPI,False,1.5,-38.327,23.576,2019-2021,2019,2021,2,Administração (Bacharelado) | Darcy Ribeiro,Administração (Bacharelado) | Diurno,Administração (Bacharelado) | EP_R1_PPI,Administração (Bacharelado) | Darcy Ribeiro | Diurno,Administração (Bacharelado) | EP_R1_PPI | Darcy Ribeiro,Administração (Bacharelado) | EP_R1_PPI | Diurno
2019-2021,2021,Darcy Ribeiro,Administração (Bacharelado),Diurno,EP_R1_NPPI,EP_R1_NPPI,True,R1,NPPI,False,1.5,-15.383,-0.009,2019-2021,2019,2021,2,Administração (Bacharelado) | Darcy Ribeiro,Administração (Bacharelado) | Diurno,Administração (Bacharelado) | EP_R1_NPPI,Administração (Bacharelado) | Darcy Ribeiro | Diurno,Administração (Bacharelado) | EP_R1_NPPI | Darcy Ribeiro,Administração (Bacharelado) | EP_R1_NPPI | Diurno
2019-2021,2021,Darcy Ribeiro,Administração (Bacharelado),Diurno,EP_R2_PPI,EP_R2_PPI,True,R2,PPI,False,1.5,-32.915,0.643,2019-2021,2019,2021,2,Administração (Bacharelado) | Darcy Ribeiro,Administração (Bacharelado) | Diurno,Administração (Bacharelado) | EP_R2_PPI,Administração (Bacharelado) | Darcy Ribeiro | Diurno,Administração (Bacharelado) | EP_R2_PPI | Darcy Ribeiro,Administração (Bacharelado) | EP_R2_PPI | Diurno
2019-2021,2021,Darcy Ribeiro,Administração (Bacharelado),Diurno,EP_R2_NPPI,EP_R2_NPPI,True,R2,NPPI,False,1.5,-11.331,85.005,2019-2021,2019,2021,2,Administração (Bacharelado) | Darcy Ribeiro,Administração (Bacharelado) | Diurno,Administração (Bacharelado) | EP_R2_NPPI,Administração (Bacharelado) | Darcy Ribeiro | Diurno,Administração (Bacharelado) | EP_R2_NPPI | Darcy Ribeiro,Administração (Bacharelado) | EP_R2_NPPI | Diurno
2019-2021,2021,Darcy Ribeiro,Administração (Bacharelado),Diurno,AC,AC,False,,,False,,36.705,120.3,2019-2021,2019,2021,2,Administração (Bacharelado) | Darcy Ribeiro,Administração (Bacharelado) | Diurno,Administração (Bacharelado) | AC,Administração (Bacharelado) | Darcy Ribeiro | Diurno,Administração (Bacharelado) | AC | Darcy Ribeiro,Administração (Bacharelado) | AC | Diurno
2019-2021,2021,Darcy Ribeiro,Administração (Bacharelado),Noturno,CN,CN,False,,NEGROS,False,,-1.176,2.32,2019-2021,2019,2021,2,Administração (Bacharelado) | Darcy Ribeiro,Administração (Bacharelado) | Noturno,Administração (Bacharelado) | CN,Administração (Bacharelado) | Darcy Ribeiro | Noturno,Administração (Bacharelado) | CN | Darcy Ribeiro,Administração (Bacharelado) | CN | Noturno
2019-2021,2021,Darcy Ribeiro,Administração (Bacharelado),Noturno,EP_R1_PPI,EP_R1_PPI,True,R1,PPI,False,1.5,-72.089,-12.149,2019-2021,2019,2021,2,Administração (Bacharelado) | Darcy Ribeiro,Administração (Bacharelado) | Noturno,Administração (Bacharelado) | EP_R1_PPI,Administração (Bacharelado) | Darcy Ribeiro | Noturno,Administração (Bacharelado) | EP_R1_PPI | Darcy Ribeiro,Administração (Bacharelado) | EP_R1_PPI | Noturno
2019-2021,2021,Darcy Ribeiro,Administração (Bacharelado),Noturno,EP_R1_NPPI,EP_R1_NPPI,True,R1,NPPI,False,1.5,-28.8,11.743,2019-2021,2019,2021,2,Administração (Bacharelado) | Darcy Ribeiro,Administração (Bacharelado) | Noturno,Administração (Bacharelado) | EP_R1_NPPI,Administração (Bacharelado) | Darcy Ribeiro | Noturno,Administração (Bacharelado) | EP_R1_NPPI | Darcy Ribeiro,Administração (Bacharelado) | EP_R1_NPPI | Noturno
2019-2021,2021,Darcy Ribeiro,Administração (Bacharelado),Noturno,EP_R2_PPI,EP_R2_PPI,True,R2,PPI,False,1.5,-51.667,-6.11,2019-2021,2019,2021,2,Administração (Bacharelado) | Darcy Ribeiro,Administração (Bacharelado) | Noturno,Administração (Bacharelado) | EP_R2_PPI,Administração (Bacharelado) | Darcy Ribeiro | Noturno,Administração (Bacharelado) | EP_R2_PPI | Darcy Ribeiro,Administração (Bacharelado) | EP_R2_PPI | Noturno
2019-2021,2021,Darcy Ribeiro,Administração (Bacharelado),Noturno,EP_R2_NPPI,EP_R2_NPPI,True,R2,NPPI,False,1.5,-8.376,14.991,2019-2021,2019,2021,2,Administração (Bacharelado) | Darcy Ribeiro,Administração (Bacharelado) | Noturno,Administração (Bacharelado) | EP_R2_NPPI,Administração (Bacharelado) | Darcy Ribeiro | Noturno,Administração (Bacharelado) | EP_R2_NPPI | Darcy Ribeiro,Administração (Bacharelado) | EP_R2_NPPI | Noturno
2019-2021,2021,Darcy Ribeiro,Administração (Bacharelado),Noturno,AC,AC,False,,,False,,-2.777,98.221,2019-2021,2019,2021,2,Administração (Bacharelado) | Darcy Ribeiro,Administração (Bacharelado) | Noturno,Administração (Bacharelado) | AC,Administração (Bacharelado) | Darcy Ribeiro | Noturno,Administração (Bacharelado) | AC | Darcy Ribeiro,Administração (Bacharelado) | AC | Noturno
2019-2021,2021,Darcy Ribeiro,Agronomia (Bacharelado),Diurno,CN,CN,False,,NEGROS,False,,-13.14,11.95,2019-2021,2019,2021,2,Agronomia (Bacharelado) | Darcy Ribeiro,Agronomia (Bacharelado) | Diurno,Agronomia (Bacharelado) | CN,Agronomia (Bacharelado) | Darcy Ribeiro | Diurno,Agronomia (Bacharelado) | CN | Darcy Ribeiro,Agronomia (Bacharelado) | CN | Diurno
2019-2021,2021,Darcy Ribeiro,Agronomia (Bacharelado),Diurno,EP_R1_PPI,EP_R1_PPI,True,R1,PPI,False,1.5,-60.355,-33.373,2019-2021,2019,2021,2,Agronomia (Bacharelado) | Darcy Ribeiro,Agronomia (Bacharelado) | Diurno,Agronomia (Bacharelado) | EP_R1_PPI,Agronomia (Bacharelado) | Darcy Ribeiro | Diurno,Agronomia (Bacharelado) | EP_R1_PPI | Darcy Ribeiro,Agronomia (Bacharelado) | EP_R1_PPI | Diurno
2019-2021,2021,Darcy Ribeiro,Agronomia (Bacharelado),Diurno,EP_R1_NPPI,EP_R1_NPPI,True,R1,NPPI,False,1.5,-50.337,33.84,2019-2021,2019,2021,2,Agronomia (Bacharelado) | Darcy Ribeiro,Agronomia (Bacharelado) | Diurno,Agronomia (Bacharelado) | EP_R1_NPPI,Agronomia (Bacharelado) | Darcy Ribeiro | Diurno,Agronomia (Bacharelado) | EP_R1_NPPI | Darcy Ribeiro,Agronomia (Bacharelado) | EP_R1_NPPI | Diurno
2019-2021,2021,Darcy Ribeiro,Agronomia (Bacharelado),Diurno,EP_R2_PPI,EP_R2_PPI,True,R2,PPI,False,1.5,-79.596,,2019-2021,2019,2021,2,Agronomia (Bacharelado) | Darcy Ribeiro,Agronomia (Bacharelado) | Diurno,Agronomia (Bacharelado) | EP_R2_PPI,Agronomia (Bacharelado) | Darcy Ribeiro | Diurno,Agronomia (Bacharelado) | EP_R2_PPI | Darcy Ribeiro,Agronomia (Bacharelado) | EP_R2_PPI | Diurno
2019-2021,2021,Darcy Ribeiro,Agronomia (Bacharelado),Diurno,EP_R2_NPPI,EP_R2_NPPI,True,R2,NPPI,False,1.5,-47.09,38.297,2019-2021,2019,2021,2,Agronomia (Bacharelado) | Darcy Ribeiro,Agronomia (Bacharelado) | Diurno,Agronomia (Bacharelado) | EP_R2_NPPI,Agronomia (Bacharelado) | Darcy Ribeiro | Diurno,Agronomia (Bacharelado) | EP_R2_NPPI | Darcy Ribeiro,Agronomia (Bacharelado) | EP_R2_NPPI | Diurno
2019-2021,2021,Darcy Ribeiro,Agronomia (Bacharelado),Diurno,AC,AC,False,,,False,,-9.125,49.697,2019-2021,2019,2021,2,Agronomia (Bacharelado) | Darcy Ribeiro,Agronomia (Bacharelado) | Diurno,Agronomia (Bacharelado) | AC,Agronomia (Bacharelado) | Darcy Ribeiro | Diurno,Agronomia (Bacharelado) | AC | Darcy Ribeiro,Agronomia (Bacharelado) | AC | Diurno
2019-2021,2021,Darcy Ribeiro,Arquitetura e Urbanismo (Bacharelado),Diurno,CN,CN,False,,NEGROS,False,,85.859,85.859,2019-2021,2019,2021,2,Arquitetura e Urbanismo (Bacharelado) | Darcy Ribeiro,Arquitetura e Urbanismo (Bacharelado) | Diurno,Arquitetura e Urbanismo (Bacharelado) | CN,Arquitetura e Urbanismo (Bacharelado) | Darcy Ribeiro | Diurno,Arquitetura e Urbanismo (Bacharelado) | CN | Darcy Ribeiro,Arquitetura e Urbanismo (Bacharelado) | CN | Diurno
2019-2021,2021,Darcy Ribeiro,Arquitetura e Urbanismo (Bacharelado),Diurno,EP_R1_PPI,EP_R1_PPI,True,R1,PPI,False,1.5,16.653,31.35,2019-2021,2019,2021,2,Arquitetura e Urbanismo (Bacharelado) | Darcy Ribeiro,Arquitetura e Urbanismo (Bacharelado) | Diurno,Arquitetura e Urbanismo (Bacharelado) | EP_R1_PPI,Arquitetura e Urbanismo (Bacharelado) | Darcy Ribeiro | Diurno,Arquitetura e Urbanismo (Bacharelado) | EP_R1_PPI | Darcy Ribeiro,Arquitetura e Urbanismo (Bacharelado) | EP_R1_PPI | Diurno
2019-2021,2021,Darcy Ribeiro,Arquitetura e Urbanismo (Bacharelado),Diurno,EP_R1_NPPI,EP_R1_NPPI,True,R1,NPPI,False,1.5,20.353,38.018,2019-2021,2019,2021,2,Arquitetura e Urbanismo (Bacharelado) | Darcy Ribeiro,Arquitetura e Urbanismo (Bacharelado) | Diurno,Arquitetura e Urbanismo (Bacharelado) | EP_R1_NPPI,Arquitetura e Urbanismo (Bacharelado) | Darcy Ribeiro | Diurno,Arquitetura e Urbanismo (Bacharelado) | EP_R1_NPPI | Darcy Ribeiro,Arquitetura e Urbanismo (Bacharelado) | EP_R1_NPPI | Diurno
2019-2021,2021,Darcy Ribeiro,Arquitetura e Urbanismo (Bacharelado),Diurno,EP_R2_PPI,EP_R2_PPI,True,R2,PPI,False,1.5,18.42,53.972,2019-2021,2019,2021,2,Arquitetura e Urbanismo (Bacharelado) | Darcy Ribeiro,Arquitetura e Urbanismo (Bacharelado) | Diurno,Arquitetura e Urbanismo (Bacharelado) | EP_R2_PPI,Arquitetura e Urbanismo (Bacharelado) | Darcy Ribeiro | Diurno,Arquitetura e Urbanismo (Bacharelado) | EP_R2_PPI | Darcy Ribeiro,Arquitetura e Urbanismo (Bacharelado) | EP_R2_PPI | Diurno
2019-2021,2021,Darcy Ribeiro,Arquitetura e Urbanismo (Bacharelado),Diurno,EP_R2_NPPI,EP_R2_NPPI,True,R2,NPPI,False,1.5,49.823,61.77,2019-2021,2019,2021,2,Arquitetura e Urbanismo (Bacharelado) | Darcy Ribeiro,Arquitetura e Urbanismo (Bacharelado) | Diurno,Arquitetura e Urbanismo (Bacharelado) | EP_R2_NPPI,Arquitetura e Urbanismo (Bacharelado) | Darcy Ribeiro | Diurno,Arquitetura e Urbanismo (Bacharelado) | EP_R2_NPPI | Darcy Ribeiro,Arquitetura e Urbanismo (Bacharelado) | EP_R2_NPPI | Diurno
2019-2021,2021,Darcy Ribeiro,Arquitetura e Urbanismo (Bacharelado),Diurno,AC,AC,False,,,False,,74.758,,2019-2021,2019,2021,2,Arquitetura e Urbanismo (Bacharelado) | Darcy Ribeiro,Arquitetura e Urbanismo (Bacharelado) | Diurno,Arquitetura e Urbanismo (Bacharelado) | AC,Arquitetura e Urbanismo (Bacharelado) | Darcy Ribeiro | Diurno,Arquitetura e Urbanismo (Bacharelado) | AC | Darcy Ribeiro,Arquitetura e Urbanismo (Bacharelado) | AC | Diurno
2019-2021,2021,Darcy Ribeiro,Arquitetura e Urbanismo (Bacharelado),Noturno,CN,CN,False,,NEGROS,False,,-2.692,-2.692,2019-2021,2019,2021,2,Arquitetura e Urbanismo (Bacharelado) | Darcy Ribeiro,Arquitetura e Urbanismo (Bacharelado) | Noturno,Arquitetura e Urbanismo (Bacharelado) | CN,Arquitetura e Urbanismo (Bacharelado) | Darcy Ribeiro | Noturno,Arquitetura e Urbanismo (Bacharelado) | CN | Darcy Ribeiro,Arquitetura e Urbanismo (Bacharelado) | CN | Noturno
2019-2021,2021,Darcy Ribeiro,Arquitetura e Urbanismo (Bacharelado),Noturno,EP_R1_PPI,EP_R1_PPI,True,R1,PPI,False,1.5,-46.6,-28.781,2019-2021,2019,2021,2,Arquitetura e Urbanismo (Bacharelado) | Darcy Ribeiro,Arquitetura e Urbanismo (Bacharelado) | Noturno,Arquitetura e Urbanismo (Bacharelado) | EP_R1_PPI,Arquitetura e Urbanismo (Bacharelado) | Darcy Ribeiro | Noturno,Arquitetura e Urbanismo (Bacharelado) | EP_R1_PPI | Darcy Ribeiro,Arquitetura e Urbanismo (Bacharelado) | EP_R1_PPI | Noturno
2019-2021,2021,Darcy Ribeiro,Arquitetura e Urbanismo (Bacharelado),Noturno,EP_R1_NPPI,EP_R1_NPPI,True,R1,NPPI,False,1.5,-2.815,12.718,2019-2021,2019,2021,2,Arquitetura e Urbanismo (Bacharelado) | Darcy Ribeiro,Arquitetura e Urbanismo (Bacharelado) | Noturno,Arquitetura e Urbanismo (Bacharelado) | EP_R1_NPPI,Arquitetura e Urbanismo (Bacharelado) | Darcy Ribeiro | Noturno,Arquitetura e Urbanismo (Bacharelado) | EP_R1_NPPI | Darcy Ribeiro,Arquitetura e Urbanismo (Bacharelado) | EP_R1_NPPI | Noturno
2019-2021,2021,Darcy Ribeiro,Arquitetura e Urbanismo (Bacharelado),Noturno,EP_R2_PPI,EP_R2_PPI,True,R2,PPI,False,1.5,-10.972,-10.972,2019-2021,2019,2021,2,Arquitetura e Urbanismo (Bacharelado) | Darcy Ribeiro,Arquitetura e Urbanismo (Bacharelado) | Noturno,Arquitetura e Urbanismo (Bacharelado) | EP_R2_PPI,Arquitetura e Urbanismo (Bacharelado) | Darcy Ribeiro | Noturno,Arquitetura e Urbanismo (Bacharelado) | EP_R2_PPI | Darcy Ribeiro,Arquitetura e Urbanismo (Bacharelado) | EP_R2_PPI | Noturno
2019-2021,2021,Darcy Ribeiro,Arquitetura e Urbanismo (Bacharelado),Noturno,EP_R2_NPPI,EP_R2_NPPI,True,R2,NPPI,False,1.5,-14.083,12.438,2019-2021,2019,2021,2,Arquitetura e Urbanismo (Bacharelado) | Darcy Ribeiro,Arquitetura e Urbanismo (Bacharelado) | Noturno,Arquitetura e Urbanismo (Bacharelado) | EP_R2_NPPI,Arquitetura e Urbanismo (Bacharelado) | Darcy Ribeiro | Noturno,Arquitetura e Urbanismo (Bacharelado) | EP_R2_NPPI | Darcy Ribeiro,Arquitetura e Urbanismo (Bacharelado) | EP_R2_NPPI | Noturno
2019-2021,2021,Darcy Ribeiro,Arquitetura e Urbanismo (Bacharelado),Noturno,AC,AC,False,,,False,,19.181,76.568,2019-2021,2019,2021,2,Arquitetura e Urbanismo (Bacharelado) | Darcy Ribeiro,Arquitetura e Urbanismo (Bacharelado) | Noturno,Arquitetura e Urbanismo (Bacharelado) | AC,Arquitetura e Urbanismo (Bacharelado) | Darcy Ribeiro | Noturno,Arquitetura e Urbanismo (Bacharelado) | AC | Darcy Ribeiro,Arquitetura e Urbanismo (Bacharelado) | AC | Noturno
2019-2021,2021,Darcy Ribeiro,Arquivologia (Bacharelado),Noturno,CN,CN,False,,NEGROS,False,,-72.96,-72.96,2019-2021,2019,2021,2,Arquivologia (Bacharelado) | Darcy Ribeiro,Arquivologia (Bacharelado) | Noturno,Arquivologia (Bacharelado) | CN,Arquivologia (Bacharelado) | Darcy Ribeiro | Noturno,Arquivologia (Bacharelado) | CN | Darcy Ribeiro,Arquivologia (Bacharelado) | CN | Noturno
2019-2021,2021,Darcy Ribeiro,Arquivologia (Bacharelado),Noturno,EP_R2_NPPI,EP_R2_NPPI,True,R2,NPPI,False,1.5,-59.094,-59.094,2019-2021,2019,2021,2,Arquivologia (Bacharelado) | Darcy Ribeiro,Arquivologia (Bacharelado) | Noturno,Arquivologia (Bacharelado) | EP_R2_NPPI,Arquivologia (Bacharelado) | Darcy Ribeiro | Noturno,Arquivologia (Bacharelado) | EP_R2_NPPI | Darcy Ribeiro,Arquivologia (Bacharelado) | EP_R2_NPPI | Noturno
2019-2021,2021,Darcy Ribeiro,Arquivologia (Bacharelado),Noturno,AC,AC,False,,,False,,-70.173,-5.298,2019-2021,2019,2021,2,Arquivologia (Bacharelado) | Darcy Ribeiro,Arquivologia (Bacharelado) | Noturno,Arquivologia (Bacharelado) | AC,Arquivologia (Bacharelado) | Darcy Ribeiro | Noturno,Arquivologia (Bacharelado) | AC | Darcy Ribeiro,Arquivologia (Bacharelado) | AC | Noturno
2019-2021,2021,Darcy Ribeiro,Artes Cênicas (Bacharelado),Diurno,EP_R1_PPI,EP_R1_PPI,True,R1,PPI,False,1.5,0.432,0.432,2019-2021,2019,2021,2,Artes Cênicas (Bacharelado) | Darcy Ribeiro,Artes Cênicas (Bacharelado) | Diurno,Artes Cênicas (Bacharelado) | EP_R1_PPI,Artes Cênicas (Bacharelado) | Darcy Ribeiro | Diurno,Artes Cênicas (Bacharelado) | EP_R1_PPI | Darcy Ribeiro,Artes Cênicas (Bacharelado) | EP_R1_PPI | Diurno
2019-2021,2021,Darcy Ribeiro,Artes Cênicas (Bacharelado),Diurno,AC,AC,False,,,False,,-31.865,22.845,2019-2021,2019,2021,2,Artes Cênicas (Bacharelado) | Darcy Ribeiro,Artes Cênicas (Bacharelado) | Diurno,Artes Cênicas (Bacharelado) | AC,Artes Cênicas (Bacharelado) | Darcy Ribeiro | Diurno,Artes Cênicas (Bacharelado) | AC | Darcy Ribeiro,Artes Cênicas (Bacharelado) | AC | Diurno
2019-2021,2021,Darcy Ribeiro,Artes Cênicas (Literatura),Noturno,EP_R1_PPI,EP_R1_PPI,True,R1,PPI,False,1.5,-10.798,-10.798,2019-2021,2019,2021,2,Artes Cênicas (Literatura) | Darcy Ribeiro,Artes Cênicas (Literatura) | Noturno,Artes Cênicas (Literatura) | EP_R1_PPI,Artes Cênicas (Literatura) | Darcy Ribeiro | Noturno,Artes Cênicas (Literatura) | EP_R1_PPI | Darcy Ribeiro,Artes Cênicas (Literatura) | EP_R1_PPI | Noturno
2019-2021,2021,Darcy Ribeiro,Artes Cênicas (Literatura),Diurno,EP_R2_PPI,EP_R2_PPI,True,R2,PPI,False,1.5,-49.617,-49.617,2019-2021,2019,2021,2,Artes Cênicas (Literatura) | Darcy Ribeiro,Artes Cênicas (Literatura) | Diurno,Artes Cênicas (Literatura) | EP_R2_PPI,Artes Cênicas (Literatura) | Darcy Ribeiro | Diurno,Artes Cênicas (Literatura) | EP_R2_PPI | Darcy Ribeiro,Artes Cênicas (Literatura) | EP_R2_PPI | Diurno
2019-2021,2021,Darcy Ribeiro,Artes Cênicas (Literatura),Diurno,AC,AC,False,,,False,,18.627,18.627,2019-2021,2019,2021,2,Artes Cênicas (Literatura) | Darcy Ribeiro,Artes Cênicas (Literatura) | Diurno,Artes Cênicas (Literatura) | AC,Artes Cênicas (Literatura) | Darcy Ribeiro | Diurno,Artes Cênicas (Literatura) | AC | Darcy Ribeiro,Artes Cênicas (Literatura) | AC | Diurno
2019-2021,2021,Darcy Ribeiro,Artes Visuais (Bacharelado),Diurno,AC,AC,False,,,False,,-68.761,10.926,2019-2021,2019,2021,2,Artes Visuais (Bacharelado) | Darcy Ribeiro,Artes Visuais (Bacharelado) | Diurno,Artes Visuais (Bacharelado) | AC,Artes Visuais (Bacharelado) | Darcy Ribeiro | Diurno,Artes Visuais (Bacharelado) | AC | Darcy Ribeiro,Artes Visuais (Bacharelado) | AC | Diurno
2019-2021,2021,Darcy Ribeiro,Biblioteconomia (Bacharelado),Diurno,CN,CN,False,,NEGROS,False,,-13.884,-13.884,2019-2021,2019,2021,2,Biblioteconomia (Bacharelado) | Darcy Ribeiro,Biblioteconomia (Bacharelado) | Diurno,Biblioteconomia (Bacharelado) | CN,Biblioteconomia (Bacharelado) | Darcy Ribeiro | Diurno,Biblioteconomia (Bacharelado) | CN | Darcy Ribeiro,Biblioteconomia (Bacharelado) | CN | Diurno
2019-2021,2021,Darcy Ribeiro,Biblioteconomia (Bacharelado),Diurno,EP_R1_PPI,EP_R1_PPI,True,R1,PPI,False,1.5,-41.515,-41.515,2019-2021,2019,2021,2,Biblioteconomia (Bacharelado) | Darcy Ribeiro,Biblioteconomia (Bacharelado) | Diurno,Biblioteconomia (Bacharelado) | EP_R1_PPI,Biblioteconomia (Bacharelado) | Darcy Ribeiro | Diurno,Biblioteconomia (Bacharelado) | EP_R1_PPI | Darcy Ribeiro,Biblioteconomia (Bacharelado) | EP_R1_PPI | Diurno
2019-2021,2021,Darcy Ribeiro,Biblioteconomia (Bacharelado),Diurno,EP_R1_NPPI,EP_R1_NPPI,True,R1,NPPI,False,1.5,-36.505,-15.885,2019-2021,2019,2021,2,Biblioteconomia (Bacharelado) | Darcy Ribeiro,Biblioteconomia (Bacharelado) | Diurno,Biblioteconomia (Bacharelado) | EP_R1_NPPI,Biblioteconomia (Bacharelado) | Darcy Ribeiro | Diurno,Biblioteconomia (Bacharelado) | EP_R1_NPPI | Darcy Ribeiro,Biblioteconomia (Bacharelado) | EP_R1_NPPI | Diurno
2019-2021,2021,Darcy Ribeiro,Biblioteconomia (Bacharelado),Diurno,EP_R2_PPI,EP_R2_PPI,True,R2,PPI,False,1.5,-9.93,-9.93,2019-2021,2019,2021,2,Biblioteconomia (Bacharelado) | Darcy Ribeiro,Biblioteconomia (Bacharelado) | Diurno,Biblioteconomia (Bacharelado) | EP_R2_PPI,Biblioteconomia (Bacharelado) | Darcy Ribeiro | Diurno,Biblioteconomia (Bacharelado) | EP_R2_PPI | Darcy Ribeiro,Biblioteconomia (Bacharelado) | EP_R2_PPI | Diurno
2019-2021,2021,Darcy Ribeiro,Biblioteconomia (Bacharelado),Diurno,EP_R2_NPPI,EP_R2_NPPI,True,R2,NPPI,False,1.5,-10.259,9.476,2019-2021,2019,2021,2,Biblioteconomia (Bacharelado) | Darcy Ribeiro,Biblioteconomia (Bacharelado) | Diurno,Biblioteconomia (Bacharelado) | EP_R2_NPPI,Biblioteconomia (Bacharelado) | Darcy Ribeiro | Diurno,Biblioteconomia (Bacharelado) | EP_R2_NPPI | Darcy Ribeiro,Biblioteconomia (Bacharelado) | EP_R2_NPPI | Diurno
2019-2021,2021,Darcy Ribeiro,Biblioteconomia (Bacharelado),Diurno,AC,AC,False,,,False,,-80.935,60.65,2019-2021,2019,2021,2,Biblioteconomia (Bacharelado) | Darcy Ribeiro,Biblioteconomia (Bacharelado) | Diurno,Biblioteconomia (Bacharelado) | AC,Biblioteconomia (Bacharelado) | Darcy Ribeiro | Diurno,Biblioteconomia (Bacharelado) | AC | Darcy Ribeiro,Biblioteconomia (Bacharelado) | AC | Diurno
2019-2021,2021,Darcy Ribeiro,Biologia (Licenciatura),Diurno,CN,CN,False,,NEGROS,False,,45.804,45.804,2019-2021,2019,2021,2,Biologia (Licenciatura) | Darcy Ribeiro,Biologia (Licenciatura) | Diurno,Biologia (Licenciatura) | CN,Biologia (Licenciatura) | Darcy Ribeiro | Diurno,Biologia (Licenciatura) | CN | Darcy Ribeiro,Biologia (Licenciatura) | CN | Diurno
2019-2021,2021,Darcy Ribeiro,Biologia (Licenciatura),Diurno,EP_R1_PPI,EP_R1_PPI,True,R1,PPI,False,1.5,,-7.024,2019-2021,2019,2021,2,Biologia (Licenciatura) | Darcy Ribeiro,Biologia (Licenciatura) | Diurno,Biologia (Licenciatura) | EP_R1_PPI,Biologia (Licenciatura) | Darcy Ribeiro | Diurno,Biologia (Licenciatura) | EP_R1_PPI | Darcy Ribeiro,Biologia (Licenciatura) | EP_R1_PPI | Diurno
2019-2021,2021,Darcy Ribeiro,Biologia (Licenciatura),Diurno,EP_R1_NPPI,EP_R1_NPPI,True,R1,NPPI,False,1.5,38.006,47.711,2019-2021,2019,2021,2,Biologia (Licenciatura) | Darcy Ribeiro,Biologia (Licenciatura) | Diurno,Biologia (Licenciatura) | EP_R1_NPPI,Biologia (Licenciatura) | Darcy Ribeiro | Diurno,Biologia (Licenciatura) | EP_R1_NPPI | Darcy Ribeiro,Biologia (Licenciatura) | EP_R1_NPPI | Diurno
2019-2021,2021,Darcy Ribeiro,Biologia (Licenciatura),Diurno,EP_R2_PPI,EP_R2_PPI,True,R2,PPI,False,1.5,21.358,36.304,2019-2021,2019,2021,2,Biologia (Licenciatura) | Darcy Ribeiro,Biologia (Licenciatura) | Diurno,Biologia (Licenciatura) | EP_R2_PPI,Biologia (Licenciatura) | Darcy Ribeiro | Diurno,Biologia (Licenciatura) | EP_R2_PPI | Darcy Ribeiro,Biologia (Licenciatura) | EP_R2_PPI | Diurno
2019-2021,2021,Darcy Ribeiro,Biologia (Licenciatura),Diurno,EP_R2_NPPI,EP_R2_NPPI,True,R2,NPPI,False,1.5,51.276,55.29,2019-2021,2019,2021,2,Biologia (Licenciatura) | Darcy Ribeiro,Biologia (Licenciatura) | Diurno,Biologia (Licenciatura) | EP_R2_NPPI,Biologia (Licenciatura) | Darcy Ribeiro | Diurno,Biologia (Licenciatura) | EP_R2_NPPI | Darcy Ribeiro,Biologia (Licenciatura) | EP_R2_NPPI | Diurno
2019-2021,2021,Darcy Ribeiro,Biologia (Licenciatura),Diurno,AC,AC,False,,,False,,61.373,143.74,2019-2021,2019,2021,2,Biologia (Licenciatura) | Darcy Ribeiro,Biologia (Licenciatura) | Diurno,Biologia (Licenciatura) | AC,Biologia (Licenciatura) | Darcy Ribeiro | Diurno,Biologia (Licenciatura) | AC | Darcy Ribeiro,Biologia (Licenciatura) | AC | Diurno
2019-2021,2021,Darcy Ribeiro,Biologia (Licenciatura),Noturno,CN,CN,False,,NEGROS,False,,40.662,40.662,2019-2021,2019,2021,2,Biologia (Licenciatura) | Darcy Ribeiro,Biologia (Licenciatura) | Noturno,Biologia (Licenciatura) | CN,Biologia (Licenciatura) | Darcy Ribeiro | Noturno,Biologia (Licenciatura) | CN | Darcy Ribeiro,Biologia (Licenciatura) | CN | Noturno
2019-2021,2021,Darcy Ribeiro,Biologia (Licenciatura),Noturno,EP_R1_PPI,EP_R1_PPI,True,R1,PPI,False,1.5,-25.71,32.075,2019-2021,2019,2021,2,Biologia (Licenciatura) | Darcy Ribeiro,Biologia (Licenciatura) | Noturno,Biologia (Licenciatura) | EP_R1_PPI,Biologia (Licenciatura) | Darcy Ribeiro | Noturno,Biologia (Licenciatura) | EP_R1_PPI | Darcy Ribeiro,Biologia (Licenciatura) | EP_R1_PPI | Noturno
2019-2021,2021,Darcy Ribeiro,Biologia (Licenciatura),Noturno,EP_R1_NPPI,EP_R1_NPPI,True,R1,NPPI,False,1.5,-18.134,22.642,2019-2021,2019,2021,2,Biologia (Licenciatura) | Darcy Ribeiro,Biologia (Licenciatura) | Noturno,Biologia (Licenciatura) | EP_R1_NPPI,Biologia (Licenciatura) | Darcy Ribeiro | Noturno,Biologia (Licenciatura) | EP_R1_NPPI | Darcy Ribeiro,Biologia (Licenciatura) | EP_R1_NPPI | Noturno
2019-2021,2021,Darcy Ribeiro,Biologia (Licenciatura),Noturno,EP_R2_PPI,EP_R2_PPI,True,R2,PPI,False,1.5,-26.888,-17.786,2019-2021,2019,2021,2,Biologia (Licenciatura) | Darcy Ribeiro,Biologia (Licenciatura) | Noturno,Biologia (Licenciatura) | EP_R2_PPI,Biologia (Licenciatura) | Darcy Ribeiro | Noturno,Biologia (Licenciatura) | EP_R2_PPI | Darcy Ribeiro,Biologia (Licenciatura) | EP_R2_PPI | Noturno
2019-2021,2021,Darcy Ribeiro,Biologia (Licenciatura),Noturno,EP_R2_NPPI,EP_R2_NPPI,True,R2,NPPI,False,1.5,19.703,40.899,2019-2021,2019,2021,2,Biologia (Licenciatura) | Darcy Ribeiro,Biologia (Licenciatura) | Noturno,Biologia (Licenciatura) | EP_R2_NPPI,Biologia (Licenciatura) | Darcy Ribeiro | Noturno,Biologia (Licenciatura) | EP_R2_NPPI | Darcy Ribeiro,Biologia (Licenciatura) | EP_R2_NPPI | Noturno
2019-2021,2021,Darcy Ribeiro,Biologia (Licenciatura),Noturno,AC,AC,False,,,False,,5.948,,2019-2021,2019,2021,2,Biologia (Licenciatura) | Darcy Ribeiro,Biologia (Licenciatura) | Noturno,Biologia (Licenciatura) | AC,Biologia (Licenciatura) | Darcy Ribeiro | Noturno,Biologia (Licenciatura) | AC | Darcy Ribeiro,Biologia (Licenciatura) | AC | Noturno
2019-2021,2021,Darcy Ribeiro,Biotecnologia (Bacharelado),Diurno,CN,CN,False,,NEGROS,False,,29.186,29.186,2019-2021,2019,2021,2,Biotecnologia (Bacharelado) | Darcy Ribeiro,Biotecnologia (Bacharelado) | Diurno,Biotecnologia (Bacharelado) | CN,Biotecnologia (Bacharelado) | Darcy Ribeiro | Diurno,Biotecnologia (Bacharelado) | CN | Darcy Ribeiro,Biotecnologia (Bacharelado) | CN | Diurno
2019-2021,2021,Darcy Ribeiro,Biotecnologia (Bacharelado),Diurno,EP_R1_PPI,EP_R1_PPI,True,R1,PPI,False,1.5,-29.963,12.895,2019-2021,2019,2021,2,Biotecnologia (Bacharelado) | Darcy Ribeiro,Biotecnologia (Bacharelado) | Diurno,Biotecnologia (Bacharelado) | EP_R1_PPI,Biotecnologia (Bacharelado) | Darcy Ribeiro | Diurno,Biotecnologia (Bacharelado) | EP_R1_PPI | Darcy Ribeiro,Biotecnologia (Bacharelado) | EP_R1_PPI | Diurno
2019-2021,2021,Darcy Ribeiro,Biotecnologia (Bacharelado),Diurno,EP_R1_NPPI,EP_R1_NPPI,True,R1,NPPI,False,1.5,-62.356,44.477,2019-2021,2019,2021,2,Biotecnologia (Bacharelado) | Darcy Ribeiro,Biotecnologia (Bacharelado) | Diurno,Biotecnologia (Bacharelado) | EP_R1_NPPI,Biotecnologia (Bacharelado) | Darcy Ribeiro | Diurno,Biotecnologia (Bacharelado) | EP_R1_NPPI | Darcy Ribeiro,Biotecnologia (Bacharelado) | EP_R1_NPPI | Diurno
2019-2021,2021,Darcy Ribeiro,Biotecnologia (Bacharelado),Diurno,EP_R2_PPI,EP_R2_PPI,True,R2,PPI,False,1.5,-53.337,58.876,2019-2021,2019,2021,2,Biotecnologia (Bacharelado) | Darcy Ribeiro,Biotecnologia (Bacharelado) | Diurno,Biotecnologia (Bacharelado) | EP_R2_PPI,Biotecnologia (Bacharelado) | Darcy Ribeiro | Diurno,Biotecnologia (Bacharelado) | EP_R2_PPI | Darcy Ribeiro,Biotecnologia (Bacharelado) | EP_R2_PPI | Diurno
2019-2021,2021,Darcy Ribeiro,Biotecnologia (Bacharelado),Diurno,EP_R2_NPPI,EP_R2_NPPI,True,R2,NPPI,False,1.5,55.938,88.431,2019-2021,2019,2021,2,Biotecnologia (Bacharelado) | Darcy Ribeiro,Biotecnologia (Bacharelado) | Diurno,Biotecnologia (Bacharelado) | EP_R2_NPPI,Biotecnologia (Bacharelado) | Darcy Ribeiro | Diurno,Biotecnologia (Bacharelado) | EP_R2_NPPI | Darcy Ribeiro,Biotecnologia (Bacharelado) | EP_R2_NPPI | Diurno
2019-2021,2021,Darcy Ribeiro,Biotecnologia (Bacharelado),Diurno,AC,AC,False,,,False,,87.359,154.25,2019-2021,2019,2021,2,Biotecnologia (Bacharelado) | Darcy Ribeiro,Biotecnologia (Bacharelado) | Diurno,Biotecnologia (Bacharelado) | AC,Biotecnologia (Bacharelado) | Darcy Ribeiro | Diurno,Biotecnologia (Bacharelado) | AC | Darcy Ribeiro,Biotecnologia (Bacharelado) | AC | Diurno
2019-2021,2021,Darcy Ribeiro,Ciência Política (Bacharelado),Diurno,CN,CN,False,,NEGROS,False,,-6.889,-6.889,2019-2021,2019,2021,2,Ciência Política (Bacharelado) | Darcy Ribeiro,Ciência Política (Bacharelado) | Diurno,Ciência Política (Bacharelado) | CN,Ciência Política (Bacharelado) | Darcy Ribeiro | Diurno,Ciência Política (Bacharelado) | CN | Darcy Ribeiro,Ciência Política (Bacharelado) | CN | Diurno
2019-2021,2021,Darcy Ribeiro,Ciência Política (Bacharelado),Diurno,EP_R1_PPI,EP_R1_PPI,True,R1,PPI,False,1.5,-14.082,41.919,2019-2021,2019,2021,2,Ciência Política (Bacharelado) | Darcy Ribeiro,Ciência Política (Bacharelado) | Diurno,Ciência Política (Bacharelado) | EP_R1_PPI,Ciência Política (Bacharelado) | Darcy Ribeiro | Diurno,Ciência Política (Bacharelado) | EP_R1_PPI | Darcy Ribeiro,Ciência Política (Bacharelado) | EP_R1_PPI | Diurno
2019-2021,2021,Darcy Ribeiro,Ciência Política (Bacharelado),Diurno,EP_R1_NPPI,EP_R1_NPPI,True,R1,NPPI,False,1.5,-27.935,-27.935,2019-2021,2019,2021,2,Ciência Política (Bacharelado) | Darcy Ribeiro,Ciência Política (Bacharelado) | Diurno,Ciência Política (Bacharelado) | EP_R1_NPPI,Ciência Política (Bacharelado) | Darcy Ribeiro | Diurno,Ciência Política (Bacharelado) | EP_R1_NPPI | Darcy Ribeiro,Ciência Política (Bacharelado) | EP_R1_NPPI | Diurno
2019-2021,2021,Darcy Ribeiro,Ciência Política (Bacharelado),Diurno,EP_R2_PPI,EP_R2_PPI,True,R2,PPI,False,1.5,-50.288,-8.471,2019-2021,2019,2021,2,Ciência Política (Bacharelado) | Darcy Ribeiro,Ciência Política (Bacharelado) | Diurno,Ciência Política (Bacharelado) | EP_R2_PPI,Ciência Política (Bacharelado) | Darcy Ribeiro | Diurno,Ciência Política (Bacharelado) | EP_R2_PPI | Darcy Ribeiro,Ciência Política (Bacharelado) | EP_R2_PPI | Diurno
2019-2021,2021,Darcy Ribeiro,Ciência Política (Bacharelado),Diurno,EP_R2_NPPI,EP_R2_NPPI,True,R2,NPPI,False,1.5,-13.224,26.979,2019-2021,2019,2021,2,Ciência Política (Bacharelado) | Darcy Ribeiro,Ciência Política (Bacharelado) | Diurno,Ciência Política (Bacharelado) | EP_R2_NPPI,Ciência Política (Bacharelado) | Darcy Ribeiro | Diurno,Ciência Política (Bacharelado) | EP_R2_NPPI | Darcy Ribeiro,Ciência Política (Bacharelado) | EP_R2_NPPI | Diurno
2019-2021,2021,Darcy Ribeiro,Ciência Política (Bacharelado),Diurno,AC,AC,False,,,False,,47.264,128.48,2019-2021,2019,2021,2,Ciência Política (Bacharelado) | Darcy Ribeiro,Ciência Política (Bacharelado) | Diurno,Ciência Política (Bacharelado) | AC,Ciência Política (Bacharelado) | Darcy Ribeiro | Diurno,Ciência Política (Bacharelado) | AC | Darcy Ribeiro,Ciência Política (Bacharelado) | AC | Diurno
2019-2021,2021,Darcy Ribeiro,Ciência da Computação (Bacharelado),Diurno,CN,CN,False,,NEGROS,False,,82.755,82.755,2019-2021,2019,2021,2,Ciência da Computação (Bacharelado) | Darcy Ribeiro,Ciência da Computação (Bacharelado) | Diurno,Ciência da Computação (Bacharelado) | CN,Ciência da Computação (Bacharelado) | Darcy Ribeiro | Diurno,Ciência da Computação (Bacharelado) | CN | Darcy Ribeiro,Ciência da Computação (Bacharelado) | CN | Diurno
2019-2021,2021,Darcy Ribeiro,Ciência da Computação (Bacharelado),Diurno,EP_R1_PPI,EP_R1_PPI,True,R1,PPI,False,1.5,9.006,79.464,2019-2021,2019,2021,2,Ciência da Computação (Bacharelado) | Darcy Ribeiro,Ciência da Computação (Bacharelado) | Diurno,Ciência da Computação (Bacharelado) | EP_R1_PPI,Ciência da Computação (Bacharelado) | Darcy Ribeiro | Diurno,Ciência da Computação (Bacharelado) | EP_R1_PPI | Darcy Ribeiro,Ciência da Computação (Bacharelado) | EP_R1_PPI | Diurno
2019-2021,2021,Darcy Ribeiro,Ciência da Computação (Bacharelado),Diurno,EP_R1_NPPI,EP_R1_NPPI,True,R1,NPPI,False,1.5,46.784,65.016,2019-2021,2019,2021,2,Ciência da Computação (Bacharelado) | Darcy Ribeiro,Ciência da Computação (Bacharelado) | Diurno,Ciência da Computação (Bacharelado) | EP_R1_NPPI,Ciência da Computação (Bacharelado) | Darcy Ribeiro | Diurno,Ciência da Computação (Bacharelado) | EP_R1_NPPI | Darcy Ribeiro,Ciência da Computação (Bacharelado) | EP_R1_NPPI | Diurno
2019-2021,2021,Darcy Ribeiro,Ciência da Computação (Bacharelado),Diurno,EP_R2_PPI,EP_R2_PPI,True,R2,PPI,False,1.5,29.628,64.873,2019-2021,2019,2021,2,Ciência da Computação (Bacharelado) | Darcy Ribeiro,Ciência da Computação (Bacharelado) | Diurno,Ciência da Computação (Bacharelado) | EP_R2_PPI,Ciência da Computação (Bacharelado) | Darcy Ribeiro | Diurno,Ciência da Computação (Bacharelado) | EP_R2_PPI | Darcy Ribeiro,Ciência da Computação (Bacharelado) | EP_R2_PPI | Diurno
2019-2021,2021,Darcy Ribeiro,Ciência da Computação (Bacharelado),Diurno,EP_R2_NPPI,EP_R2_NPPI,True,R2,NPPI,False,1.5,114.94,142.35,2019-2021,2019,2021,2,Ciência da Computação (Bacharelado) | Darcy Ribeiro,Ciência da Computação (Bacharelado) | Diurno,Ciência da Computação (Bacharelado) | EP_R2_NPPI,Ciência da Computação (Bacharelado) | Darcy Ribeiro | Diurno,Ciência da Computação (Bacharelado) | EP_R2_NPPI | Darcy Ribeiro,Ciência da Computação (Bacharelado) | EP_R2_NPPI | Diurno
2019-2021,2021,Darcy Ribeiro,Ciência da Computação (Bacharelado),Diurno,AC,AC,False,,,False,,115.0,192.19,2019-2021,2019,2021,2,Ciência da Computação (Bacharelado) | Darcy Ribeiro,Ciência da Computação (Bacharelado) | Diurno,Ciência da Computação (Bacharelado) | AC,Ciência da Computação (Bacharelado) | Darcy Ribeiro | Diurno,Ciência da Computação (Bacharelado) | AC | Darcy Ribeiro,Ciência da Computação (Bacharelado) | AC | Diurno
2019-2021,2021,Darcy Ribeiro,Ciências Ambientais (Bacharelado),Noturno,CN,CN,False,,NEGROS,False,,-16.032,-16.032,2019-2021,2019,2021,2,Ciências Ambientais (Bacharelado) | Darcy Ribeiro,Ciências Ambientais (Bacharelado) | Noturno,Ciências Ambientais (Bacharelado) | CN,Ciências Ambientais (Bacharelado) | Darcy Ribeiro | Noturno,Ciências Ambientais (Bacharelado) | CN | Darcy Ribeiro,Ciências Ambientais (Bacharelado) | CN | Noturno
2019-2021,2021,Darcy Ribeiro,Ciências Ambientais (Bacharelado),Noturno,EP_R2_PPI,EP_R2_PPI,True,R2,PPI,False,1.5,-15.686,-15.686,2019-2021,2019,2021,2,Ciências Ambientais (Bacharelado) | Darcy Ribeiro,Ciências Ambientais (Bacharelado) | Noturno,Ciências Ambientais (Bacharelado) | EP_R2_PPI,Ciências Ambientais (Bacharelado) | Darcy Ribeiro | Noturno,Ciências Ambientais (Bacharelado) | EP_R2_PPI | Darcy Ribeiro,Ciências Ambientais (Bacharelado) | EP_R2_PPI | Noturno
2019-2021,2021,Darcy Ribeiro,Ciências Ambientais (Bacharelado),Noturno,AC,AC,False,,,False,,-63.616,118.33,2019-2021,2019,2021,2,Ciências Ambientais (Bacharelado) | Darcy Ribeiro,Ciências Ambientais (Bacharelado) | Noturno,Ciências Ambientais (Bacharelado) | AC,Ciências Ambientais (Bacharelado) | Darcy Ribeiro | Noturno,Ciências Ambientais (Bacharelado) | AC | Darcy Ribeiro,Ciências Ambientais (Bacharelado) | AC | Noturno
2019-2021,2021,Darcy Ribeiro,Ciências Contábeis (Bacharelado),Diurno,CN,CN,False,,NEGROS,False,,-30.284,,2019-2021,2019,2021,2,Ciências Contábeis (Bacharelado) | Darcy Ribeiro,Ciências Contábeis (Bacharelado) | Diurno,Ciências Contábeis (Bacharelado) | CN,Ciências Contábeis (Bacharelado) | Darcy Ribeiro | Diurno,Ciências Contábeis (Bacharelado) | CN | Darcy Ribeiro,Ciências Contábeis (Bacharelado) | CN | Diurno
2019-2021,2021,Darcy Ribeiro,Ciências Contábeis (Bacharelado),Diurno,EP_R1_PPI,EP_R1_PPI,True,R1,PPI,False,1.5,,13.346,2019-2021,2019,2021,2,Ciências Contábeis (Bacharelado) | Darcy Ribeiro,Ciências Contábeis (Bacharelado) | Diurno,Ciências Contábeis (Bacharelado) | EP_R1_PPI,Ciências Contábeis (Bacharelado) | Darcy Ribeiro | Diurno,Ciências Contábeis (Bacharelado) | EP_R1_PPI | Darcy Ribeiro,Ciências Contábeis (Bacharelado) | EP_R1_PPI | Diurno
2019-2021,2021,Darcy Ribeiro,Ciências Contábeis (Bacharelado),Diurno,EP_R1_NPPI,EP_R1_NPPI,True,R1,NPPI,False,1.5,,12.234,2019-2021,2019,2021,2,Ciências Contábeis (Bacharelado) | Darcy Ribeiro,Ciências Contábeis (Bacharelado) | Diurno,Ciências Contábeis (Bacharelado) | EP_R1_NPPI,Ciências Contábeis (Bacharelado) | Darcy Ribeiro | Diurno,Ciências Contábeis (Bacharelado) | EP_R1_NPPI | Darcy Ribeiro,Ciências Contábeis (Bacharelado) | EP_R1_NPPI | Diurno
2019-2021,2021,Darcy Ribeiro,Ciências Contábeis (Bacharelado),Diurno,EP_R2_PPI,EP_R2_PPI,True,R2,PPI,False,1.5,,4.995,2019-2021,2019,2021,2,Ciências Contábeis (Bacharelado) | Darcy Ribeiro,Ciências Contábeis (Bacharelado) | Diurno,Ciências Contábeis (Bacharelado) | EP_R2_PPI,Ciências Contábeis (Bacharelado) | Darcy Ribeiro | Diurno,Ciências Contábeis (Bacharelado) | EP_R2_PPI | Darcy Ribeiro,Ciências Contábeis (Bacharelado) | EP_R2_PPI | Diurno
2019-2021,2021,Darcy Ribeiro,Ciências Contábeis (Bacharelado),Diurno,EP_R2_NPPI,EP_R2_NPPI,True,R2,NPPI,False,1.5,,8.335,2019-2021,2019,2021,2,Ciências Contábeis (Bacharelado) | Darcy Ribeiro,Ciências Contábeis (Bacharelado) | Diurno,Ciências Contábeis (Bacharelado) | EP_R2_NPPI,Ciências Contábeis (Bacharelado) | Darcy Ribeiro | Diurno,Ciências Contábeis (Bacharelado) | EP_R2_NPPI | Darcy Ribeiro,Ciências Contábeis (Bacharelado) | EP_R2_NPPI | Diurno
2019-2021,2021,Darcy Ribeiro,Ciências Contábeis (Bacharelado),Diurno,AC,AC,False,,,False,,13.056,64.385,2019-2021,2019,2021,2,Ciências Contábeis (Bacharelado) | Darcy Ribeiro,Ciências Contábeis (Bacharelado) | Diurno,Ciências Contábeis (Bacharelado) | AC,Ciências Contábeis (Bacharelado) | Darcy Ribeiro | Diurno,Ciências Contábeis (Bacharelado) | AC | Darcy Ribeiro,Ciências Contábeis (Bacharelado) | AC | Diurno
2019-2021,2021,Darcy Ribeiro,Ciências Contábeis (Bacharelado),Noturno,CN,CN,False,,NEGROS,False,,-2.467,25.446,2019-2021,2019,2021,2,Ciências Contábeis (Bacharelado) | Darcy Ribeiro,Ciências Contábeis (Bacharelado) | Noturno,Ciências Contábeis (Bacharelado) | CN,Ciências Contábeis (Bacharelado) | Darcy Ribeiro | Noturno,Ciências Contábeis (Bacharelado) | CN | Darcy Ribeiro,Ciências Contábeis (Bacharelado) | CN | Noturno
2019-2021,2021,Darcy Ribeiro,Ciências Contábeis (Bacharelado),Noturno,EP_R1_PPI,EP_R1_PPI,True,R1,PPI,False,1.5,-50.721,-38.632,2019-2021,2019,2021,2,Ciências Contábeis (Bacharelado) | Darcy Ribeiro,Ciências Contábeis (Bacharelado) | Noturno,Ciências Contábeis (Bacharelado) | EP_R1_PPI,Ciências Contábeis (Bacharelado) | Darcy Ribeiro | Noturno,Ciências Contábeis (Bacharelado) | EP_R1_PPI | Darcy Ribeiro,Ciências Contábeis (Bacharelado) | EP_R1_PPI | Noturno
2019-2021,2021,Darcy Ribeiro,Ciências Contábeis (Bacharelado),Noturno,EP_R1_NPPI,EP_R1_NPPI,True,R1,NPPI,False,1.5,-62.154,-7.43,2019-2021,2019,2021,2,Ciências Contábeis (Bacharelado) | Darcy Ribeiro,Ciências Contábeis (Bacharelado) | Noturno,Ciências Contábeis (Bacharelado) | EP_R1_NPPI,Ciências Contábeis (Bacharelado) | Darcy Ribeiro | Noturno,Ciências Contábeis (Bacharelado) | EP_R1_NPPI | Darcy Ribeiro,Ciências Contábeis (Bacharelado) | EP_R1_NPPI | Noturno
2019-2021,2021,Darcy Ribeiro,Ciências Contábeis (Bacharelado),Noturno,EP_R2_PPI,EP_R2_PPI,True,R2,PPI,False,1.5,-52.303,16.406,2019-2021,2019,2021,2,Ciências Contábeis (Bacharelado) | Darcy Ribeiro,Ciências Contábeis (Bacharelado) | Noturno,Ciências Contábeis (Bacharelado) | EP_R2_PPI,Ciências Contábeis (Bacharelado) | Darcy Ribeiro | Noturno,Ciências Contábeis (Bacharelado) | EP_R2_PPI | Darcy Ribeiro,Ciências Contábeis (Bacharelado) | EP_R2_PPI | Noturno
2019-2021,2021,Darcy Ribeiro,Ciências Contábeis (Bacharelado),Noturno,EP_R2_NPPI,EP_R2_NPPI,True,R2,NPPI,False,1.5,-68.678,-68.678,2019-2021,2019,2021,2,Ciências Contábeis (Bacharelado) | Darcy Ribeiro,Ciências Contábeis (Bacharelado) | Noturno,Ciências Contábeis (Bacharelado) | EP_R2_NPPI,Ciências Contábeis (Bacharelado) | Darcy Ribeiro | Noturno,Ciências Contábeis (Bacharelado) | EP_R2_NPPI | Darcy Ribeiro,Ciências Contábeis (Bacharelado) | EP_R2_NPPI | Noturno
2019-2021,2021,Darcy Ribeiro,Ciências Contábeis (Bacharelado),Noturno,AC,AC,False,,,False,,-20.052,46.127,2019-2021,2019,2021,2,Ciências Contábeis (Bacharelado) | Darcy Ribeiro,Ciências Contábeis (Bacharelado) | Noturno,Ciências Contábeis (Bacharelado) | AC,Ciências Contábeis (Bacharelado) | Darcy Ribeiro | Noturno,Ciências Contábeis (Bacharelado) | AC | Darcy Ribeiro,Ciências Contábeis (Bacharelado) | AC | Noturno
2019-2021,2021,Darcy Ribeiro,Ciências Econômicas (Bacharelado),Diurno,CN,CN,False,,NEGROS,False,,19.037,19.037,2019-2021,2019,2021,2,Ciências Econômicas (Bacharelado) | Darcy Ribeiro,Ciências Econômicas (Bacharelado) | Diurno,Ciências Econômicas (Bacharelado) | CN,Ciências Econômicas (Bacharelado) | Darcy Ribeiro | Diurno,Ciências Econômicas (Bacharelado) | CN | Darcy Ribeiro,Ciências Econômicas (Bacharelado) | CN | Diurno
2019-2021,2021,Darcy Ribeiro,Ciências Econômicas (Bacharelado),Diurno,EP_R1_PPI,EP_R1_PPI,True,R1,PPI,False,1.5,-25.591,29.074,2019-2021,2019,2021,2,Ciências Econômicas (Bacharelado) | Darcy Ribeiro,Ciências Econômicas (Bacharelado) | Diurno,Ciências Econômicas (Bacharelado) | EP_R1_PPI,Ciências Econômicas (Bacharelado) | Darcy Ribeiro | Diurno,Ciências Econômicas (Bacharelado) | EP_R1_PPI | Darcy Ribeiro,Ciências Econômicas (Bacharelado) | EP_R1_PPI | Diurno
2019-2021,2021,Darcy Ribeiro,Ciências Econômicas (Bacharelado),Diurno,EP_R1_NPPI,EP_R1_NPPI,True,R1,NPPI,False,1.5,-60.912,0.999,2019-2021,2019,2021,2,Ciências Econômicas (Bacharelado) | Darcy Ribeiro,Ciências Econômicas (Bacharelado) | Diurno,Ciências Econômicas (Bacharelado) | EP_R1_NPPI,Ciências Econômicas (Bacharelado) | Darcy Ribeiro | Diurno,Ciências Econômicas (Bacharelado) | EP_R1_NPPI | Darcy Ribeiro,Ciências Econômicas (Bacharelado) | EP_R1_NPPI | Diurno
2019-2021,2021,Darcy Ribeiro,Ciências Econômicas (Bacharelado),Diurno,EP_R2_PPI,EP_R2_PPI,True,R2,PPI,False,1.5,-40.775,55.484,2019-2021,2019,2021,2,Ciências Econômicas (Bacharelado) | Darcy Ribeiro,Ciências Econômicas (Bacharelado) | Diurno,Ciências Econômicas (Bacharelado) | EP_R2_PPI,Ciências Econômicas (Bacharelado) | Darcy Ribeiro | Diurno,Ciências Econômicas (Bacharelado) | EP_R2_PPI | Darcy Ribeiro,Ciências Econômicas (Bacharelado) | EP_R2_PPI | Diurno
2019-2021,2021,Darcy Ribeiro,Ciências Econômicas (Bacharelado),Diurno,EP_R2_NPPI,EP_R2_NPPI,True,R2,NPPI,False,1.5,44.978,51.9,2019-2021,2019,2021,2,Ciências Econômicas (Bacharelado) | Darcy Ribeiro,Ciências Econômicas (Bacharelado) | Diurno,Ciências Econômicas (Bacharelado) | EP_R2_NPPI,Ciências Econômicas (Bacharelado) | Darcy Ribeiro | Diurno,Ciências Econômicas (Bacharelado) | EP_R2_NPPI | Darcy Ribeiro,Ciências Econômicas (Bacharelado) | EP_R2_NPPI | Diurno
2019-2021,2021,Darcy Ribeiro,Ciências Econômicas (Bacharelado),Diurno,AC,AC,False,,,False,,92.033,,2019-2021,2019,2021,2,Ciências Econômicas (Bacharelado) | Darcy Ribeiro,Ciências Econômicas (Bacharelado) | Diurno,Ciências Econômicas (Bacharelado) | AC,Ciências Econômicas (Bacharelado) | Darcy Ribeiro | Diurno,Ciências Econômicas (Bacharelado) | AC | Darcy Ribeiro,Ciências Econômicas (Bacharelado) | AC | Diurno
2019-2021,2021,Darcy Ribeiro,Ciências Sociais – Antropologia/ Sociologia (Bacharelado/Licenciatura),Diurno,CN,CN,False,,NEGROS,False,,0.428,6.996,2019-2021,2019,2021,2,Ciências Sociais – Antropologia/ Sociologia (Bacharelado/Licenciatura) | Darcy Ribeiro,Ciências Sociais – Antropologia/ Sociologia (Bacharelado/Licenciatura) | Diurno,Ciências Sociais – Antropologia/ Sociologia (Bacharelado/Licenciatura) | CN,Ciências Sociais – Antropologia/ Sociologia (Bacharelado/Licenciatura) | Darcy Ribeiro | Diurno,Ciências Sociais – Antropologia/ Sociologia (Bacharelado/Licenciatura) | CN | Darcy Ribeiro,Ciências Sociais – Antropologia/ Sociologia (Bacharelado/Licenciatura) | CN | Diurno
2019-2021,2021,Darcy Ribeiro,Ciências Sociais – Antropologia/ Sociologia (Bacharelado/Licenciatura),Diurno,EP_R1_PPI,EP_R1_PPI,True,R1,PPI,False,1.5,-35.497,-29.515,2019-2021,2019,2021,2,Ciências Sociais – Antropologia/ Sociologia (Bacharelado/Licenciatura) | Darcy Ribeiro,Ciências Sociais – Antropologia/ Sociologia (Bacharelado/Licenciatura) | Diurno,Ciências Sociais – Antropologia/ Sociologia (Bacharelado/Licenciatura) | EP_R1_PPI,Ciências Sociais – Antropologia/ Sociologia (Bacharelado/Licenciatura) | Darcy Ribeiro | Diurno,Ciências Sociais – Antropologia/ Sociologia (Bacharelado/Licenciatura) | EP_R1_PPI | Darcy Ribeiro,Ciências Sociais – Antropologia/ Sociologia (Bacharelado/Licenciatura) | EP_R1_PPI | Diurno
2019-2021,2021,Darcy Ribeiro,Ciências Sociais – Antropologia/ Sociologia (Bacharelado/Licenciatura),Diurno,EP_R1_NPPI,EP_R1_NPPI,True,R1,NPPI,False,1.5,-32.433,-16.98,2019-2021,2019,2021,2,Ciências Sociais – Antropologia/ Sociologia (Bacharelado/Licenciatura) | Darcy Ribeiro,Ciências Sociais – Antropologia/ Sociologia (Bacharelado/Licenciatura) | Diurno,Ciências Sociais – Antropologia/ Sociologia (Bacharelado/Licenciatura) | EP_R1_NPPI,Ciências Sociais – Antropologia/ Sociologia (Bacharelado/Licenciatura) | Darcy Ribeiro | Diurno,Ciências Sociais – Antropologia/ Sociologia (Bacharelado/Licenciatura) | EP_R1_NPPI | Darcy Ribeiro,Ciências Sociais – Antropologia/ Sociologia (Bacharelado/Licenciatura) | EP_R1_NPPI | Diurno
2019-2021,2021,Darcy Ribeiro,Ciências Sociais – Antropologia/ Sociologia (Bacharelado/Licenciatura),Diurno,EP_R2_PPI,EP_R2_PPI,True,R2,PPI,False,1.5,-70.502,28.724,2019-2021,2019,2021,2,Ciências Sociais – Antropologia/ Sociologia (Bacharelado/Licenciatura) | Darcy Ribeiro,Ciências Sociais – Antropologia/ Sociologia (Bacharelado/Licenciatura) | Diurno,Ciências Sociais – Antropologia/ Sociologia (Bacharelado/Licenciatura) | EP_R2_PPI,Ciências Sociais – Antropologia/ Sociologia (Bacharelado/Licenciatura) | Darcy Ribeiro | Diurno,Ciências Sociais – Antropologia/ Sociologia (Bacharelado/Licenciatura) | EP_R2_PPI | Darcy Ribeiro,Ciências Sociais – Antropologia/ Sociologia (Bacharelado/Licenciatura) | EP_R2_PPI | Diurno
2019-2021,2021,Darcy Ribeiro,Ciências Sociais – Antropologia/ Sociologia (Bacharelado/Licenciatura),Diurno,EP_R2_NPPI,EP_R2_NPPI,True,R2,NPPI,False,1.5,-51.116,31.064,2019-2021,2019,2021,2,Ciências Sociais – Antropologia/ Sociologia (Bacharelado/Licenciatura) | Darcy Ribeiro,Ciências Sociais – Antropologia/ Sociologia (Bacharelado/Licenciatura) | Diurno,Ciências Sociais – Antropologia/ Sociologia (Bacharelado/Licenciatura) | EP_R2_NPPI,Ciências Sociais – Antropologia/ Sociologia (Bacharelado/Licenciatura) | Darcy Ribeiro | Diurno,Ciências Sociais – Antropologia/ Sociologia (Bacharelado/Licenciatura) | EP_R2_NPPI | Darcy Ribeiro,Ciências Sociais – Antropologia/ Sociologia (Bacharelado/Licenciatura) | EP_R2_NPPI | Diurno
2019-2021,2021,Darcy Ribeiro,Ciências Sociais – Antropologia/ Sociologia (Bacharelado/Licenciatura),Diurno,AC,AC,False,,,False,,11.533,94.463,2019-2021,2019,2021,2,Ciências Sociais – Antropologia/ Sociologia (Bacharelado/Licenciatura) | Darcy Ribeiro,Ciências Sociais – Antropologia/ Sociologia (Bacharelado/Licenciatura) | Diurno,Ciências Sociais – Antropologia/ Sociologia (Bacharelado/Licenciatura) | AC,Ciências Sociais – Antropologia/ Sociologia (Bacharelado/Licenciatura) | Darcy Ribeiro | Diurno,Ciências Sociais – Antropologia/ Sociologia (Bacharelado/Licenciatura) | AC | Darcy Ribeiro,Ciências Sociais – Antropologia/ Sociologia (Bacharelado/Licenciatura) | AC | Diurno
2019-2021,2021,Darcy Ribeiro,Computação (Licenciatura),Noturno,CN,CN,False,,NEGROS,False,,-3.314,-3.314,2019-2021,2019,2021,2,Computação (Licenciatura) | Darcy Ribeiro,Computação (Licenciatura) | Noturno,Computação (Licenciatura) | CN,Computação (Licenciatura) | Darcy Ribeiro | Noturno,Computação (Licenciatura) | CN | Darcy Ribeiro,Computação (Licenciatura) | CN | Noturno
2019-2021,2021,Darcy Ribeiro,Computação (Licenciatura),Noturno,EP_R1_PPI,EP_R1_PPI,True,R1,PPI,False,1.5,-81.096,-81.096,2019-2021,2019,2021,2,Computação (Licenciatura) | Darcy Ribeiro,Computação (Licenciatura) | Noturno,Computação (Licenciatura) | EP_R1_PPI,Computação (Licenciatura) | Darcy Ribeiro | Noturno,Computação (Licenciatura) | EP_R1_PPI | Darcy Ribeiro,Computação (Licenciatura) | EP_R1_PPI | Noturno
2019-2021,2021,Darcy Ribeiro,Computação (Licenciatura),Noturno,EP_R2_PPI,EP_R2_PPI,True,R2,PPI,False,1.5,-51.231,-44.126,2019-2021,2019,2021,2,Computação (Licenciatura) | Darcy Ribeiro,Computação (Licenciatura) | Noturno,Computação (Licenciatura) | EP_R2_PPI,Computação (Licenciatura) | Darcy Ribeiro | Noturno,Computação (Licenciatura) | EP_R2_PPI | Darcy Ribeiro,Computação (Licenciatura) | EP_R2_PPI | Noturno
2019-2021,2021,Darcy Ribeiro,Computação (Licenciatura),Noturno,EP_R2_NPPI,EP_R2_NPPI,True,R2,NPPI,False,1.5,-57.125,-53.651,2019-2021,2019,2021,2,Computação (Licenciatura) | Darcy Ribeiro,Computação (Licenciatura) | Noturno,Computação (Licenciatura) | EP_R2_NPPI,Computação (Licenciatura) | Darcy Ribeiro | Noturno,Computação (Licenciatura) | EP_R2_NPPI | Darcy Ribeiro,Computação (Licenciatura) | EP_R2_NPPI | Noturno
2019-2021,2021,Darcy Ribeiro,Computação (Licenciatura),Noturno,AC,AC,False,,,False,,-20.863,34.167,2019-2021,2019,2021,2,Computação (Licenciatura) | Darcy Ribeiro,Computação (Licenciatura) | Noturno,Computação (Licenciatura) | AC,Computação (Licenciatura) | Darcy Ribeiro | Noturno,Computação (Licenciatura) | AC | Darcy Ribeiro,Computação (Licenciatura) | AC | Noturno
2019-2021,2021,Darcy Ribeiro,Comunicação Organizacional (Bacharelado),Noturno,CN,CN,False,,NEGROS,False,,-78.071,-78.071,2019-2021,2019,2021,2,Comunicação Organizacional (Bacharelado) | Darcy Ribeiro,Comunicação Organizacional (Bacharelado) | Noturno,Comunicação Organizacional (Bacharelado) | CN,Comunicação Organizacional (Bacharelado) | Darcy Ribeiro | Noturno,Comunicação Organizacional (Bacharelado) | CN | Darcy Ribeiro,Comunicação Organizacional (Bacharelado) | CN | Noturno
2019-2021,2021,Darcy Ribeiro,Comunicação Organizacional (Bacharelado),Noturno,EP_R2_PPI,EP_R2_PPI,True,R2,PPI,False,1.5,-76.574,-23.424,2019-2021,2019,2021,2,Comunicação Organizacional (Bacharelado) | Darcy Ribeiro,Comunicação Organizacional (Bacharelado) | Noturno,Comunicação Organizacional (Bacharelado) | EP_R2_PPI,Comunicação Organizacional (Bacharelado) | Darcy Ribeiro | Noturno,Comunicação Organizacional (Bacharelado) | EP_R2_PPI | Darcy Ribeiro,Comunicação Organizacional (Bacharelado) | EP_R2_PPI | Noturno
2019-2021,2021,Darcy Ribeiro,Comunicação Organizacional (Bacharelado),Noturno,EP_R2_NPPI,EP_R2_NPPI,True,R2,NPPI,False,1.5,-49.352,-45.012,2019-2021,2019,2021,2,Comunicação Organizacional (Bacharelado) | Darcy Ribeiro,Comunicação Organizacional (Bacharelado) | Noturno,Comunicação Organizacional (Bacharelado) | EP_R2_NPPI,Comunicação Organizacional (Bacharelado) | Darcy Ribeiro | Noturno,Comunicação Organizacional (Bacharelado) | EP_R2_NPPI | Darcy Ribeiro,Comunicação Organizacional (Bacharelado) | EP_R2_NPPI | Noturno
2019-2021,2021,Darcy Ribeiro,Comunicação Organizacional (Bacharelado),Noturno,AC,AC,False,,,False,,-17.502,62.26,2019-2021,2019,2021,2,Comunicação Organizacional (Bacharelado) | Darcy Ribeiro,Comunicação Organizacional (Bacharelado) | Noturno,Comunicação Organizacional (Bacharelado) | AC,Comunicação Organizacional (Bacharelado) | Darcy Ribeiro | Noturno,Comunicação Organizacional (Bacharelado) | AC | Darcy Ribeiro,Comunicação Organizacional (Bacharelado) | AC | Noturno
2019-2021,2021,Darcy Ribeiro,Comunicação Social - Publicidade e Propaganda (Bacharelado),Diurno,CN,CN,False,,NEGROS,False,,35.413,35.413,2019-2021,2019,2021,2,Comunicação Social - Publicidade e Propaganda (Bacharelado) | Darcy Ribeiro,Comunicação Social - Publicidade e Propaganda (Bacharelado) | Diurno,Comunicação Social - Publicidade e Propaganda (Bacharelado) | CN,Comunicação Social - Publicidade e Propaganda (Bacharelado) | Darcy Ribeiro | Diurno,Comunicação Social - Publicidade e Propaganda (Bacharelado) | CN | Darcy Ribeiro,Comunicação Social - Publicidade e Propaganda (Bacharelado) | CN | Diurno
2019-2021,2021,Darcy Ribeiro,Comunicação Social - Publicidade e Propaganda (Bacharelado),Diurno,EP_R1_PPI,EP_R1_PPI,True,R1,PPI,False,1.5,1.108,24.992,2019-2021,2019,2021,2,Comunicação Social - Publicidade e Propaganda (Bacharelado) | Darcy Ribeiro,Comunicação Social - Publicidade e Propaganda (Bacharelado) | Diurno,Comunicação Social - Publicidade e Propaganda (Bacharelado) | EP_R1_PPI,Comunicação Social - Publicidade e Propaganda (Bacharelado) | Darcy Ribeiro | Diurno,Comunicação Social - Publicidade e Propaganda (Bacharelado) | EP_R1_PPI | Darcy Ribeiro,Comunicação Social - Publicidade e Propaganda (Bacharelado) | EP_R1_PPI | Diurno
2019-2021,2021,Darcy Ribeiro,Comunicação Social - Publicidade e Propaganda (Bacharelado),Diurno,EP_R1_NPPI,EP_R1_NPPI,True,R1,NPPI,False,1.5,4.223,4.223,2019-2021,2019,2021,2,Comunicação Social - Publicidade e Propaganda (Bacharelado) | Darcy Ribeiro,Comunicação Social - Publicidade e Propaganda (Bacharelado) | Diurno,Comunicação Social - Publicidade e Propaganda (Bacharelado) | EP_R1_NPPI,Comunicação Social - Publicidade e Propaganda (Bacharelado) | Darcy Ribeiro | Diurno,Comunicação Social - Publicidade e Propaganda (Bacharelado) | EP_R1_NPPI | Darcy Ribeiro,Comunicação Social - Publicidade e Propaganda (Bacharelado) | EP_R1_NPPI | Diurno
2019-2021,2021,Darcy Ribeiro,Comunicação Social - Publicidade e Propaganda (Bacharelado),Diurno,EP_R2_PPI,EP_R2_PPI,True,R2,PPI,False,1.5,14.955,56.294,2019-2021,2019,2021,2,Comunicação Social - Publicidade e Propaganda (Bacharelado) | Darcy Ribeiro,Comunicação Social - Publicidade e Propaganda (Bacharelado) | Diurno,Comunicação Social - Publicidade e Propaganda (Bacharelado) | EP_R2_PPI,Comunicação Social - Publicidade e Propaganda (Bacharelado) | Darcy Ribeiro | Diurno,Comunicação Social - Publicidade e Propaganda (Bacharelado) | EP_R2_PPI | Darcy Ribeiro,Comunicação Social - Publicidade e Propaganda (Bacharelado) | EP_R2_PPI | Diurno
2019-2021,2021,Darcy Ribeiro,Comunicação Social - Publicidade e Propaganda (Bacharelado),Diurno,EP_R2_NPPI,EP_R2_NPPI,True,R2,NPPI,False,1.5,54.06,54.06,2019-2021,2019,2021,2,Comunicação Social - Publicidade e Propaganda (Bacharelado) | Darcy Ribeiro,Comunicação Social - Publicidade e Propaganda (Bacharelado) | Diurno,Comunicação Social - Publicidade e Propaganda (Bacharelado) | EP_R2_NPPI,Comunicação Social - Publicidade e Propaganda (Bacharelado) | Darcy Ribeiro | Diurno,Comunicação Social - Publicidade e Propaganda (Bacharelado) | EP_R2_NPPI | Darcy Ribeiro,Comunicação Social - Publicidade e Propaganda (Bacharelado) | EP_R2_NPPI | Diurno
2019-2021,2021,Darcy Ribeiro,Comunicação Social - Publicidade e Propaganda (Bacharelado),Diurno,AC,AC,False,,,False,,77.921,,2019-2021,2019,2021,2,Comunicação Social - Publicidade e Propaganda (Bacharelado) | Darcy Ribeiro,Comunicação Social - Publicidade e Propaganda (Bacharelado) | Diurno,Comunicação Social - Publicidade e Propaganda (Bacharelado) | AC,Comunicação Social - Publicidade e Propaganda (Bacharelado) | Darcy Ribeiro | Diurno,Comunicação Social - Publicidade e Propaganda (Bacharelado) | AC | Darcy Ribeiro,Comunicação Social - Publicidade e Propaganda (Bacharelado) | AC | Diurno
2019-2021,2021,Darcy Ribeiro,Comunicação Social – Audiovisual (Bacharelado),Diurno,CN,CN,False,,NEGROS,False,,48.632,48.632,2019-2021,2019,2021,2,Comunicação Social – Audiovisual (Bacharelado) | Darcy Ribeiro,Comunicação Social – Audiovisual (Bacharelado) | Diurno,Comunicação Social – Audiovisual (Bacharelado) | CN,Comunicação Social – Audiovisual (Bacharelado) | Darcy Ribeiro | Diurno,Comunicação Social – Audiovisual (Bacharelado) | CN | Darcy Ribeiro,Comunicação Social – Audiovisual (Bacharelado) | CN | Diurno
2019-2021,2021,Darcy Ribeiro,Comunicação Social – Audiovisual (Bacharelado),Diurno,EP_R1_PPI,EP_R1_PPI,True,R1,PPI,False,1.5,-36.365,-36.365,2019-2021,2019,2021,2,Comunicação Social – Audiovisual (Bacharelado) | Darcy Ribeiro,Comunicação Social – Audiovisual (Bacharelado) | Diurno,Comunicação Social – Audiovisual (Bacharelado) | EP_R1_PPI,Comunicação Social – Audiovisual (Bacharelado) | Darcy Ribeiro | Diurno,Comunicação Social – Audiovisual (Bacharelado) | EP_R1_PPI | Darcy Ribeiro,Comunicação Social – Audiovisual (Bacharelado) | EP_R1_PPI | Diurno
2019-2021,2021,Darcy Ribeiro,Comunicação Social – Audiovisual (Bacharelado),Diurno,EP_R2_PPI,EP_R2_PPI,True,R2,PPI,False,1.5,-28.396,33.343,2019-2021,2019,2021,2,Comunicação Social – Audiovisual (Bacharelado) | Darcy Ribeiro,Comunicação Social – Audiovisual (Bacharelado) | Diurno,Comunicação Social – Audiovisual (Bacharelado) | EP_R2_PPI,Comunicação Social – Audiovisual (Bacharelado) | Darcy Ribeiro | Diurno,Comunicação Social – Audiovisual (Bacharelado) | EP_R2_PPI | Darcy Ribeiro,Comunicação Social – Audiovisual (Bacharelado) | EP_R2_PPI | Diurno
2019-2021,2021,Darcy Ribeiro,Comunicação Social – Audiovisual (Bacharelado),Diurno,EP_R2_NPPI,EP_R2_NPPI,True,R2,NPPI,False,1.5,-7.569,44.378,2019-2021,2019,2021,2,Comunicação Social – Audiovisual (Bacharelado) | Darcy Ribeiro,Comunicação Social – Audiovisual (Bacharelado) | Diurno,Comunicação Social – Audiovisual (Bacharelado) | EP_R2_NPPI,Comunicação Social – Audiovisual (Bacharelado) | Darcy Ribeiro | Diurno,Comunicação Social – Audiovisual (Bacharelado) | EP_R2_NPPI | Darcy Ribeiro,Comunicação Social – Audiovisual (Bacharelado) | EP_R2_NPPI | Diurno
2019-2021,2021,Darcy Ribeiro,Comunicação Social – Audiovisual (Bacharelado),Diurno,AC,AC,False,,,False,,64.46,,2019-2021,2019,2021,2,Comunicação Social – Audiovisual (Bacharelado) | Darcy Ribeiro,Comunicação Social – Audiovisual (Bacharelado) | Diurno,Comunicação Social – Audiovisual (Bacharelado) | AC,Comunicação Social – Audiovisual (Bacharelado) | Darcy Ribeiro | Diurno,Comunicação Social – Audiovisual (Bacharelado) | AC | Darcy Ribeiro,Comunicação Social – Audiovisual (Bacharelado) | AC | Diurno
2019-2021,2021,Darcy Ribeiro,Design – Programação Visual/Projeto do Produto (Bacharelado),Diurno,CN,CN,False,,NEGROS,False,,24.028,24.028,2019-2021,2019,2021,2,Design – Programação Visual/Projeto do Produto (Bacharelado) | Darcy Ribeiro,Design – Programação Visual/Projeto do Produto (Bacharelado) | Diurno,Design – Programação Visual/Projeto do Produto (Bacharelado) | CN,Design – Programação Visual/Projeto do Produto (Bacharelado) | Darcy Ribeiro | Diurno,Design – Programação Visual/Projeto do Produto (Bacharelado) | CN | Darcy Ribeiro,Design – Programação Visual/Projeto do Produto (Bacharelado) | CN | Diurno
2019-2021,2021,Darcy Ribeiro,Design – Programação Visual/Projeto do Produto (Bacharelado),Diurno,EP_R1_PPI,EP_R1_PPI,True,R1,PPI,False,1.5,-31.239,-11.424,2019-2021,2019,2021,2,Design – Programação Visual/Projeto do Produto (Bacharelado) | Darcy Ribeiro,Design – Programação Visual/Projeto do Produto (Bacharelado) | Diurno,Design – Programação Visual/Projeto do Produto (Bacharelado) | EP_R1_PPI,Design – Programação Visual/Projeto do Produto (Bacharelado) | Darcy Ribeiro | Diurno,Design – Programação Visual/Projeto do Produto (Bacharelado) | EP_R1_PPI | Darcy Ribeiro,Design – Programação Visual/Projeto do Produto (Bacharelado) | EP_R1_PPI | Diurno
2019-2021,2021,Darcy Ribeiro,Design – Programação Visual/Projeto do Produto (Bacharelado),Diurno,EP_R1_NPPI,EP_R1_NPPI,True,R1,NPPI,False,1.5,-45.596,-45.596,2019-2021,2019,2021,2,Design – Programação Visual/Projeto do Produto (Bacharelado) | Darcy Ribeiro,Design – Programação Visual/Projeto do Produto (Bacharelado) | Diurno,Design – Programação Visual/Projeto do Produto (Bacharelado) | EP_R1_NPPI,Design – Programação Visual/Projeto do Produto (Bacharelado) | Darcy Ribeiro | Diurno,Design – Programação Visual/Projeto do Produto (Bacharelado) | EP_R1_NPPI | Darcy Ribeiro,Design – Programação Visual/Projeto do Produto (Bacharelado) | EP_R1_NPPI | Diurno
2019-2021,2021,Darcy Ribeiro,Design – Programação Visual/Projeto do Produto (Bacharelado),Diurno,EP_R2_PPI,EP_R2_PPI,True,R2,PPI,False,1.5,47.464,47.464,2019-2021,2019,2021,2,Design – Programação Visual/Projeto do Produto (Bacharelado) | Darcy Ribeiro,Design – Programação Visual/Projeto do Produto (Bacharelado) | Diurno,Design – Programação Visual/Projeto do Produto (Bacharelado) | EP_R2_PPI,Design – Programação Visual/Projeto do Produto (Bacharelado) | Darcy Ribeiro | Diurno,Design – Programação Visual/Projeto do Produto (Bacharelado) | EP_R2_PPI | Darcy Ribeiro,Design – Programação Visual/Projeto do Produto (Bacharelado) | EP_R2_PPI | Diurno
2019-2021,2021,Darcy Ribeiro,Design – Programação Visual/Projeto do Produto (Bacharelado),Diurno,AC,AC,False,,,False,,80.914,98.283,2019-2021,2019,2021,2,Design – Programação Visual/Projeto do Produto (Bacharelado) | Darcy Ribeiro,Design – Programação Visual/Projeto do Produto (Bacharelado) | Diurno,Design – Programação Visual/Projeto do Produto (Bacharelado) | AC,Design – Programação Visual/Projeto do Produto (Bacharelado) | Darcy Ribeiro | Diurno,Design – Programação Visual/Projeto do Produto (Bacharelado) | AC | Darcy Ribeiro,Design – Programação Visual/Projeto do Produto (Bacharelado) | AC | Diurno
2019-2021,2021,Darcy Ribeiro,Direito (Bacharelado),Diurno,CN,CN,False,,NEGROS,False,,71.703,98.148,2019-2021,2019,2021,2,Direito (Bacharelado) | Darcy Ribeiro,Direito (Bacharelado) | Diurno,Direito (Bacharelado) | CN,Direito (Bacharelado) | Darcy Ribeiro | Diurno,Direito (Bacharelado) | CN | Darcy Ribeiro,Direito (Bacharelado) | CN | Diurno
2019-2021,2021,Darcy Ribeiro,Direito (Bacharelado),Diurno,EP_R1_PPI,EP_R1_PPI,True,R1,PPI,False,1.5,1.027,53.764,2019-2021,2019,2021,2,Direito (Bacharelado) | Darcy Ribeiro,Direito (Bacharelado) | Diurno,Direito (Bacharelado) | EP_R1_PPI,Direito (Bacharelado) | Darcy Ribeiro | Diurno,Direito (Bacharelado) | EP_R1_PPI | Darcy Ribeiro,Direito (Bacharelado) | EP_R1_PPI | Diurno
2019-2021,2021,Darcy Ribeiro,Direito (Bacharelado),Diurno,EP_R1_NPPI,EP_R1_NPPI,True,R1,NPPI,False,1.5,28.279,53.85,2019-2021,2019,2021,2,Direito (Bacharelado) | Darcy Ribeiro,Direito (Bacharelado) | Diurno,Direito (Bacharelado) | EP_R1_NPPI,Direito (Bacharelado) | Darcy Ribeiro | Diurno,Direito (Bacharelado) | EP_R1_NPPI | Darcy Ribeiro,Direito (Bacharelado) | EP_R1_NPPI | Diurno
2019-2021,2021,Darcy Ribeiro,Direito (Bacharelado),Diurno,EP_R2_PPI,EP_R2_PPI,True,R2,PPI,False,1.5,48.707,52.731,2019-2021,2019,2021,2,Direito (Bacharelado) | Darcy Ribeiro,Direito (Bacharelado) | Diurno,Direito (Bacharelado) | EP_R2_PPI,Direito (Bacharelado) | Darcy Ribeiro | Diurno,Direito (Bacharelado) | EP_R2_PPI | Darcy Ribeiro,Direito (Bacharelado) | EP_R2_PPI | Diurno
2019-2021,2021,Darcy Ribeiro,Direito (Bacharelado),Noturno,CN,CN,False,,NEGROS,False,,52.904,84.592,2019-2021,2019,2021,2,Direito (Bacharelado) | Darcy Ribeiro,Direito (Bacharelado) | Noturno,Direito (Bacharelado) | CN,Direito (Bacharelado) | Darcy Ribeiro | Noturno,Direito (Bacharelado) | CN | Darcy Ribeiro,Direito (Bacharelado) | CN | Noturno
2019-2021,2021,Darcy Ribeiro,Direito (Bacharelado),Noturno,EP_R1_PPI,EP_R1_PPI,True,R1,PPI,False,1.5,2.332,42.274,2019-2021,2019,2021,2,Direito (Bacharelado) | Darcy Ribeiro,Direito (Bacharelado) | Noturno,Direito (Bacharelado) | EP_R1_PPI,Direito (Bacharelado) | Darcy Ribeiro | Noturno,Direito (Bacharelado) | EP_R1_PPI | Darcy Ribeiro,Direito (Bacharelado) | EP_R1_PPI | Noturno
2019-2021,2021,Darcy Ribeiro,Direito (Bacharelado),Noturno,EP_R1_NPPI,EP_R1_NPPI,True,R1,NPPI,False,1.5,12.304,37.517,2019-2021,2019,2021,2,Direito (Bacharelado) | Darcy Ribeiro,Direito (Bacharelado) | Noturno,Direito (Bacharelado) | EP_R1_NPPI,Direito (Bacharelado) | Darcy Ribeiro | Noturno,Direito (Bacharelado) | EP_R1_NPPI | Darcy Ribeiro,Direito (Bacharelado) | EP_R1_NPPI | Noturno
2019-2021,2021,Darcy Ribeiro,Direito (Bacharelado),Noturno,EP_R2_PPI,EP_R2_PPI,True,R2,PPI,False,1.5,38.282,74.352,2019-2021,2019,2021,2,Direito (Bacharelado) | Darcy Ribeiro,Direito (Bacharelado) | Noturno,Direito (Bacharelado) | EP_R2_PPI,Direito (Bacharelado) | Darcy Ribeiro | Noturno,Direito (Bacharelado) | EP_R2_PPI | Darcy Ribeiro,Direito (Bacharelado) | EP_R2_PPI | Noturno
2019-2021,2021,Darcy Ribeiro,Direito (Bacharelado),Noturno,EP_R2_NPPI,EP_R2_NPPI,True,R2,NPPI,False,1.5,54.367,61.664,2019-2021,2019,2021,2,Direito (Bacharelado) | Darcy Ribeiro,Direito (Bacharelado) | Noturno,Direito (Bacharelado) | EP_R2_NPPI,Direito (Bacharelado) | Darcy Ribeiro | Noturno,Direito (Bacharelado) | EP_R2_NPPI | Darcy Ribeiro,Direito (Bacharelado) | EP_R2_NPPI | Noturno
2019-2021,2021,Darcy Ribeiro,Direito (Bacharelado),Noturno,AC,AC,False,,,False,,77.019,,2019-2021,2019,2021,2,Direito (Bacharelado) | Darcy Ribeiro,Direito (Bacharelado) | Noturno,Direito (Bacharelado) | AC,Direito (Bacharelado) | Darcy Ribeiro | Noturno,Direito (Bacharelado) | AC | Darcy Ribeiro,Direito (Bacharelado) | AC | Noturno
2019-2021,2021,Darcy Ribeiro,Educação Física (Bacharelado),Diurno,CN,CN,False,,NEGROS,False,,-7.405,-7.405,2019-2021,2019,2021,2,Educação Física (Bacharelado) | Darcy Ribeiro,Educação Física (Bacharelado) | Diurno,Educação Física (Bacharelado) | CN,Educação Física (Bacharelado) | Darcy Ribeiro | Diurno,Educação Física (Bacharelado) | CN | Darcy Ribeiro,Educação Física (Bacharelado) | CN | Diurno
2019-2021,2021,Darcy Ribeiro,Educação Física (Bacharelado),Diurno,EP_R1_PPI,EP_R1_PPI,True,R1,PPI,False,1.5,-30.501,-17.981,2019-2021,2019,2021,2,Educação Física (Bacharelado) | Darcy Ribeiro,Educação Física (Bacharelado) | Diurno,Educação Física (Bacharelado) | EP_R1_PPI,Educação Física (Bacharelado) | Darcy Ribeiro | Diurno,Educação Física (Bacharelado) | EP_R1_PPI | Darcy Ribeiro,Educação Física (Bacharelado) | EP_R1_PPI | Diurno
2019-2021,2021,Darcy Ribeiro,Educação Física (Bacharelado),Diurno,EP_R1_NPPI,EP_R1_NPPI,True,R1,NPPI,False,1.5,-54.427,-33.945,2019-2021,2019,2021,2,Educação Física (Bacharelado) | Darcy Ribeiro,Educação Física (Bacharelado) | Diurno,Educação Física (Bacharelado) | EP_R1_NPPI,Educação Física (Bacharelado) | Darcy Ribeiro | Diurno,Educação Física (Bacharelado) | EP_R1_NPPI | Darcy Ribeiro,Educação Física (Bacharelado) | EP_R1_NPPI | Diurno
2019-2021,2021,Darcy Ribeiro,Educação Física (Bacharelado),Diurno,EP_R2_PPI,EP_R2_PPI,True,R2,PPI,False,1.5,-36.462,24.338,2019-2021,2019,2021,2,Educação Física (Bacharelado) | Darcy Ribeiro,Educação Física (Bacharelado) | Diurno,Educação Física (Bacharelado) | EP_R2_PPI,Educação Física (Bacharelado) | Darcy Ribeiro | Diurno,Educação Física (Bacharelado) | EP_R2_PPI | Darcy Ribeiro,Educação Física (Bacharelado) | EP_R2_PPI | Diurno
2019-2021,2021,Darcy Ribeiro,Educação Física (Bacharelado),Diurno,EP_R2_NPPI,EP_R2_NPPI,True,R2,NPPI,False,1.5,6.786,12.56,2019-2021,2019,2021,2,Educação Física (Bacharelado) | Darcy Ribeiro,Educação Física (Bacharelado) | Diurno,Educação Física (Bacharelado) | EP_R2_NPPI,Educação Física (Bacharelado) | Darcy Ribeiro | Diurno,Educação Física (Bacharelado) | EP_R2_NPPI | Darcy Ribeiro,Educação Física (Bacharelado) | EP_R2_NPPI | Diurno
2019-2021,2021,Darcy Ribeiro,Educação Física (Bacharelado),Diurno,AC,AC,False,,,False,,8.352,45.082,2019-2021,2019,2021,2,Educação Física (Bacharelado) | Darcy Ribeiro,Educação Física (Bacharelado) | Diurno,Educação Física (Bacharelado) | AC,Educação Física (Bacharelado) | Darcy Ribeiro | Diurno,Educação Física (Bacharelado) | AC | Darcy Ribeiro,Educação Física (Bacharelado) | AC | Diurno
2019-2021,2021,Darcy Ribeiro,Educação Física (Licenciatura),Diurno,CN,CN,False,,NEGROS,False,,-18.38,-18.38,2019-2021,2019,2021,2,Educação Física (Licenciatura) | Darcy Ribeiro,Educação Física (Licenciatura) | Diurno,Educação Física (Licenciatura) | CN,Educação Física (Licenciatura) | Darcy Ribeiro | Diurno,Educação Física (Licenciatura) | CN | Darcy Ribeiro,Educação Física (Licenciatura) | CN | Diurno
2019-2021,2021,Darcy Ribeiro,Educação Física (Licenciatura),Diurno,EP_R1_PPI,EP_R1_PPI,True,R1,PPI,False,1.5,-73.641,-24.238,2019-2021,2019,2021,2,Educação Física (Licenciatura) | Darcy Ribeiro,Educação Física (Licenciatura) | Diurno,Educação Física (Licenciatura) | EP_R1_PPI,Educação Física (Licenciatura) | Darcy Ribeiro | Diurno,Educação Física (Licenciatura) | EP_R1_PPI | Darcy Ribeiro,Educação Física (Licenciatura) | EP_R1_PPI | Diurno
2019-2021,2021,Darcy Ribeiro,Educação Física (Licenciatura),Diurno,EP_R1_NPPI,EP_R1_NPPI,True,R1,NPPI,False,1.5,-53.868,-18.279,2019-2021,2019,2021,2,Educação Física (Licenciatura) | Darcy Ribeiro,Educação Física (Licenciatura) | Diurno,Educação Física (Licenciatura) | EP_R1_NPPI,Educação Física (Licenciatura) | Darcy Ribeiro | Diurno,Educação Física (Licenciatura) | EP_R1_NPPI | Darcy Ribeiro,Educação Física (Licenciatura) | EP_R1_NPPI | Diurno
2019-2021,2021,Darcy Ribeiro,Educação Física (Licenciatura),Diurno,EP_R2_PPI,EP_R2_PPI,True,R2,PPI,False,1.5,-21.729,-5.99,2019-2021,2019,2021,2,Educação Física (Licenciatura) | Darcy Ribeiro,Educação Física (Licenciatura) | Diurno,Educação Física (Licenciatura) | EP_R2_PPI,Educação Física (Licenciatura) | Darcy Ribeiro | Diurno,Educação Física (Licenciatura) | EP_R2_PPI | Darcy Ribeiro,Educação Física (Licenciatura) | EP_R2_PPI | Diurno
2019-2021,2021,Darcy Ribeiro,Educação Física (Licenciatura),Diurno,EP_R2_NPPI,EP_R2_NPPI,True,R2,NPPI,False,1.5,-21.889,-19.463,2019-2021,2019,2021,2,Educação Física (Licenciatura) | Darcy Ribeiro,Educação Física (Licenciatura) | Diurno,Educação Física (Licenciatura) | EP_R2_NPPI,Educação Física (Licenciatura) | Darcy Ribeiro | Diurno,Educação Física (Licenciatura) | EP_R2_NPPI | Darcy Ribeiro,Educação Física (Licenciatura) | EP_R2_NPPI | Diurno
2019-2021,2021,Darcy Ribeiro,Educação Física (Licenciatura),Diurno,AC,AC,False,,,False,,-21.256,46.723,2019-2021,2019,2021,2,Educação Física (Licenciatura) | Darcy Ribeiro,Educação Física (Licenciatura) | Diurno,Educação Física (Licenciatura) | AC,Educação Física (Licenciatura) | Darcy Ribeiro | Diurno,Educação Física (Licenciatura) | AC | Darcy Ribeiro,Educação Física (Licenciatura) | AC | Diurno
2019-2021,2021,Darcy Ribeiro,Enfermagem (Bacharelado),Diurno,CN,CN,False,,NEGROS,False,,33.356,33.356,2019-2021,2019,2021,2,Enfermagem (Bacharelado) | Darcy Ribeiro,Enfermagem (Bacharelado) | Diurno,Enfermagem (Bacharelado) | CN,Enfermagem (Bacharelado) | Darcy Ribeiro | Diurno,Enfermagem (Bacharelado) | CN | Darcy Ribeiro,Enfermagem (Bacharelado) | CN | Diurno
2019-2021,2021,Darcy Ribeiro,Enfermagem (Bacharelado),Diurno,EP_R1_PPI,EP_R1_PPI,True,R1,PPI,False,1.5,4.875,33.844,2019-2021,2019,2021,2,Enfermagem (Bacharelado) | Darcy Ribeiro,Enfermagem (Bacharelado) | Diurno,Enfermagem (Bacharelado) | EP_R1_PPI,Enfermagem (Bacharelado) | Darcy Ribeiro | Diurno,Enfermagem (Bacharelado) | EP_R1_PPI | Darcy Ribeiro,Enfermagem (Bacharelado) | EP_R1_PPI | Diurno
2019-2021,2021,Darcy Ribeiro,Enfermagem (Bacharelado),Diurno,EP_R1_NPPI,EP_R1_NPPI,True,R1,NPPI,False,1.5,26.39,29.599,2019-2021,2019,2021,2,Enfermagem (Bacharelado) | Darcy Ribeiro,Enfermagem (Bacharelado) | Diurno,Enfermagem (Bacharelado) | EP_R1_NPPI,Enfermagem (Bacharelado) | Darcy Ribeiro | Diurno,Enfermagem (Bacharelado) | EP_R1_NPPI | Darcy Ribeiro,Enfermagem (Bacharelado) | EP_R1_NPPI | Diurno
2019-2021,2021,Darcy Ribeiro,Enfermagem (Bacharelado),Diurno,EP_R2_PPI,EP_R2_PPI,True,R2,PPI,False,1.5,19.771,40.127,2019-2021,2019,2021,2,Enfermagem (Bacharelado) | Darcy Ribeiro,Enfermagem (Bacharelado) | Diurno,Enfermagem (Bacharelado) | EP_R2_PPI,Enfermagem (Bacharelado) | Darcy Ribeiro | Diurno,Enfermagem (Bacharelado) | EP_R2_PPI | Darcy Ribeiro,Enfermagem (Bacharelado) | EP_R2_PPI | Diurno
2019-2021,2021,Darcy Ribeiro,Enfermagem (Bacharelado),Diurno,EP_R2_NPPI,EP_R2_NPPI,True,R2,NPPI,False,1.5,64.649,65.414,2019-2021,2019,2021,2,Enfermagem (Bacharelado) | Darcy Ribeiro,Enfermagem (Bacharelado) | Diurno,Enfermagem (Bacharelado) | EP_R2_NPPI,Enfermagem (Bacharelado) | Darcy Ribeiro | Diurno,Enfermagem (Bacharelado) | EP_R2_NPPI | Darcy Ribeiro,Enfermagem (Bacharelado) | EP_R2_NPPI | Diurno
2019-2021,2021,Darcy Ribeiro,Enfermagem (Bacharelado),Diurno,AC,AC,False,,,False,,53.945,,2019-2021,2019,2021,2,Enfermagem (Bacharelado) | Darcy Ribeiro,Enfermagem (Bacharelado) | Diurno,Enfermagem (Bacharelado) | AC,Enfermagem (Bacharelado) | Darcy Ribeiro | Diurno,Enfermagem (Bacharelado) | AC | Darcy Ribeiro,Enfermagem (Bacharelado) | AC | Diurno
2019-2021,2021,Darcy Ribeiro,Engenharia Ambiental (Bacharelado),Diurno,CN,CN,False,,NEGROS,False,,72.619,72.619,2019-2021,2019,2021,2,Engenharia Ambiental (Bacharelado) | Darcy Ribeiro,Engenharia Ambiental (Bacharelado) | Diurno,Engenharia Ambiental (Bacharelado) | CN,Engenharia Ambiental (Bacharelado) | Darcy Ribeiro | Diurno,Engenharia Ambiental (Bacharelado) | CN | Darcy Ribeiro,Engenharia Ambiental (Bacharelado) | CN | Diurno
2019-2021,2021,Darcy Ribeiro,Engenharia Ambiental (Bacharelado),Diurno,EP_R1_PPI,EP_R1_PPI,True,R1,PPI,False,1.5,-72.216,-72.216,2019-2021,2019,2021,2,Engenharia Ambiental (Bacharelado) | Darcy Ribeiro,Engenharia Ambiental (Bacharelado) | Diurno,Engenharia Ambiental (Bacharelado) | EP_R1_PPI,Engenharia Ambiental (Bacharelado) | Darcy Ribeiro | Diurno,Engenharia Ambiental (Bacharelado) | EP_R1_PPI | Darcy Ribeiro,Engenharia Ambiental (Bacharelado) | EP_R1_PPI | Diurno
2019-2021,2021,Darcy Ribeiro,Engenharia Ambiental (Bacharelado),Diurno,EP_R2_PPI,EP_R2_PPI,True,R2,PPI,False,1.5,-49.389,38.819,2019-2021,2019,2021,2,Engenharia Ambiental (Bacharelado) | Darcy Ribeiro,Engenharia Ambiental (Bacharelado) | Diurno,Engenharia Ambiental (Bacharelado) | EP_R2_PPI,Engenharia Ambiental (Bacharelado) | Darcy Ribeiro | Diurno,Engenharia Ambiental (Bacharelado) | EP_R2_PPI | Darcy Ribeiro,Engenharia Ambiental (Bacharelado) | EP_R2_PPI | Diurno
2019-2021,2021,Darcy Ribeiro,Engenharia Ambiental (Bacharelado),Diurno,EP_R2_NPPI,EP_R2_NPPI,True,R2,NPPI,False,1.5,-55.038,-2.954,2019-2021,2019,2021,2,Engenharia Ambiental (Bacharelado) | Darcy Ribeiro,Engenharia Ambiental (Bacharelado) | Diurno,Engenharia Ambiental (Bacharelado) | EP_R2_NPPI,Engenharia Ambiental (Bacharelado) | Darcy Ribeiro | Diurno,Engenharia Ambiental (Bacharelado) | EP_R2_NPPI | Darcy Ribeiro,Engenharia Ambiental (Bacharelado) | EP_R2_NPPI | Diurno
2019-2021,2021,Darcy Ribeiro,Engenharia Ambiental (Bacharelado),Diurno,AC,AC,False,,,False,,26.947,94.16,2019-2021,2019,2021,2,Engenharia Ambiental (Bacharelado) | Darcy Ribeiro,Engenharia Ambiental (Bacharelado) | Diurno,Engenharia Ambiental (Bacharelado) | AC,Engenharia Ambiental (Bacharelado) | Darcy Ribeiro | Diurno,Engenharia Ambiental (Bacharelado) | AC | Darcy Ribeiro,Engenharia Ambiental (Bacharelado) | AC | Diurno
2019-2021,2021,Darcy Ribeiro,Engenharia Civil (Bacharelado),Diurno,CN,CN,False,,NEGROS,False,,14.522,14.522,2019-2021,2019,2021,2,Engenharia Civil (Bacharelado) | Darcy Ribeiro,Engenharia Civil (Bacharelado) | Diurno,Engenharia Civil (Bacharelado) | CN,Engenharia Civil (Bacharelado) | Darcy Ribeiro | Diurno,Engenharia Civil (Bacharelado) | CN | Darcy Ribeiro,Engenharia Civil (Bacharelado) | CN | Diurno
2019-2021,2021,Darcy Ribeiro,Engenharia Civil (Bacharelado),Diurno,EP_R1_PPI,EP_R1_PPI,True,R1,PPI,False,1.5,-28.648,18.511,2019-2021,2019,2021,2,Engenharia Civil (Bacharelado) | Darcy Ribeiro,Engenharia Civil (Bacharelado) | Diurno,Engenharia Civil (Bacharelado) | EP_R1_PPI,Engenharia Civil (Bacharelado) | Darcy Ribeiro | Diurno,Engenharia Civil (Bacharelado) | EP_R1_PPI | Darcy Ribeiro,Engenharia Civil (Bacharelado) | EP_R1_PPI | Diurno
2019-2021,2021,Darcy Ribeiro,Engenharia Civil (Bacharelado),Diurno,EP_R1_NPPI,EP_R1_NPPI,True,R1,NPPI,False,1.5,-14.773,23.601,2019-2021,2019,2021,2,Engenharia Civil (Bacharelado) | Darcy Ribeiro,Engenharia Civil (Bacharelado) | Diurno,Engenharia Civil (Bacharelado) | EP_R1_NPPI,Engenharia Civil (Bacharelado) | Darcy Ribeiro | Diurno,Engenharia Civil (Bacharelado) | EP_R1_NPPI | Darcy Ribeiro,Engenharia Civil (Bacharelado) | EP_R1_NPPI | Diurno
2019-2021,2021,Darcy Ribeiro,Engenharia Civil (Bacharelado),Diurno,EP_R2_PPI,EP_R2_PPI,True,R2,PPI,False,1.5,-16.736,85.341,2019-2021,2019,2021,2,Engenharia Civil (Bacharelado) | Darcy Ribeiro,Engenharia Civil (Bacharelado) | Diurno,Engenharia Civil (Bacharelado) | EP_R2_PPI,Engenharia Civil (Bacharelado) | Darcy Ribeiro | Diurno,Engenharia Civil (Bacharelado) | EP_R2_PPI | Darcy Ribeiro,Engenharia Civil (Bacharelado) | EP_R2_PPI | Diurno
2019-2021,2021,Darcy Ribeiro,Engenharia Civil (Bacharelado),Diurno,EP_R2_NPPI,EP_R2_NPPI,True,R2,NPPI,False,1.5,-6.562,53.596,2019-2021,2019,2021,2,Engenharia Civil (Bacharelado) | Darcy Ribeiro,Engenharia Civil (Bacharelado) | Diurno,Engenharia Civil (Bacharelado) | EP_R2_NPPI,Engenharia Civil (Bacharelado) | Darcy Ribeiro | Diurno,Engenharia Civil (Bacharelado) | EP_R2_NPPI | Darcy Ribeiro,Engenharia Civil (Bacharelado) | EP_R2_NPPI | Diurno
2019-2021,2021,Darcy Ribeiro,Engenharia Civil (Bacharelado),Diurno,AC,AC,False,,,False,,96.375,,2019-2021,2019,2021,2,Engenharia Civil (Bacharelado) | Darcy Ribeiro,Engenharia Civil (Bacharelado) | Diurno,Engenharia Civil (Bacharelado) | AC,Engenharia Civil (Bacharelado) | Darcy Ribeiro | Diurno,Engenharia Civil (Bacharelado) | AC | Darcy Ribeiro,Engenharia Civil (Bacharelado) | AC | Diurno
2019-2021,2021,Darcy Ribeiro,Engenharia Elétrica (Bacharelado),Diurno,EP_R1_PPI,EP_R1_PPI,True,R1,PPI,False,1.5,-12.839,-12.839,2019-2021,2019,2021,2,Engenharia Elétrica (Bacharelado) | Darcy Ribeiro,Engenharia Elétrica (Bacharelado) | Diurno,Engenharia Elétrica (Bacharelado) | EP_R1_PPI,Engenharia Elétrica (Bacharelado) | Darcy Ribeiro | Diurno,Engenharia Elétrica (Bacharelado) | EP_R1_PPI | Darcy Ribeiro,Engenharia Elétrica (Bacharelado) | EP_R1_PPI | Diurno
2019-2021,2021,Darcy Ribeiro,Engenharia Elétrica (Bacharelado),Diurno,EP_R1_NPPI,EP_R1_NPPI,True,R1,NPPI,False,1.5,-26.903,-26.903,2019-2021,2019,2021,2,Engenharia Elétrica (Bacharelado) | Darcy Ribeiro,Engenharia Elétrica (Bacharelado) | Diurno,Engenharia Elétrica (Bacharelado) | EP_R1_NPPI,Engenharia Elétrica (Bacharelado) | Darcy Ribeiro | Diurno,Engenharia Elétrica (Bacharelado) | EP_R1_NPPI | Darcy Ribeiro,Engenharia Elétrica (Bacharelado) | EP_R1_NPPI | Diurno
2019-2021,2021,Darcy Ribeiro,Engenharia Elétrica (Bacharelado),Diurno,EP_R2_PPI,EP_R2_PPI,True,R2,PPI,False,1.5,-38.064,19.809,2019-2021,2019,2021,2,Engenharia Elétrica (Bacharelado) | Darcy Ribeiro,Engenharia Elétrica (Bacharelado) | Diurno,Engenharia Elétrica (Bacharelado) | EP_R2_PPI,Engenharia Elétrica (Bacharelado) | Darcy Ribeiro | Diurno,Engenharia Elétrica (Bacharelado) | EP_R2_PPI | Darcy Ribeiro,Engenharia Elétrica (Bacharelado) | EP_R2_PPI | Diurno
2019-2021,2021,Darcy Ribeiro,Engenharia Elétrica (Bacharelado),Diurno,EP_R2_NPPI,EP_R2_NPPI,True,R2,NPPI,False,1.5,-20.572,66.75,2019-2021,2019,2021,2,Engenharia Elétrica (Bacharelado) | Darcy Ribeiro,Engenharia Elétrica (Bacharelado) | Diurno,Engenharia Elétrica (Bacharelado) | EP_R2_NPPI,Engenharia Elétrica (Bacharelado) | Darcy Ribeiro | Diurno,Engenharia Elétrica (Bacharelado) | EP_R2_NPPI | Darcy Ribeiro,Engenharia Elétrica (Bacharelado) | EP_R2_NPPI | Diurno
2019-2021,2021,Darcy Ribeiro,Engenharia Florestal (Bacharelado),Diurno,CN,CN,False,,NEGROS,False,,-32.127,-32.127,2019-2021,2019,2021,2,Engenharia Florestal (Bacharelado) | Darcy Ribeiro,Engenharia Florestal (Bacharelado) | Diurno,Engenharia Florestal (Bacharelado) | CN,Engenharia Florestal (Bacharelado) | Darcy Ribeiro | Diurno,Engenharia Florestal (Bacharelado) | CN | Darcy Ribeiro,Engenharia Florestal (Bacharelado) | CN | Diurno
2019-2021,2021,Darcy Ribeiro,Engenharia Florestal (Bacharelado),Diurno,EP_R1_NPPI,EP_R1_NPPI,True,R1,NPPI,False,1.5,-2.213,-2.213,2019-2021,2019,2021,2,Engenharia Florestal (Bacharelado) | Darcy Ribeiro,Engenharia Florestal (Bacharelado) | Diurno,Engenharia Florestal (Bacharelado) | EP_R1_NPPI,Engenharia Florestal (Bacharelado) | Darcy Ribeiro | Diurno,Engenharia Florestal (Bacharelado) | EP_R1_NPPI | Darcy Ribeiro,Engenharia Florestal (Bacharelado) | EP_R1_NPPI | Diurno
2019-2021,2021,Darcy Ribeiro,Engenharia Florestal (Bacharelado),Diurno,EP_R2_PPI,EP_R2_PPI,True,R2,PPI,False,1.5,-5.848,-5.848,2019-2021,2019,2021,2,Engenharia Florestal (Bacharelado) | Darcy Ribeiro,Engenharia Florestal (Bacharelado) | Diurno,Engenharia Florestal (Bacharelado) | EP_R2_PPI,Engenharia Florestal (Bacharelado) | Darcy Ribeiro | Diurno,Engenharia Florestal (Bacharelado) | EP_R2_PPI | Darcy Ribeiro,Engenharia Florestal (Bacharelado) | EP_R2_PPI | Diurno
2019-2021,2021,Darcy Ribeiro,Engenharia Florestal (Bacharelado),Diurno,EP_R2_NPPI,EP_R2_NPPI,True,R2,NPPI,False,1.5,-29.541,-29.541,2019-2021,2019,2021,2,Engenharia Florestal (Bacharelado) | Darcy Ribeiro,Engenharia Florestal (Bacharelado) | Diurno,Engenharia Florestal (Bacharelado) | EP_R2_NPPI,Engenharia Florestal (Bacharelado) | Darcy Ribeiro | Diurno,Engenharia Florestal (Bacharelado) | EP_R2_NPPI | Darcy Ribeiro,Engenharia Florestal (Bacharelado) | EP_R2_NPPI | Diurno
2019-2021,2021,Darcy Ribeiro,Engenharia Florestal (Bacharelado),Diurno,AC,AC,False,,,False,,-71.066,30.842,2019-2021,2019,2021,2,Engenharia Florestal (Bacharelado) | Darcy Ribeiro,Engenharia Florestal (Bacharelado) | Diurno,Engenharia Florestal (Bacharelado) | AC,Engenharia Florestal (Bacharelado) | Darcy Ribeiro | Diurno,Engenharia Florestal (Bacharelado) | AC | Darcy Ribeiro,Engenharia Florestal (Bacharelado) | AC | Diurno
2019-2021,2021,Darcy Ribeiro,Engenharia Mecatrônica (Bacharelado),Diurno,CN,CN,False,,NEGROS,False,,84.165,84.165,2019-2021,2019,2021,2,Engenharia Mecatrônica (Bacharelado) | Darcy Ribeiro,Engenharia Mecatrônica (Bacharelado) | Diurno,Engenharia Mecatrônica (Bacharelado) | CN,Engenharia Mecatrônica (Bacharelado) | Darcy Ribeiro | Diurno,Engenharia Mecatrônica (Bacharelado) | CN | Darcy Ribeiro,Engenharia Mecatrônica (Bacharelado) | CN | Diurno
2019-2021,2021,Darcy Ribeiro,Engenharia Mecatrônica (Bacharelado),Diurno,EP_R1_PPI,EP_R1_PPI,True,R1,PPI,False,1.5,-27.662,46.608,2019-2021,2019,2021,2,Engenharia Mecatrônica (Bacharelado) | Darcy Ribeiro,Engenharia Mecatrônica (Bacharelado) | Diurno,Engenharia Mecatrônica (Bacharelado) | EP_R1_PPI,Engenharia Mecatrônica (Bacharelado) | Darcy Ribeiro | Diurno,Engenharia Mecatrônica (Bacharelado) | EP_R1_PPI | Darcy Ribeiro,Engenharia Mecatrônica (Bacharelado) | EP_R1_PPI | Diurno
2019-2021,2021,Darcy Ribeiro,Engenharia Mecatrônica (Bacharelado),Diurno,EP_R1_NPPI,EP_R1_NPPI,True,R1,NPPI,False,1.5,-29.193,1.117,2019-2021,2019,2021,2,Engenharia Mecatrônica (Bacharelado) | Darcy Ribeiro,Engenharia Mecatrônica (Bacharelado) | Diurno,Engenharia Mecatrônica (Bacharelado) | EP_R1_NPPI,Engenharia Mecatrônica (Bacharelado) | Darcy Ribeiro | Diurno,Engenharia Mecatrônica (Bacharelado) | EP_R1_NPPI | Darcy Ribeiro,Engenharia Mecatrônica (Bacharelado) | EP_R1_NPPI | Diurno
2019-2021,2021,Darcy Ribeiro,Engenharia Mecatrônica (Bacharelado),Diurno,EP_R2_PPI,EP_R2_PPI,True,R2,PPI,False,1.5,-39.081,-20.043,2019-2021,2019,2021,2,Engenharia Mecatrônica (Bacharelado) | Darcy Ribeiro,Engenharia Mecatrônica (Bacharelado) | Diurno,Engenharia Mecatrônica (Bacharelado) | EP_R2_PPI,Engenharia Mecatrônica (Bacharelado) | Darcy Ribeiro | Diurno,Engenharia Mecatrônica (Bacharelado) | EP_R2_PPI | Darcy Ribeiro,Engenharia Mecatrônica (Bacharelado) | EP_R2_PPI | Diurno
2019-2021,2021,Darcy Ribeiro,Engenharia Mecatrônica (Bacharelado),Diurno,EP_R2_NPPI,EP_R2_NPPI,True,R2,NPPI,False,1.5,49.02,79.438,2019-2021,2019,2021,2,Engenharia Mecatrônica (Bacharelado) | Darcy Ribeiro,Engenharia Mecatrônica (Bacharelado) | Diurno,Engenharia Mecatrônica (Bacharelado) | EP_R2_NPPI,Engenharia Mecatrônica (Bacharelado) | Darcy Ribeiro | Diurno,Engenharia Mecatrônica (Bacharelado) | EP_R2_NPPI | Darcy Ribeiro,Engenharia Mecatrônica (Bacharelado) | EP_R2_NPPI | Diurno
2019-2021,2021,Darcy Ribeiro,Engenharia Mecânica (Bacharelado),Diurno,CN,CN,False,,NEGROS,False,,25.588,25.588,2019-2021,2019,2021,2,Engenharia Mecânica (Bacharelado) | Darcy Ribeiro,Engenharia Mecânica (Bacharelado) | Diurno,Engenharia Mecânica (Bacharelado) | CN,Engenharia Mecânica (Bacharelado) | Darcy Ribeiro | Diurno,Engenharia Mecânica (Bacharelado) | CN | Darcy Ribeiro,Engenharia Mecânica (Bacharelado) | CN | Diurno
2019-2021,2021,Darcy Ribeiro,Engenharia Mecânica (Bacharelado),Diurno,EP_R1_PPI,EP_R1_PPI,True,R1,PPI,False,1.5,-21.929,-3.886,2019-2021,2019,2021,2,Engenharia Mecânica (Bacharelado) | Darcy Ribeiro,Engenharia Mecânica (Bacharelado) | Diurno,Engenharia Mecânica (Bacharelado) | EP_R1_PPI,Engenharia Mecânica (Bacharelado) | Darcy Ribeiro | Diurno,Engenharia Mecânica (Bacharelado) | EP_R1_PPI | Darcy Ribeiro,Engenharia Mecânica (Bacharelado) | EP_R1_PPI | Diurno
2019-2021,2021,Darcy Ribeiro,Engenharia Mecânica (Bacharelado),Diurno,EP_R1_NPPI,EP_R1_NPPI,True,R1,NPPI,False,1.5,-40.249,33.782,2019-2021,2019,2021,2,Engenharia Mecânica (Bacharelado) | Darcy Ribeiro,Engenharia Mecânica (Bacharelado) | Diurno,Engenharia Mecânica (Bacharelado) | EP_R1_NPPI,Engenharia Mecânica (Bacharelado) | Darcy Ribeiro | Diurno,Engenharia Mecânica (Bacharelado) | EP_R1_NPPI | Darcy Ribeiro,Engenharia Mecânica (Bacharelado) | EP_R1_NPPI | Diurno
2019-2021,2021,Darcy Ribeiro,Engenharia Mecânica (Bacharelado),Diurno,EP_R2_NPPI,EP_R2_NPPI,True,R2,NPPI,False,1.5,-28.117,20.947,2019-2021,2019,2021,2,Engenharia Mecânica (Bacharelado) | Darcy Ribeiro,Engenharia Mecânica (Bacharelado) | Diurno,Engenharia Mecânica (Bacharelado) | EP_R2_NPPI,Engenharia Mecânica (Bacharelado) | Darcy Ribeiro | Diurno,Engenharia Mecânica (Bacharelado) | EP_R2_NPPI | Darcy Ribeiro,Engenharia Mecânica (Bacharelado) | EP_R2_NPPI | Diurno
2019-2021,2021,Darcy Ribeiro,Engenharia Mecânica (Bacharelado),Diurno,AC,AC,False,,,False,,80.147,,2019-2021,2019,2021,2,Engenharia Mecânica (Bacharelado) | Darcy Ribeiro,Engenharia Mecânica (Bacharelado) | Diurno,Engenharia Mecânica (Bacharelado) | AC,Engenharia Mecânica (Bacharelado) | Darcy Ribeiro | Diurno,Engenharia Mecânica (Bacharelado) | AC | Darcy Ribeiro,Engenharia Mecânica (Bacharelado) | AC | Diurno
2019-2021,2021,Darcy Ribeiro,Engenharia Química (Bacharelado),Diurno,CN,CN,False,,NEGROS,False,,11.144,11.144,2019-2021,2019,2021,2,Engenharia Química (Bacharelado) | Darcy Ribeiro,Engenharia Química (Bacharelado) | Diurno,Engenharia Química (Bacharelado) | CN,Engenharia Química (Bacharelado) | Darcy Ribeiro | Diurno,Engenharia Química (Bacharelado) | CN | Darcy Ribeiro,Engenharia Química (Bacharelado) | CN | Diurno
2019-2021,2021,Darcy Ribeiro,Engenharia Química (Bacharelado),Diurno,EP_R1_PPI,EP_R1_PPI,True,R1,PPI,False,1.5,-35.915,5.342,2019-2021,2019,2021,2,Engenharia Química (Bacharelado) | Darcy Ribeiro,Engenharia Química (Bacharelado) | Diurno,Engenharia Química (Bacharelado) | EP_R1_PPI,Engenharia Química (Bacharelado) | Darcy Ribeiro | Diurno,Engenharia Química (Bacharelado) | EP_R1_PPI | Darcy Ribeiro,Engenharia Química (Bacharelado) | EP_R1_PPI | Diurno
2019-2021,2021,Darcy Ribeiro,Engenharia Química (Bacharelado),Diurno,EP_R1_NPPI,EP_R1_NPPI,True,R1,NPPI,False,1.5,-47.162,-47.162,2019-2021,2019,2021,2,Engenharia Química (Bacharelado) | Darcy Ribeiro,Engenharia Química (Bacharelado) | Diurno,Engenharia Química (Bacharelado) | EP_R1_NPPI,Engenharia Química (Bacharelado) | Darcy Ribeiro | Diurno,Engenharia Química (Bacharelado) | EP_R1_NPPI | Darcy Ribeiro,Engenharia Química (Bacharelado) | EP_R1_NPPI | Diurno
2019-2021,2021,Darcy Ribeiro,Engenharia Química (Bacharelado),Diurno,EP_R2_PPI,EP_R2_PPI,True,R2,PPI,False,1.5,-40.025,-40.025,2019-2021,2019,2021,2,Engenharia Química (Bacharelado) | Darcy Ribeiro,Engenharia Química (Bacharelado) | Diurno,Engenharia Química (Bacharelado) | EP_R2_PPI,Engenharia Química (Bacharelado) | Darcy Ribeiro | Diurno,Engenharia Química (Bacharelado) | EP_R2_PPI | Darcy Ribeiro,Engenharia Química (Bacharelado) | EP_R2_PPI | Diurno
2019-2021,2021,Darcy Ribeiro,Engenharia Química (Bacharelado),Diurno,EP_R2_NPPI,EP_R2_NPPI,True,R2,NPPI,False,1.5,13.493,,2019-2021,2019,2021,2,Engenharia Química (Bacharelado) | Darcy Ribeiro,Engenharia Química (Bacharelado) | Diurno,Engenharia Química (Bacharelado) | EP_R2_NPPI,Engenharia Química (Bacharelado) | Darcy Ribeiro | Diurno,Engenharia Química (Bacharelado) | EP_R2_NPPI | Darcy Ribeiro,Engenharia Química (Bacharelado) | EP_R2_NPPI | Diurno
2019-2021,2021,Darcy Ribeiro,Engenharia Química (Bacharelado),Diurno,AC,AC,False,,,False,,70.109,,2019-2021,2019,2021,2,Engenharia Química (Bacharelado) | Darcy Ribeiro,Engenharia Química (Bacharelado) | Diurno,Engenharia Química (Bacharelado) | AC,Engenharia Química (Bacharelado) | Darcy Ribeiro | Diurno,Engenharia Química (Bacharelado) | AC | Darcy Ribeiro,Engenharia Química (Bacharelado) | AC | Diurno
2019-2021,2021,Darcy Ribeiro,Engenharia de Computação (Bacharelado),Diurno,CN,CN,False,,NEGROS,False,,84.173,84.173,2019-2021,2019,2021,2,Engenharia de Computação (Bacharelado) | Darcy Ribeiro,Engenharia de Computação (Bacharelado) | Diurno,Engenharia de Computação (Bacharelado) | CN,Engenharia de Computação (Bacharelado) | Darcy Ribeiro | Diurno,Engenharia de Computação (Bacharelado) | CN | Darcy Ribeiro,Engenharia de Computação (Bacharelado) | CN | Diurno
2019-2021,2021,Darcy Ribeiro,Engenharia de Computação (Bacharelado),Diurno,EP_R1_PPI,EP_R1_PPI,True,R1,PPI,False,1.5,39.279,96.047,2019-2021,2019,2021,2,Engenharia de Computação (Bacharelado) | Darcy Ribeiro,Engenharia de Computação (Bacharelado) | Diurno,Engenharia de Computação (Bacharelado) | EP_R1_PPI,Engenharia de Computação (Bacharelado) | Darcy Ribeiro | Diurno,Engenharia de Computação (Bacharelado) | EP_R1_PPI | Darcy Ribeiro,Engenharia de Computação (Bacharelado) | EP_R1_PPI | Diurno
2019-2021,2021,Darcy Ribeiro,Engenharia de Computação (Bacharelado),Diurno,EP_R1_NPPI,EP_R1_NPPI,True,R1,NPPI,False,1.5,17.976,19.536,2019-2021,2019,2021,2,Engenharia de Computação (Bacharelado) | Darcy Ribeiro,Engenharia de Computação (Bacharelado) | Diurno,Engenharia de Computação (Bacharelado) | EP_R1_NPPI,Engenharia de Computação (Bacharelado) | Darcy Ribeiro | Diurno,Engenharia de Computação (Bacharelado) | EP_R1_NPPI | Darcy Ribeiro,Engenharia de Computação (Bacharelado) | EP_R1_NPPI | Diurno
2019-2021,2021,Darcy Ribeiro,Engenharia de Computação (Bacharelado),Diurno,EP_R2_PPI,EP_R2_PPI,True,R2,PPI,False,1.5,13.355,,2019-2021,2019,2021,2,Engenharia de Computação (Bacharelado) | Darcy Ribeiro,Engenharia de Computação (Bacharelado) | Diurno,Engenharia de Computação (Bacharelado) | EP_R2_PPI,Engenharia de Computação (Bacharelado) | Darcy Ribeiro | Diurno,Engenharia de Computação (Bacharelado) | EP_R2_PPI | Darcy Ribeiro,Engenharia de Computação (Bacharelado) | EP_R2_PPI | Diurno
2019-2021,2021,Darcy Ribeiro,Engenharia de Produção (Bacharelado),Noturno,CN,CN,False,,NEGROS,False,,-20.158,-20.158,2019-2021,2019,2021,2,Engenharia de Produção (Bacharelado) | Darcy Ribeiro,Engenharia de Produção (Bacharelado) | Noturno,Engenharia de Produção (Bacharelado) | CN,Engenharia de Produção (Bacharelado) | Darcy Ribeiro | Noturno,Engenharia de Produção (Bacharelado) | CN | Darcy Ribeiro,Engenharia de Produção (Bacharelado) | CN | Noturno
2019-2021,2021,Darcy Ribeiro,Engenharia de Produção (Bacharelado),Noturno,EP_R1_PPI,EP_R1_PPI,True,R1,PPI,False,1.5,-5.047,-5.047,2019-2021,2019,2021,2,Engenharia de Produção (Bacharelado) | Darcy Ribeiro,Engenharia de Produção (Bacharelado) | Noturno,Engenharia de Produção (Bacharelado) | EP_R1_PPI,Engenharia de Produção (Bacharelado) | Darcy Ribeiro | Noturno,Engenharia de Produção (Bacharelado) | EP_R1_PPI | Darcy Ribeiro,Engenharia de Produção (Bacharelado) | EP_R1_PPI | Noturno
2019-2021,2021,Darcy Ribeiro,Engenharia de Produção (Bacharelado),Noturno,EP_R1_NPPI,EP_R1_NPPI,True,R1,NPPI,False,1.5,-47.974,-47.974,2019-2021,2019,2021,2,Engenharia de Produção (Bacharelado) | Darcy Ribeiro,Engenharia de Produção (Bacharelado) | Noturno,Engenharia de Produção (Bacharelado) | EP_R1_NPPI,Engenharia de Produção (Bacharelado) | Darcy Ribeiro | Noturno,Engenharia de Produção (Bacharelado) | EP_R1_NPPI | Darcy Ribeiro,Engenharia de Produção (Bacharelado) | EP_R1_NPPI | Noturno
2019-2021,2021,Darcy Ribeiro,Engenharia de Produção (Bacharelado),Noturno,EP_R2_PPI,EP_R2_PPI,True,R2,PPI,False,1.5,-86.266,14.269,2019-2021,2019,2021,2,Engenharia de Produção (Bacharelado) | Darcy Ribeiro,Engenharia de Produção (Bacharelado) | Noturno,Engenharia de Produção (Bacharelado) | EP_R2_PPI,Engenharia de Produção (Bacharelado) | Darcy Ribeiro | Noturno,Engenharia de Produção (Bacharelado) | EP_R2_PPI | Darcy Ribeiro,Engenharia de Produção (Bacharelado) | EP_R2_PPI | Noturno
2019-2021,2021,Darcy Ribeiro,Engenharia de Produção (Bacharelado),Noturno,EP_R2_NPPI,EP_R2_NPPI,True,R2,NPPI,False,1.5,46.816,71.428,2019-2021,2019,2021,2,Engenharia de Produção (Bacharelado) | Darcy Ribeiro,Engenharia de Produção (Bacharelado) | Noturno,Engenharia de Produção (Bacharelado) | EP_R2_NPPI,Engenharia de Produção (Bacharelado) | Darcy Ribeiro | Noturno,Engenharia de Produção (Bacharelado) | EP_R2_NPPI | Darcy Ribeiro,Engenharia de Produção (Bacharelado) | EP_R2_NPPI | Noturno
2019-2021,2021,Darcy Ribeiro,Engenharia de Produção (Bacharelado),Noturno,AC,AC,False,,,False,,42.183,,2019-2021,2019,2021,2,Engenharia de Produção (Bacharelado) | Darcy Ribeiro,Engenharia de Produção (Bacharelado) | Noturno,Engenharia de Produção (Bacharelado) | AC,Engenharia de Produção (Bacharelado) | Darcy Ribeiro | Noturno,Engenharia de Produção (Bacharelado) | AC | Darcy Ribeiro,Engenharia de Produção (Bacharelado) | AC | Noturno
2019-2021,2021,Darcy Ribeiro,Engenharia de Redes de Comunicação (Bacharelado),Diurno,CN,CN,False,,NEGROS,False,,24.498,24.498,2019-2021,2019,2021,2,Engenharia de Redes de Comunicação (Bacharelado) | Darcy Ribeiro,Engenharia de Redes de Comunicação (Bacharelado) | Diurno,Engenharia de Redes de Comunicação (Bacharelado) | CN,Engenharia de Redes de Comunicação (Bacharelado) | Darcy Ribeiro | Diurno,Engenharia de Redes de Comunicação (Bacharelado) | CN | Darcy Ribeiro,Engenharia de Redes de Comunicação (Bacharelado) | CN | Diurno
2019-2021,2021,Darcy Ribeiro,Engenharia de Redes de Comunicação (Bacharelado),Diurno,EP_R1_NPPI,EP_R1_NPPI,True,R1,NPPI,False,1.5,-43.862,-43.862,2019-2021,2019,2021,2,Engenharia de Redes de Comunicação (Bacharelado) | Darcy Ribeiro,Engenharia de Redes de Comunicação (Bacharelado) | Diurno,Engenharia de Redes de Comunicação (Bacharelado) | EP_R1_NPPI,Engenharia de Redes de Comunicação (Bacharelado) | Darcy Ribeiro | Diurno,Engenharia de Redes de Comunicação (Bacharelado) | EP_R1_NPPI | Darcy Ribeiro,Engenharia de Redes de Comunicação (Bacharelado) | EP_R1_NPPI | Diurno
2019-2021,2021,Darcy Ribeiro,Engenharia de Redes de Comunicação (Bacharelado),Diurno,EP_R2_PPI,EP_R2_PPI,True,R2,PPI,False,1.5,-41.369,24.509,2019-2021,2019,2021,2,Engenharia de Redes de Comunicação (Bacharelado) | Darcy Ribeiro,Engenharia de Redes de Comunicação (Bacharelado) | Diurno,Engenharia de Redes de Comunicação (Bacharelado) | EP_R2_PPI,Engenharia de Redes de Comunicação (Bacharelado) | Darcy Ribeiro | Diurno,Engenharia de Redes de Comunicação (Bacharelado) | EP_R2_PPI | Darcy Ribeiro,Engenharia de Redes de Comunicação (Bacharelado) | EP_R2_PPI | Diurno
2019-2021,2021,Darcy Ribeiro,Engenharia de Redes de Comunicação (Bacharelado),Diurno,EP_R2_NPPI,EP_R2_NPPI,True,R2,NPPI,False,1.5,-67.492,-21.402,2019-2021,2019,2021,2,Engenharia de Redes de Comunicação (Bacharelado) | Darcy Ribeiro,Engenharia de Redes de Comunicação (Bacharelado) | Diurno,Engenharia de Redes de Comunicação (Bacharelado) | EP_R2_NPPI,Engenharia de Redes de Comunicação (Bacharelado) | Darcy Ribeiro | Diurno,Engenharia de Redes de Comunicação (Bacharelado) | EP_R2_NPPI | Darcy Ribeiro,Engenharia de Redes de Comunicação (Bacharelado) | EP_R2_NPPI | Diurno
2019-2021,2021,Darcy Ribeiro,Engenharia de Redes de Comunicação (Bacharelado),Diurno,AC,AC,False,,,False,,1.695,71.841,2019-2021,2019,2021,2,Engenharia de Redes de Comunicação (Bacharelado) | Darcy Ribeiro,Engenharia de Redes de Comunicação (Bacharelado) | Diurno,Engenharia de Redes de Comunicação (Bacharelado) | AC,Engenharia de Redes de Comunicação (Bacharelado) | Darcy Ribeiro | Diurno,Engenharia de Redes de Comunicação (Bacharelado) | AC | Darcy Ribeiro,Engenharia de Redes de Comunicação (Bacharelado) | AC | Diurno
2019-2021,2021,Darcy Ribeiro,Estatística (Bacharelado),Diurno,CN,CN,False,,NEGROS,False,,-38.073,-38.073,2019-2021,2019,2021,2,Estatística (Bacharelado) | Darcy Ribeiro,Estatística (Bacharelado) | Diurno,Estatística (Bacharelado) | CN,Estatística (Bacharelado) | Darcy Ribeiro | Diurno,Estatística (Bacharelado) | CN | Darcy Ribeiro,Estatística (Bacharelado) | CN | Diurno
2019-2021,2021,Darcy Ribeiro,Estatística (Bacharelado),Diurno,EP_R1_PPI,EP_R1_PPI,True,R1,PPI,False,1.5,-20.062,-12.041,2019-2021,2019,2021,2,Estatística (Bacharelado) | Darcy Ribeiro,Estatística (Bacharelado) | Diurno,Estatística (Bacharelado) | EP_R1_PPI,Estatística (Bacharelado) | Darcy Ribeiro | Diurno,Estatística (Bacharelado) | EP_R1_PPI | Darcy Ribeiro,Estatística (Bacharelado) | EP_R1_PPI | Diurno
2019-2021,2021,Darcy Ribeiro,Estatística (Bacharelado),Diurno,EP_R2_PPI,EP_R2_PPI,True,R2,PPI,False,1.5,-39.185,-39.185,2019-2021,2019,2021,2,Estatística (Bacharelado) | Darcy Ribeiro,Estatística (Bacharelado) | Diurno,Estatística (Bacharelado) | EP_R2_PPI,Estatística (Bacharelado) | Darcy Ribeiro | Diurno,Estatística (Bacharelado) | EP_R2_PPI | Darcy Ribeiro,Estatística (Bacharelado) | EP_R2_PPI | Diurno
2019-2021,2021,Darcy Ribeiro,Estatística (Bacharelado),Diurno,EP_R2_NPPI,EP_R2_NPPI,True,R2,NPPI,False,1.5,-19.116,-19.116,2019-2021,2019,2021,2,Estatística (Bacharelado) | Darcy Ribeiro,Estatística (Bacharelado) | Diurno,Estatística (Bacharelado) | EP_R2_NPPI,Estatística (Bacharelado) | Darcy Ribeiro | Diurno,Estatística (Bacharelado) | EP_R2_NPPI | Darcy Ribeiro,Estatística (Bacharelado) | EP_R2_NPPI | Diurno
2019-2021,2021,Darcy Ribeiro,Estatística (Bacharelado),Diurno,AC,AC,False,,,False,,34.508,,2019-2021,2019,2021,2,Estatística (Bacharelado) | Darcy Ribeiro,Estatística (Bacharelado) | Diurno,Estatística (Bacharelado) | AC,Estatística (Bacharelado) | Darcy Ribeiro | Diurno,Estatística (Bacharelado) | AC | Darcy Ribeiro,Estatística (Bacharelado) | AC | Diurno
2019-2021,2021,Darcy Ribeiro,Farmácia (Bacharelado),Diurno,CN,CN,False,,NEGROS,False,,51.589,51.589,2019-2021,2019,2021,2,Farmácia (Bacharelado) | Darcy Ribeiro,Farmácia (Bacharelado) | Diurno,Farmácia (Bacharelado) | CN,Farmácia (Bacharelado) | Darcy Ribeiro | Diurno,Farmácia (Bacharelado) | CN | Darcy Ribeiro,Farmácia (Bacharelado) | CN | Diurno
2019-2021,2021,Darcy Ribeiro,Farmácia (Bacharelado),Diurno,EP_R1_PPI,EP_R1_PPI,True,R1,PPI,False,1.5,-5.174,25.813,2019-2021,2019,2021,2,Farmácia (Bacharelado) | Darcy Ribeiro,Farmácia (Bacharelado) | Diurno,Farmácia (Bacharelado) | EP_R1_PPI,Farmácia (Bacharelado) | Darcy Ribeiro | Diurno,Farmácia (Bacharelado) | EP_R1_PPI | Darcy Ribeiro,Farmácia (Bacharelado) | EP_R1_PPI | Diurno
2019-2021,2021,Darcy Ribeiro,Farmácia (Bacharelado),Diurno,EP_R1_NPPI,EP_R1_NPPI,True,R1,NPPI,False,1.5,15.342,15.796,2019-2021,2019,2021,2,Farmácia (Bacharelado) | Darcy Ribeiro,Farmácia (Bacharelado) | Diurno,Farmácia (Bacharelado) | EP_R1_NPPI,Farmácia (Bacharelado) | Darcy Ribeiro | Diurno,Farmácia (Bacharelado) | EP_R1_NPPI | Darcy Ribeiro,Farmácia (Bacharelado) | EP_R1_NPPI | Diurno
2019-2021,2021,Darcy Ribeiro,Farmácia (Bacharelado),Diurno,EP_R2_PPI,EP_R2_PPI,True,R2,PPI,False,1.5,-34.082,-15.667,2019-2021,2019,2021,2,Farmácia (Bacharelado) | Darcy Ribeiro,Farmácia (Bacharelado) | Diurno,Farmácia (Bacharelado) | EP_R2_PPI,Farmácia (Bacharelado) | Darcy Ribeiro | Diurno,Farmácia (Bacharelado) | EP_R2_PPI | Darcy Ribeiro,Farmácia (Bacharelado) | EP_R2_PPI | Diurno
2019-2021,2021,Darcy Ribeiro,Farmácia (Bacharelado),Diurno,EP_R2_NPPI,EP_R2_NPPI,True,R2,NPPI,False,1.5,18.037,52.683,2019-2021,2019,2021,2,Farmácia (Bacharelado) | Darcy Ribeiro,Farmácia (Bacharelado) | Diurno,Farmácia (Bacharelado) | EP_R2_NPPI,Farmácia (Bacharelado) | Darcy Ribeiro | Diurno,Farmácia (Bacharelado) | EP_R2_NPPI | Darcy Ribeiro,Farmácia (Bacharelado) | EP_R2_NPPI | Diurno
2019-2021,2021,Darcy Ribeiro,Farmácia (Bacharelado),Diurno,AC,AC,False,,,False,,60.297,,2019-2021,2019,2021,2,Farmácia (Bacharelado) | Darcy Ribeiro,Farmácia (Bacharelado) | Diurno,Farmácia (Bacharelado) | AC,Farmácia (Bacharelado) | Darcy Ribeiro | Diurno,Farmácia (Bacharelado) | AC | Darcy Ribeiro,Farmácia (Bacharelado) | AC | Diurno
2019-2021,2021,Darcy Ribeiro,Farmácia (Bacharelado),Noturno,CN,CN,False,,NEGROS,False,,39.999,39.999,2019-2021,2019,2021,2,Farmácia (Bacharelado) | Darcy Ribeiro,Farmácia (Bacharelado) | Noturno,Farmácia (Bacharelado) | CN,Farmácia (Bacharelado) | Darcy Ribeiro | Noturno,Farmácia (Bacharelado) | CN | Darcy Ribeiro,Farmácia (Bacharelado) | CN | Noturno
2019-2021,2021,Darcy Ribeiro,Farmácia (Bacharelado),Noturno,EP_R1_PPI,EP_R1_PPI,True,R1,PPI,False,1.5,-35.372,-22.447,2019-2021,2019,2021,2,Farmácia (Bacharelado) | Darcy Ribeiro,Farmácia (Bacharelado) | Noturno,Farmácia (Bacharelado) | EP_R1_PPI,Farmácia (Bacharelado) | Darcy Ribeiro | Noturno,Farmácia (Bacharelado) | EP_R1_PPI | Darcy Ribeiro,Farmácia (Bacharelado) | EP_R1_PPI | Noturno
2019-2021,2021,Darcy Ribeiro,Farmácia (Bacharelado),Noturno,EP_R1_NPPI,EP_R1_NPPI,True,R1,NPPI,False,1.5,-10.711,-10.711,2019-2021,2019,2021,2,Farmácia (Bacharelado) | Darcy Ribeiro,Farmácia (Bacharelado) | Noturno,Farmácia (Bacharelado) | EP_R1_NPPI,Farmácia (Bacharelado) | Darcy Ribeiro | Noturno,Farmácia (Bacharelado) | EP_R1_NPPI | Darcy Ribeiro,Farmácia (Bacharelado) | EP_R1_NPPI | Noturno
2019-2021,2021,Darcy Ribeiro,Farmácia (Bacharelado),Noturno,EP_R2_PPI,EP_R2_PPI,True,R2,PPI,False,1.5,-73.518,-0.575,2019-2021,2019,2021,2,Farmácia (Bacharelado) | Darcy Ribeiro,Farmácia (Bacharelado) | Noturno,Farmácia (Bacharelado) | EP_R2_PPI,Farmácia (Bacharelado) | Darcy Ribeiro | Noturno,Farmácia (Bacharelado) | EP_R2_PPI | Darcy Ribeiro,Farmácia (Bacharelado) | EP_R2_PPI | Noturno
2019-2021,2021,Darcy Ribeiro,Farmácia (Bacharelado),Noturno,EP_R2_NPPI,EP_R2_NPPI,True,R2,NPPI,False,1.5,1.051,1.051,2019-2021,2019,2021,2,Farmácia (Bacharelado) | Darcy Ribeiro,Farmácia (Bacharelado) | Noturno,Farmácia (Bacharelado) | EP_R2_NPPI,Farmácia (Bacharelado) | Darcy Ribeiro | Noturno,Farmácia (Bacharelado) | EP_R2_NPPI | Darcy Ribeiro,Farmácia (Bacharelado) | EP_R2_NPPI | Noturno
2019-2021,2021,Darcy Ribeiro,Farmácia (Bacharelado),Noturno,AC,AC,False,,,False,,-1.557,29.537,2019-2021,2019,2021,2,Farmácia (Bacharelado) | Darcy Ribeiro,Farmácia (Bacharelado) | Noturno,Farmácia (Bacharelado) | AC,Farmácia (Bacharelado) | Darcy Ribeiro | Noturno,Farmácia (Bacharelado) | AC | Darcy Ribeiro,Farmácia (Bacharelado) | AC | Noturno
2019-2021,2021,Darcy Ribeiro,Filosofia (Bacharelado/Licenciatura),Diurno,EP_R1_NPPI,EP_R1_NPPI,True,R1,NPPI,False,1.5,-68.136,-68.136,2019-2021,2019,2021,2,Filosofia (Bacharelado/Licenciatura) | Darcy Ribeiro,Filosofia (Bacharelado/Licenciatura) | Diurno,Filosofia (Bacharelado/Licenciatura) | EP_R1_NPPI,Filosofia (Bacharelado/Licenciatura) | Darcy Ribeiro | Diurno,Filosofia (Bacharelado/Licenciatura) | EP_R1_NPPI | Darcy Ribeiro,Filosofia (Bacharelado/Licenciatura) | EP_R1_NPPI | Diurno
2019-2021,2021,Darcy Ribeiro,Filosofia (Bacharelado/Licenciatura),Diurno,EP_R2_PPI,EP_R2_PPI,True,R2,PPI,False,1.5,-86.322,1.642,2019-2021,2019,2021,2,Filosofia (Bacharelado/Licenciatura) | Darcy Ribeiro,Filosofia (Bacharelado/Licenciatura) | Diurno,Filosofia (Bacharelado/Licenciatura) | EP_R2_PPI,Filosofia (Bacharelado/Licenciatura) | Darcy Ribeiro | Diurno,Filosofia (Bacharelado/Licenciatura) | EP_R2_PPI | Darcy Ribeiro,Filosofia (Bacharelado/Licenciatura) | EP_R2_PPI | Diurno
2019-2021,2021,Darcy Ribeiro,Filosofia (Bacharelado/Licenciatura),Diurno,EP_R2_NPPI,EP_R2_NPPI,True,R2,NPPI,False,1.5,45.216,45.216,2019-2021,2019,2021,2,Filosofia (Bacharelado/Licenciatura) | Darcy Ribeiro,Filosofia (Bacharelado/Licenciatura) | Diurno,Filosofia (Bacharelado/Licenciatura) | EP_R2_NPPI,Filosofia (Bacharelado/Licenciatura) | Darcy Ribeiro | Diurno,Filosofia (Bacharelado/Licenciatura) | EP_R2_NPPI | Darcy Ribeiro,Filosofia (Bacharelado/Licenciatura) | EP_R2_NPPI | Diurno
2019-2021,2021,Darcy Ribeiro,Filosofia (Bacharelado/Licenciatura),Diurno,AC,AC,False,,,False,,-69.896,33.582,2019-2021,2019,2021,2,Filosofia (Bacharelado/Licenciatura) | Darcy Ribeiro,Filosofia (Bacharelado/Licenciatura) | Diurno,Filosofia (Bacharelado/Licenciatura) | AC,Filosofia (Bacharelado/Licenciatura) | Darcy Ribeiro | Diurno,Filosofia (Bacharelado/Licenciatura) | AC | Darcy Ribeiro,Filosofia (Bacharelado/Licenciatura) | AC | Diurno
2019-2021,2021,Darcy Ribeiro,Filosofia (Licenciatura),Noturno,EP_R1_PPI,EP_R1_PPI,True,R1,PPI,False,1.5,-59.768,-59.768,2019-2021,2019,2021,2,Filosofia (Licenciatura) | Darcy Ribeiro,Filosofia (Licenciatura) | Noturno,Filosofia (Licenciatura) | EP_R1_PPI,Filosofia (Licenciatura) | Darcy Ribeiro | Noturno,Filosofia (Licenciatura) | EP_R1_PPI | Darcy Ribeiro,Filosofia (Licenciatura) | EP_R1_PPI | Noturno
2019-2021,2021,Darcy Ribeiro,Filosofia (Licenciatura),Noturno,EP_R2_PPI,EP_R2_PPI,True,R2,PPI,False,1.5,-63.589,-63.589,2019-2021,2019,2021,2,Filosofia (Licenciatura) | Darcy Ribeiro,Filosofia (Licenciatura) | Noturno,Filosofia (Licenciatura) | EP_R2_PPI,Filosofia (Licenciatura) | Darcy Ribeiro | Noturno,Filosofia (Licenciatura) | EP_R2_PPI | Darcy Ribeiro,Filosofia (Licenciatura) | EP_R2_PPI | Noturno
2019-2021,2021,Darcy Ribeiro,Filosofia (Licenciatura),Noturno,AC,AC,False,,,False,,-52.983,37.478,2019-2021,2019,2021,2,Filosofia (Licenciatura) | Darcy Ribeiro,Filosofia (Licenciatura) | Noturno,Filosofia (Licenciatura) | AC,Filosofia (Licenciatura) | Darcy Ribeiro | Noturno,Filosofia (Licenciatura) | AC | Darcy Ribeiro,Filosofia (Licenciatura) | AC | Noturno
2019-2021,2021,Darcy Ribeiro,Física (Bacharelado),Diurno,EP_R1_PPI,EP_R1_PPI,True,R1,PPI,False,1.5,39.226,39.226,2019-2021,2019,2021,2,Física (Bacharelado) | Darcy Ribeiro,Física (Bacharelado) | Diurno,Física (Bacharelado) | EP_R1_PPI,Física (Bacharelado) | Darcy Ribeiro | Diurno,Física (Bacharelado) | EP_R1_PPI | Darcy Ribeiro,Física (Bacharelado) | EP_R1_PPI | Diurno
2019-2021,2021,Darcy Ribeiro,Física (Bacharelado),Diurno,EP_R1_NPPI,EP_R1_NPPI,True,R1,NPPI,False,1.5,-59.265,65.812,2019-2021,2019,2021,2,Física (Bacharelado) | Darcy Ribeiro,Física (Bacharelado) | Diurno,Física (Bacharelado) | EP_R1_NPPI,Física (Bacharelado) | Darcy Ribeiro | Diurno,Física (Bacharelado) | EP_R1_NPPI | Darcy Ribeiro,Física (Bacharelado) | EP_R1_NPPI | Diurno
2019-2021,2021,Darcy Ribeiro,Física (Bacharelado),Diurno,EP_R2_PPI,EP_R2_PPI,True,R2,PPI,False,1.5,20.11,20.11,2019-2021,2019,2021,2,Física (Bacharelado) | Darcy Ribeiro,Física (Bacharelado) | Diurno,Física (Bacharelado) | EP_R2_PPI,Física (Bacharelado) | Darcy Ribeiro | Diurno,Física (Bacharelado) | EP_R2_PPI | Darcy Ribeiro,Física (Bacharelado) | EP_R2_PPI | Diurno
2019-2021,2021,Darcy Ribeiro,Física (Bacharelado),Diurno,EP_R2_NPPI,EP_R2_NPPI,True,R2,NPPI,False,1.5,-4.154,48.857,2019-2021,2019,2021,2,Física (Bacharelado) | Darcy Ribeiro,Física (Bacharelado) | Diurno,Física (Bacharelado) | EP_R2_NPPI,Física (Bacharelado) | Darcy Ribeiro | Diurno,Física (Bacharelado) | EP_R2_NPPI | Darcy Ribeiro,Física (Bacharelado) | EP_R2_NPPI | Diurno
2019-2021,2021,Darcy Ribeiro,Física (Bacharelado),Diurno,AC,AC,False,,,False,,91.722,,2019-2021,2019,2021,2,Física (Bacharelado) | Darcy Ribeiro,Física (Bacharelado) | Diurno,Física (Bacharelado) | AC,Física (Bacharelado) | Darcy Ribeiro | Diurno,Física (Bacharelado) | AC | Darcy Ribeiro,Física (Bacharelado) | AC | Diurno
2019-2021,2021,Darcy Ribeiro,Física (Licenciatura),Noturno,EP_R2_NPPI,EP_R2_NPPI,True,R2,NPPI,False,1.5,-30.161,26.655,2019-2021,2019,2021,2,Física (Licenciatura) | Darcy Ribeiro,Física (Licenciatura) | Noturno,Física (Licenciatura) | EP_R2_NPPI,Física (Licenciatura) | Darcy Ribeiro | Noturno,Física (Licenciatura) | EP_R2_NPPI | Darcy Ribeiro,Física (Licenciatura) | EP_R2_NPPI | Noturno
2019-2021,2021,Darcy Ribeiro,Física (Licenciatura),Noturno,AC,AC,False,,,False,,-68.138,94.263,2019-2021,2019,2021,2,Física (Licenciatura) | Darcy Ribeiro,Física (Licenciatura) | Noturno,Física (Licenciatura) | AC,Física (Licenciatura) | Darcy Ribeiro | Noturno,Física (Licenciatura) | AC | Darcy Ribeiro,Física (Licenciatura) | AC | Noturno
2019-2021,2021,Darcy Ribeiro,Geofísica (Bacharelado),Diurno,CN,CN,False,,NEGROS,False,,-6.216,-6.216,2019-2021,2019,2021,2,Geofísica (Bacharelado) | Darcy Ribeiro,Geofísica (Bacharelado) | Diurno,Geofísica (Bacharelado) | CN,Geofísica (Bacharelado) | Darcy Ribeiro | Diurno,Geofísica (Bacharelado) | CN | Darcy Ribeiro,Geofísica (Bacharelado) | CN | Diurno
2019-2021,2021,Darcy Ribeiro,Geofísica (Bacharelado),Diurno,EP_R2_NPPI,EP_R2_NPPI,True,R2,NPPI,False,1.5,-27.06,-27.06,2019-2021,2019,2021,2,Geofísica (Bacharelado) | Darcy Ribeiro,Geofísica (Bacharelado) | Diurno,Geofísica (Bacharelado) | EP_R2_NPPI,Geofísica (Bacharelado) | Darcy Ribeiro | Diurno,Geofísica (Bacharelado) | EP_R2_NPPI | Darcy Ribeiro,Geofísica (Bacharelado) | EP_R2_NPPI | Diurno
2019-2021,2021,Darcy Ribeiro,Geofísica (Bacharelado),Diurno,AC,AC,False,,,False,,-48.237,8.279,2019-2021,2019,2021,2,Geofísica (Bacharelado) | Darcy Ribeiro,Geofísica (Bacharelado) | Diurno,Geofísica (Bacharelado) | AC,Geofísica (Bacharelado) | Darcy Ribeiro | Diurno,Geofísica (Bacharelado) | AC | Darcy Ribeiro,Geofísica (Bacharelado) | AC | Diurno
2019-2021,2021,Darcy Ribeiro,Geografia (Bacharelado/Licenciatura),Diurno,CN,CN,False,,NEGROS,False,,-8.341,-8.341,2019-2021,2019,2021,2,Geografia (Bacharelado/Licenciatura) | Darcy Ribeiro,Geografia (Bacharelado/Licenciatura) | Diurno,Geografia (Bacharelado/Licenciatura) | CN,Geografia (Bacharelado/Licenciatura) | Darcy Ribeiro | Diurno,Geografia (Bacharelado/Licenciatura) | CN | Darcy Ribeiro,Geografia (Bacharelado/Licenciatura) | CN | Diurno
2019-2021,2021,Darcy Ribeiro,Geografia (Bacharelado/Licenciatura),Diurno,EP_R1_PPI,EP_R1_PPI,True,R1,PPI,False,1.5,-24.912,3.902,2019-2021,2019,2021,2,Geografia (Bacharelado/Licenciatura) | Darcy Ribeiro,Geografia (Bacharelado/Licenciatura) | Diurno,Geografia (Bacharelado/Licenciatura) | EP_R1_PPI,Geografia (Bacharelado/Licenciatura) | Darcy Ribeiro | Diurno,Geografia (Bacharelado/Licenciatura) | EP_R1_PPI | Darcy Ribeiro,Geografia (Bacharelado/Licenciatura) | EP_R1_PPI | Diurno
2019-2021,2021,Darcy Ribeiro,Geografia (Bacharelado/Licenciatura),Diurno,EP_R1_NPPI,EP_R1_NPPI,True,R1,NPPI,False,1.5,13.323,13.323,2019-2021,2019,2021,2,Geografia (Bacharelado/Licenciatura) | Darcy Ribeiro,Geografia (Bacharelado/Licenciatura) | Diurno,Geografia (Bacharelado/Licenciatura) | EP_R1_NPPI,Geografia (Bacharelado/Licenciatura) | Darcy Ribeiro | Diurno,Geografia (Bacharelado/Licenciatura) | EP_R1_NPPI | Darcy Ribeiro,Geografia (Bacharelado/Licenciatura) | EP_R1_NPPI | Diurno
2019-2021,2021,Darcy Ribeiro,Geografia (Bacharelado/Licenciatura),Diurno,EP_R2_PPI,EP_R2_PPI,True,R2,PPI,False,1.5,-28.339,-20.368,2019-2021,2019,2021,2,Geografia (Bacharelado/Licenciatura) | Darcy Ribeiro,Geografia (Bacharelado/Licenciatura) | Diurno,Geografia (Bacharelado/Licenciatura) | EP_R2_PPI,Geografia (Bacharelado/Licenciatura) | Darcy Ribeiro | Diurno,Geografia (Bacharelado/Licenciatura) | EP_R2_PPI | Darcy Ribeiro,Geografia (Bacharelado/Licenciatura) | EP_R2_PPI | Diurno
2019-2021,2021,Darcy Ribeiro,Geografia (Bacharelado/Licenciatura),Diurno,EP_R2_NPPI,EP_R2_NPPI,True,R2,NPPI,False,1.5,-8.556,19.938,2019-2021,2019,2021,2,Geografia (Bacharelado/Licenciatura) | Darcy Ribeiro,Geografia (Bacharelado/Licenciatura) | Diurno,Geografia (Bacharelado/Licenciatura) | EP_R2_NPPI,Geografia (Bacharelado/Licenciatura) | Darcy Ribeiro | Diurno,Geografia (Bacharelado/Licenciatura) | EP_R2_NPPI | Darcy Ribeiro,Geografia (Bacharelado/Licenciatura) | EP_R2_NPPI | Diurno
2019-2021,2021,Darcy Ribeiro,Geografia (Bacharelado/Licenciatura),Diurno,AC,AC,False,,,False,,-11.709,44.499,2019-2021,2019,2021,2,Geografia (Bacharelado/Licenciatura) | Darcy Ribeiro,Geografia (Bacharelado/Licenciatura) | Diurno,Geografia (Bacharelado/Licenciatura) | AC,Geografia (Bacharelado/Licenciatura) | Darcy Ribeiro | Diurno,Geografia (Bacharelado/Licenciatura) | AC | Darcy Ribeiro,Geografia (Bacharelado/Licenciatura) | AC | Diurno
2019-2021,2021,Darcy Ribeiro,Geologia (Bacharelado),Diurno,CN,CN,False,,NEGROS,False,,-33.967,-33.967,2019-2021,2019,2021,2,Geologia (Bacharelado) | Darcy Ribeiro,Geologia (Bacharelado) | Diurno,Geologia (Bacharelado) | CN,Geologia (Bacharelado) | Darcy Ribeiro | Diurno,Geologia (Bacharelado) | CN | Darcy Ribeiro,Geologia (Bacharelado) | CN | Diurno
2019-2021,2021,Darcy Ribeiro,Geologia (Bacharelado),Diurno,EP_R1_PPI,EP_R1_PPI,True,R1,PPI,False,1.5,-59.404,-59.404,2019-2021,2019,2021,2,Geologia (Bacharelado) | Darcy Ribeiro,Geologia (Bacharelado) | Diurno,Geologia (Bacharelado) | EP_R1_PPI,Geologia (Bacharelado) | Darcy Ribeiro | Diurno,Geologia (Bacharelado) | EP_R1_PPI | Darcy Ribeiro,Geologia (Bacharelado) | EP_R1_PPI | Diurno
2019-2021,2021,Darcy Ribeiro,Geologia (Bacharelado),Diurno,EP_R1_NPPI,EP_R1_NPPI,True,R1,NPPI,False,1.5,-36.351,-36.351,2019-2021,2019,2021,2,Geologia (Bacharelado) | Darcy Ribeiro,Geologia (Bacharelado) | Diurno,Geologia (Bacharelado) | EP_R1_NPPI,Geologia (Bacharelado) | Darcy Ribeiro | Diurno,Geologia (Bacharelado) | EP_R1_NPPI | Darcy Ribeiro,Geologia (Bacharelado) | EP_R1_NPPI | Diurno
2019-2021,2021,Darcy Ribeiro,Geologia (Bacharelado),Diurno,EP_R2_NPPI,EP_R2_NPPI,True,R2,NPPI,False,1.5,33.859,33.859,2019-2021,2019,2021,2,Geologia (Bacharelado) | Darcy Ribeiro,Geologia (Bacharelado) | Diurno,Geologia (Bacharelado) | EP_R2_NPPI,Geologia (Bacharelado) | Darcy Ribeiro | Diurno,Geologia (Bacharelado) | EP_R2_NPPI | Darcy Ribeiro,Geologia (Bacharelado) | EP_R2_NPPI | Diurno
2019-2021,2021,Darcy Ribeiro,Geologia (Bacharelado),Diurno,AC,AC,False,,,False,,-68.729,68.345,2019-2021,2019,2021,2,Geologia (Bacharelado) | Darcy Ribeiro,Geologia (Bacharelado) | Diurno,Geologia (Bacharelado) | AC,Geologia (Bacharelado) | Darcy Ribeiro | Diurno,Geologia (Bacharelado) | AC | Darcy Ribeiro,Geologia (Bacharelado) | AC | Diurno
2019-2021,2021,Darcy Ribeiro,Gestão de Agronegócio (Bacharelado),Noturno,EP_R1_PPI,EP_R1_PPI,True,R1,PPI,False,1.5,-57.616,-57.616,2019-2021,2019,2021,2,Gestão de Agronegócio (Bacharelado) | Darcy Ribeiro,Gestão de Agronegócio (Bacharelado) | Noturno,Gestão de Agronegócio (Bacharelado) | EP_R1_PPI,Gestão de Agronegócio (Bacharelado) | Darcy Ribeiro | Noturno,Gestão de Agronegócio (Bacharelado) | EP_R1_PPI | Darcy Ribeiro,Gestão de Agronegócio (Bacharelado) | EP_R1_PPI | Noturno
2019-2021,2021,Darcy Ribeiro,Gestão de Agronegócio (Bacharelado),Noturno,EP_R2_PPI,EP_R2_PPI,True,R2,PPI,False,1.5,-44.795,-33.635,2019-2021,2019,2021,2,Gestão de Agronegócio (Bacharelado) | Darcy Ribeiro,Gestão de Agronegócio (Bacharelado) | Noturno,Gestão de Agronegócio (Bacharelado) | EP_R2_PPI,Gestão de Agronegócio (Bacharelado) | Darcy Ribeiro | Noturno,Gestão de Agronegócio (Bacharelado) | EP_R2_PPI | Darcy Ribeiro,Gestão de Agronegócio (Bacharelado) | EP_R2_PPI | Noturno
2019-2021,2021,Darcy Ribeiro,Gestão de Agronegócio (Bacharelado),Noturno,AC,AC,False,,,False,,-61.028,11.189,2019-2021,2019,2021,2,Gestão de Agronegócio (Bacharelado) | Darcy Ribeiro,Gestão de Agronegócio (Bacharelado) | Noturno,Gestão de Agronegócio (Bacharelado) | AC,Gestão de Agronegócio (Bacharelado) | Darcy Ribeiro | Noturno,Gestão de Agronegócio (Bacharelado) | AC | Darcy Ribeiro,Gestão de Agronegócio (Bacharelado) | AC | Noturno
2019-2021,2021,Darcy Ribeiro,Gestão de Políticas Públicas (Bacharelado),Noturno,CN,CN,False,,NEGROS,False,,-66.75,-66.75,2019-2021,2019,2021,2,Gestão de Políticas Públicas (Bacharelado) | Darcy Ribeiro,Gestão de Políticas Públicas (Bacharelado) | Noturno,Gestão de Políticas Públicas (Bacharelado) | CN,Gestão de Políticas Públicas (Bacharelado) | Darcy Ribeiro | Noturno,Gestão de Políticas Públicas (Bacharelado) | CN | Darcy Ribeiro,Gestão de Políticas Públicas (Bacharelado) | CN | Noturno
2019-2021,2021,Darcy Ribeiro,Gestão de Políticas Públicas (Bacharelado),Noturno,EP_R1_PPI,EP_R1_PPI,True,R1,PPI,False,1.5,-67.263,9.475,2019-2021,2019,2021,2,Gestão de Políticas Públicas (Bacharelado) | Darcy Ribeiro,Gestão de Políticas Públicas (Bacharelado) | Noturno,Gestão de Políticas Públicas (Bacharelado) | EP_R1_PPI,Gestão de Políticas Públicas (Bacharelado) | Darcy Ribeiro | Noturno,Gestão de Políticas Públicas (Bacharelado) | EP_R1_PPI | Darcy Ribeiro,Gestão de Políticas Públicas (Bacharelado) | EP_R1_PPI | Noturno
2019-2021,2021,Darcy Ribeiro,Gestão de Políticas Públicas (Bacharelado),Noturno,EP_R1_NPPI,EP_R1_NPPI,True,R1,NPPI,False,1.5,-94.961,-94.961,2019-2021,2019,2021,2,Gestão de Políticas Públicas (Bacharelado) | Darcy Ribeiro,Gestão de Políticas Públicas (Bacharelado) | Noturno,Gestão de Políticas Públicas (Bacharelado) | EP_R1_NPPI,Gestão de Políticas Públicas (Bacharelado) | Darcy Ribeiro | Noturno,Gestão de Políticas Públicas (Bacharelado) | EP_R1_NPPI | Darcy Ribeiro,Gestão de Políticas Públicas (Bacharelado) | EP_R1_NPPI | Noturno
2019-2021,2021,Darcy Ribeiro,Gestão de Políticas Públicas (Bacharelado),Noturno,EP_R2_PPI,EP_R2_PPI,True,R2,PPI,False,1.5,-66.12,-0.681,2019-2021,2019,2021,2,Gestão de Políticas Públicas (Bacharelado) | Darcy Ribeiro,Gestão de Políticas Públicas (Bacharelado) | Noturno,Gestão de Políticas Públicas (Bacharelado) | EP_R2_PPI,Gestão de Políticas Públicas (Bacharelado) | Darcy Ribeiro | Noturno,Gestão de Políticas Públicas (Bacharelado) | EP_R2_PPI | Darcy Ribeiro,Gestão de Políticas Públicas (Bacharelado) | EP_R2_PPI | Noturno
2019-2021,2021,Darcy Ribeiro,Gestão de Políticas Públicas (Bacharelado),Noturno,EP_R2_NPPI,EP_R2_NPPI,True,R2,NPPI,False,1.5,-81.612,-11.424,2019-2021,2019,2021,2,Gestão de Políticas Públicas (Bacharelado) | Darcy Ribeiro,Gestão de Políticas Públicas (Bacharelado) | Noturno,Gestão de Políticas Públicas (Bacharelado) | EP_R2_NPPI,Gestão de Políticas Públicas (Bacharelado) | Darcy Ribeiro | Noturno,Gestão de Políticas Públicas (Bacharelado) | EP_R2_NPPI | Darcy Ribeiro,Gestão de Políticas Públicas (Bacharelado) | EP_R2_NPPI | Noturno
2019-2021,2021,Darcy Ribeiro,Gestão de Políticas Públicas (Bacharelado),Noturno,AC,AC,False,,,False,,-51.535,51.644,2019-2021,2019,2021,2,Gestão de Políticas Públicas (Bacharelado) | Darcy Ribeiro,Gestão de Políticas Públicas (Bacharelado) | Noturno,Gestão de Políticas Públicas (Bacharelado) | AC,Gestão de Políticas Públicas (Bacharelado) | Darcy Ribeiro | Noturno,Gestão de Políticas Públicas (Bacharelado) | AC | Darcy Ribeiro,Gestão de Políticas Públicas (Bacharelado) | AC | Noturno
2019-2021,2021,Darcy Ribeiro,História (Bacharelado/Licenciatura),Diurno,CN,CN,False,,NEGROS,False,,13.241,13.241,2019-2021,2019,2021,2,História (Bacharelado/Licenciatura) | Darcy Ribeiro,História (Bacharelado/Licenciatura) | Diurno,História (Bacharelado/Licenciatura) | CN,História (Bacharelado/Licenciatura) | Darcy Ribeiro | Diurno,História (Bacharelado/Licenciatura) | CN | Darcy Ribeiro,História (Bacharelado/Licenciatura) | CN | Diurno
2019-2021,2021,Darcy Ribeiro,História (Bacharelado/Licenciatura),Diurno,EP_R1_PPI,EP_R1_PPI,True,R1,PPI,False,1.5,-11.321,15.341,2019-2021,2019,2021,2,História (Bacharelado/Licenciatura) | Darcy Ribeiro,História (Bacharelado/Licenciatura) | Diurno,História (Bacharelado/Licenciatura) | EP_R1_PPI,História (Bacharelado/Licenciatura) | Darcy Ribeiro | Diurno,História (Bacharelado/Licenciatura) | EP_R1_PPI | Darcy Ribeiro,História (Bacharelado/Licenciatura) | EP_R1_PPI | Diurno
2019-2021,2021,Darcy Ribeiro,História (Bacharelado/Licenciatura),Diurno,EP_R1_NPPI,EP_R1_NPPI,True,R1,NPPI,False,1.5,11.681,53.113,2019-2021,2019,2021,2,História (Bacharelado/Licenciatura) | Darcy Ribeiro,História (Bacharelado/Licenciatura) | Diurno,História (Bacharelado/Licenciatura) | EP_R1_NPPI,História (Bacharelado/Licenciatura) | Darcy Ribeiro | Diurno,História (Bacharelado/Licenciatura) | EP_R1_NPPI | Darcy Ribeiro,História (Bacharelado/Licenciatura) | EP_R1_NPPI | Diurno
2019-2021,2021,Darcy Ribeiro,História (Bacharelado/Licenciatura),Diurno,EP_R2_PPI,EP_R2_PPI,True,R2,PPI,False,1.5,0.911,44.728,2019-2021,2019,2021,2,História (Bacharelado/Licenciatura) | Darcy Ribeiro,História (Bacharelado/Licenciatura) | Diurno,História (Bacharelado/Licenciatura) | EP_R2_PPI,História (Bacharelado/Licenciatura) | Darcy Ribeiro | Diurno,História (Bacharelado/Licenciatura) | EP_R2_PPI | Darcy Ribeiro,História (Bacharelado/Licenciatura) | EP_R2_PPI | Diurno
2019-2021,2021,Darcy Ribeiro,História (Bacharelado/Licenciatura),Diurno,EP_R2_NPPI,EP_R2_NPPI,True,R2,NPPI,False,1.5,24.189,24.459,2019-2021,2019,2021,2,História (Bacharelado/Licenciatura) | Darcy Ribeiro,História (Bacharelado/Licenciatura) | Diurno,História (Bacharelado/Licenciatura) | EP_R2_NPPI,História (Bacharelado/Licenciatura) | Darcy Ribeiro | Diurno,História (Bacharelado/Licenciatura) | EP_R2_NPPI | Darcy Ribeiro,História (Bacharelado/Licenciatura) | EP_R2_NPPI | Diurno
2019-2021,2021,Darcy Ribeiro,História (Bacharelado/Licenciatura),Diurno,AC,AC,False,,,False,,44.047,,2019-2021,2019,2021,2,História (Bacharelado/Licenciatura) | Darcy Ribeiro,História (Bacharelado/Licenciatura) | Diurno,História (Bacharelado/Licenciatura) | AC,História (Bacharelado/Licenciatura) | Darcy Ribeiro | Diurno,História (Bacharelado/Licenciatura) | AC | Darcy Ribeiro,História (Bacharelado/Licenciatura) | AC | Diurno
2019-2021,2021,Darcy Ribeiro,História (Licenciatura),Noturno,CN,CN,False,,NEGROS,False,,25.055,25.055,2019-2021,2019,2021,2,História (Licenciatura) | Darcy Ribeiro,História (Licenciatura) | Noturno,História (Licenciatura) | CN,História (Licenciatura) | Darcy Ribeiro | Noturno,História (Licenciatura) | CN | Darcy Ribeiro,História (Licenciatura) | CN | Noturno
2019-2021,2021,Darcy Ribeiro,História (Licenciatura),Noturno,EP_R1_PPI,EP_R1_PPI,True,R1,PPI,False,1.5,-9.043,32.413,2019-2021,2019,2021,2,História (Licenciatura) | Darcy Ribeiro,História (Licenciatura) | Noturno,História (Licenciatura) | EP_R1_PPI,História (Licenciatura) | Darcy Ribeiro | Noturno,História (Licenciatura) | EP_R1_PPI | Darcy Ribeiro,História (Licenciatura) | EP_R1_PPI | Noturno
2019-2021,2021,Darcy Ribeiro,História (Licenciatura),Noturno,EP_R1_NPPI,EP_R1_NPPI,True,R1,NPPI,False,1.5,-17.651,-17.222,2019-2021,2019,2021,2,História (Licenciatura) | Darcy Ribeiro,História (Licenciatura) | Noturno,História (Licenciatura) | EP_R1_NPPI,História (Licenciatura) | Darcy Ribeiro | Noturno,História (Licenciatura) | EP_R1_NPPI | Darcy Ribeiro,História (Licenciatura) | EP_R1_NPPI | Noturno
2019-2021,2021,Darcy Ribeiro,História (Licenciatura),Noturno,EP_R2_PPI,EP_R2_PPI,True,R2,PPI,False,1.5,-34.556,50.644,2019-2021,2019,2021,2,História (Licenciatura) | Darcy Ribeiro,História (Licenciatura) | Noturno,História (Licenciatura) | EP_R2_PPI,História (Licenciatura) | Darcy Ribeiro | Noturno,História (Licenciatura) | EP_R2_PPI | Darcy Ribeiro,História (Licenciatura) | EP_R2_PPI | Noturno
2019-2021,2021,Darcy Ribeiro,História (Licenciatura),Noturno,EP_R2_NPPI,EP_R2_NPPI,True,R2,NPPI,False,1.5,-8.931,1.031,2019-2021,2019,2021,2,História (Licenciatura) | Darcy Ribeiro,História (Licenciatura) | Noturno,História (Licenciatura) | EP_R2_NPPI,História (Licenciatura) | Darcy Ribeiro | Noturno,História (Licenciatura) | EP_R2_NPPI | Darcy Ribeiro,História (Licenciatura) | EP_R2_NPPI | Noturno
2019-2021,2021,Darcy Ribeiro,História (Licenciatura),Noturno,AC,AC,False,,,False,,-38.56,24.313,2019-2021,2019,2021,2,História (Licenciatura) | Darcy Ribeiro,História (Licenciatura) | Noturno,História (Licenciatura) | AC,História (Licenciatura) | Darcy Ribeiro | Noturno,História (Licenciatura) | AC | Darcy Ribeiro,História (Licenciatura) | AC | Noturno
2019-2021,2021,Darcy Ribeiro,Japonês (Licenciatura),Noturno,EP_R2_PPI_PCD,EP_R2_PPI_PCD,True,R2,PPI,True,1.5,5.9,5.9,2019-2021,2019,2021,2,Japonês (Licenciatura) | Darcy Ribeiro,Japonês (Licenciatura) | Noturno,Japonês (Licenciatura) | EP_R2_PPI_PCD,Japonês (Licenciatura) | Darcy Ribeiro | Noturno,Japonês (Licenciatura) | EP_R2_PPI_PCD | Darcy Ribeiro,Japonês (Licenciatura) | EP_R2_PPI_PCD | Noturno
2019-2021,2021,Darcy Ribeiro,Japonês (Licenciatura),Noturno,EP_R2_NPPI,EP_R2_NPPI,True,R2,NPPI,False,1.5,2.278,2.278,2019-2021,2019,2021,2,Japonês (Licenciatura) | Darcy Ribeiro,Japonês (Licenciatura) | Noturno,Japonês (Licenciatura) | EP_R2_NPPI,Japonês (Licenciatura) | Darcy Ribeiro | Noturno,Japonês (Licenciatura) | EP_R2_NPPI | Darcy Ribeiro,Japonês (Licenciatura) | EP_R2_NPPI | Noturno
2019-2021,2021,Darcy Ribeiro,Japonês (Licenciatura),Noturno,AC,AC,False,,,False,,-62.925,18.808,2019-2021,2019,2021,2,Japonês (Licenciatura) | Darcy Ribeiro,Japonês (Licenciatura) | Noturno,Japonês (Licenciatura) | AC,Japonês (Licenciatura) | Darcy Ribeiro | Noturno,Japonês (Licenciatura) | AC | Darcy Ribeiro,Japonês (Licenciatura) | AC | Noturno
2019-2021,2021,Darcy Ribeiro,Jornalismo (Bacharelado),Diurno,CN,CN,False,,NEGROS,False,,76.01,76.01,2019-2021,2019,2021,2,Jornalismo (Bacharelado) | Darcy Ribeiro,Jornalismo (Bacharelado) | Diurno,Jornalismo (Bacharelado) | CN,Jornalismo (Bacharelado) | Darcy Ribeiro | Diurno,Jornalismo (Bacharelado) | CN | Darcy Ribeiro,Jornalismo (Bacharelado) | CN | Diurno
2019-2021,2021,Darcy Ribeiro,Jornalismo (Bacharelado),Diurno,EP_R1_PPI,EP_R1_PPI,True,R1,PPI,False,1.5,5.241,7.797,2019-2021,2019,2021,2,Jornalismo (Bacharelado) | Darcy Ribeiro,Jornalismo (Bacharelado) | Diurno,Jornalismo (Bacharelado) | EP_R1_PPI,Jornalismo (Bacharelado) | Darcy Ribeiro | Diurno,Jornalismo (Bacharelado) | EP_R1_PPI | Darcy Ribeiro,Jornalismo (Bacharelado) | EP_R1_PPI | Diurno
2019-2021,2021,Darcy Ribeiro,Jornalismo (Bacharelado),Diurno,EP_R1_NPPI,EP_R1_NPPI,True,R1,NPPI,False,1.5,40.539,40.539,2019-2021,2019,2021,2,Jornalismo (Bacharelado) | Darcy Ribeiro,Jornalismo (Bacharelado) | Diurno,Jornalismo (Bacharelado) | EP_R1_NPPI,Jornalismo (Bacharelado) | Darcy Ribeiro | Diurno,Jornalismo (Bacharelado) | EP_R1_NPPI | Darcy Ribeiro,Jornalismo (Bacharelado) | EP_R1_NPPI | Diurno
2019-2021,2021,Darcy Ribeiro,Jornalismo (Bacharelado),Diurno,EP_R2_PPI,EP_R2_PPI,True,R2,PPI,False,1.5,23.778,43.842,2019-2021,2019,2021,2,Jornalismo (Bacharelado) | Darcy Ribeiro,Jornalismo (Bacharelado) | Diurno,Jornalismo (Bacharelado) | EP_R2_PPI,Jornalismo (Bacharelado) | Darcy Ribeiro | Diurno,Jornalismo (Bacharelado) | EP_R2_PPI | Darcy Ribeiro,Jornalismo (Bacharelado) | EP_R2_PPI | Diurno
2019-2021,2021,Darcy Ribeiro,Jornalismo (Bacharelado),Diurno,EP_R2_NPPI,EP_R2_NPPI,True,R2,NPPI,False,1.5,69.465,69.465,2019-2021,2019,2021,2,Jornalismo (Bacharelado) | Darcy Ribeiro,Jornalismo (Bacharelado) | Diurno,Jornalismo (Bacharelado) | EP_R2_NPPI,Jornalismo (Bacharelado) | Darcy Ribeiro | Diurno,Jornalismo (Bacharelado) | EP_R2_NPPI | Darcy Ribeiro,Jornalismo (Bacharelado) | EP_R2_NPPI | Diurno
2019-2021,2021,Darcy Ribeiro,Jornalismo (Bacharelado),Diurno,AC,AC,False,,,False,,85.007,,2019-2021,2019,2021,2,Jornalismo (Bacharelado) | Darcy Ribeiro,Jornalismo (Bacharelado) | Diurno,Jornalismo (Bacharelado) | AC,Jornalismo (Bacharelado) | Darcy Ribeiro | Diurno,Jornalismo (Bacharelado) | AC | Darcy Ribeiro,Jornalismo (Bacharelado) | AC | Diurno
2019-2021,2021,Darcy Ribeiro,Letras - Espanhol (Licenciatura),Noturno,EP_R1_PPI,EP_R1_PPI,True,R1,PPI,False,1.5,-54.875,-36.401,2019-2021,2019,2021,2,Letras - Espanhol (Licenciatura) | Darcy Ribeiro,Letras - Espanhol (Licenciatura) | Noturno,Letras - Espanhol (Licenciatura) | EP_R1_PPI,Letras - Espanhol (Licenciatura) | Darcy Ribeiro | Noturno,Letras - Espanhol (Licenciatura) | EP_R1_PPI | Darcy Ribeiro,Letras - Espanhol (Licenciatura) | EP_R1_PPI | Noturno
2019-2021,2021,Darcy Ribeiro,Letras - Espanhol (Licenciatura),Noturno,EP_R1_NPPI,EP_R1_NPPI,True,R1,NPPI,False,1.5,-27.424,-27.424,2019-2021,2019,2021,2,Letras - Espanhol (Licenciatura) | Darcy Ribeiro,Letras - Espanhol (Licenciatura) | Noturno,Letras - Espanhol (Licenciatura) | EP_R1_NPPI,Letras - Espanhol (Licenciatura) | Darcy Ribeiro | Noturno,Letras - Espanhol (Licenciatura) | EP_R1_NPPI | Darcy Ribeiro,Letras - Espanhol (Licenciatura) | EP_R1_NPPI | Noturno
2019-2021,2021,Darcy Ribeiro,Letras - Espanhol (Licenciatura),Noturno,EP_R2_PPI,EP_R2_PPI,True,R2,PPI,False,1.5,-45.262,-45.262,2019-2021,2019,2021,2,Letras - Espanhol (Licenciatura) | Darcy Ribeiro,Letras - Espanhol (Licenciatura) | Noturno,Letras - Espanhol (Licenciatura) | EP_R2_PPI,Letras - Espanhol (Licenciatura) | Darcy Ribeiro | Noturno,Letras - Espanhol (Licenciatura) | EP_R2_PPI | Darcy Ribeiro,Letras - Espanhol (Licenciatura) | EP_R2_PPI | Noturno
2019-2021,2021,Darcy Ribeiro,Letras - Espanhol (Licenciatura),Noturno,AC,AC,False,,,False,,-98.76,13.701,2019-2021,2019,2021,2,Letras - Espanhol (Licenciatura) | Darcy Ribeiro,Letras - Espanhol (Licenciatura) | Noturno,Letras - Espanhol (Licenciatura) | AC,Letras - Espanhol (Licenciatura) | Darcy Ribeiro | Noturno,Letras - Espanhol (Licenciatura) | AC | Darcy Ribeiro,Letras - Espanhol (Licenciatura) | AC | Noturno
2019-2021,2021,Darcy Ribeiro,Letras - Francês (Bacharelado/Licenciatura),Diurno,EP_R1_NPPI,EP_R1_NPPI,True,R1,NPPI,False,1.5,-2.644,-2.644,2019-2021,2019,2021,2,Letras - Francês (Bacharelado/Licenciatura) | Darcy Ribeiro,Letras - Francês (Bacharelado/Licenciatura) | Diurno,Letras - Francês (Bacharelado/Licenciatura) | EP_R1_NPPI,Letras - Francês (Bacharelado/Licenciatura) | Darcy Ribeiro | Diurno,Letras - Francês (Bacharelado/Licenciatura) | EP_R1_NPPI | Darcy Ribeiro,Letras - Francês (Bacharelado/Licenciatura) | EP_R1_NPPI | Diurno
2019-2021,2021,Darcy Ribeiro,Letras - Francês (Bacharelado/Licenciatura),Diurno,EP_R2_PPI,EP_R2_PPI,True,R2,PPI,False,1.5,-48.718,-8.908,2019-2021,2019,2021,2,Letras - Francês (Bacharelado/Licenciatura) | Darcy Ribeiro,Letras - Francês (Bacharelado/Licenciatura) | Diurno,Letras - Francês (Bacharelado/Licenciatura) | EP_R2_PPI,Letras - Francês (Bacharelado/Licenciatura) | Darcy Ribeiro | Diurno,Letras - Francês (Bacharelado/Licenciatura) | EP_R2_PPI | Darcy Ribeiro,Letras - Francês (Bacharelado/Licenciatura) | EP_R2_PPI | Diurno
2019-2021,2021,Darcy Ribeiro,Letras - Francês (Bacharelado/Licenciatura),Diurno,EP_R2_NPPI,EP_R2_NPPI,True,R2,NPPI,False,1.5,-43.649,-43.649,2019-2021,2019,2021,2,Letras - Francês (Bacharelado/Licenciatura) | Darcy Ribeiro,Letras - Francês (Bacharelado/Licenciatura) | Diurno,Letras - Francês (Bacharelado/Licenciatura) | EP_R2_NPPI,Letras - Francês (Bacharelado/Licenciatura) | Darcy Ribeiro | Diurno,Letras - Francês (Bacharelado/Licenciatura) | EP_R2_NPPI | Darcy Ribeiro,Letras - Francês (Bacharelado/Licenciatura) | EP_R2_NPPI | Diurno
2019-2021,2021,Darcy Ribeiro,Letras - Francês (Bacharelado/Licenciatura),Diurno,AC,AC,False,,,False,,-44.511,28.361,2019-2021,2019,2021,2,Letras - Francês (Bacharelado/Licenciatura) | Darcy Ribeiro,Letras - Francês (Bacharelado/Licenciatura) | Diurno,Letras - Francês (Bacharelado/Licenciatura) | AC,Letras - Francês (Bacharelado/Licenciatura) | Darcy Ribeiro | Diurno,Letras - Francês (Bacharelado/Licenciatura) | AC | Darcy Ribeiro,Letras - Francês (Bacharelado/Licenciatura) | AC | Diurno
2019-2021,2021,Darcy Ribeiro,Letras - Inglês (Bacharelado/Licenciatura),Diurno,CN,CN,False,,NEGROS,False,,-25.636,-25.636,2019-2021,2019,2021,2,Letras - Inglês (Bacharelado/Licenciatura) | Darcy Ribeiro,Letras - Inglês (Bacharelado/Licenciatura) | Diurno,Letras - Inglês (Bacharelado/Licenciatura) | CN,Letras - Inglês (Bacharelado/Licenciatura) | Darcy Ribeiro | Diurno,Letras - Inglês (Bacharelado/Licenciatura) | CN | Darcy Ribeiro,Letras - Inglês (Bacharelado/Licenciatura) | CN | Diurno
2019-2021,2021,Darcy Ribeiro,Letras - Inglês (Bacharelado/Licenciatura),Diurno,EP_R1_PPI,EP_R1_PPI,True,R1,PPI,False,1.5,-42.015,-39.516,2019-2021,2019,2021,2,Letras - Inglês (Bacharelado/Licenciatura) | Darcy Ribeiro,Letras - Inglês (Bacharelado/Licenciatura) | Diurno,Letras - Inglês (Bacharelado/Licenciatura) | EP_R1_PPI,Letras - Inglês (Bacharelado/Licenciatura) | Darcy Ribeiro | Diurno,Letras - Inglês (Bacharelado/Licenciatura) | EP_R1_PPI | Darcy Ribeiro,Letras - Inglês (Bacharelado/Licenciatura) | EP_R1_PPI | Diurno
2019-2021,2021,Darcy Ribeiro,Letras - Inglês (Bacharelado/Licenciatura),Diurno,EP_R1_NPPI,EP_R1_NPPI,True,R1,NPPI,False,1.5,-3.967,-3.967,2019-2021,2019,2021,2,Letras - Inglês (Bacharelado/Licenciatura) | Darcy Ribeiro,Letras - Inglês (Bacharelado/Licenciatura) | Diurno,Letras - Inglês (Bacharelado/Licenciatura) | EP_R1_NPPI,Letras - Inglês (Bacharelado/Licenciatura) | Darcy Ribeiro | Diurno,Letras - Inglês (Bacharelado/Licenciatura) | EP_R1_NPPI | Darcy Ribeiro,Letras - Inglês (Bacharelado/Licenciatura) | EP_R1_NPPI | Diurno
2019-2021,2021,Darcy Ribeiro,Letras - Inglês (Bacharelado/Licenciatura),Diurno,EP_R2_PPI,EP_R2_PPI,True,R2,PPI,False,1.5,1.85,17.924,2019-2021,2019,2021,2,Letras - Inglês (Bacharelado/Licenciatura) | Darcy Ribeiro,Letras - Inglês (Bacharelado/Licenciatura) | Diurno,Letras - Inglês (Bacharelado/Licenciatura) | EP_R2_PPI,Letras - Inglês (Bacharelado/Licenciatura) | Darcy Ribeiro | Diurno,Letras - Inglês (Bacharelado/Licenciatura) | EP_R2_PPI | Darcy Ribeiro,Letras - Inglês (Bacharelado/Licenciatura) | EP_R2_PPI | Diurno
2019-2021,2021,Darcy Ribeiro,Letras - Inglês (Bacharelado/Licenciatura),Diurno,EP_R2_NPPI,EP_R2_NPPI,True,R2,NPPI,False,1.5,27.842,27.842,2019-2021,2019,2021,2,Letras - Inglês (Bacharelado/Licenciatura) | Darcy Ribeiro,Letras - Inglês (Bacharelado/Licenciatura) | Diurno,Letras - Inglês (Bacharelado/Licenciatura) | EP_R2_NPPI,Letras - Inglês (Bacharelado/Licenciatura) | Darcy Ribeiro | Diurno,Letras - Inglês (Bacharelado/Licenciatura) | EP_R2_NPPI | Darcy Ribeiro,Letras - Inglês (Bacharelado/Licenciatura) | EP_R2_NPPI | Diurno
2019-2021,2021,Darcy Ribeiro,Letras - Inglês (Bacharelado/Licenciatura),Diurno,AC,AC,False,,,False,,32.546,50.645,2019-2021,2019,2021,2,Letras - Inglês (Bacharelado/Licenciatura) | Darcy Ribeiro,Letras - Inglês (Bacharelado/Licenciatura) | Diurno,Letras - Inglês (Bacharelado/Licenciatura) | AC,Letras - Inglês (Bacharelado/Licenciatura) | Darcy Ribeiro | Diurno,Letras - Inglês (Bacharelado/Licenciatura) | AC | Darcy Ribeiro,Letras - Inglês (Bacharelado/Licenciatura) | AC | Diurno
2019-2021,2021,Darcy Ribeiro,Letras - Português (Bacharelado/Licenciatura),Diurno,CN,CN,False,,NEGROS,False,,8.583,8.583,2019-2021,2019,2021,2,Letras - Português (Bacharelado/Licenciatura) | Darcy Ribeiro,Letras - Português (Bacharelado/Licenciatura) | Diurno,Letras - Português (Bacharelado/Licenciatura) | CN,Letras - Português (Bacharelado/Licenciatura) | Darcy Ribeiro | Diurno,Letras - Português (Bacharelado/Licenciatura) | CN | Darcy Ribeiro,Letras - Português (Bacharelado/Licenciatura) | CN | Diurno
2019-2021,2021,Darcy Ribeiro,Letras - Português (Bacharelado/Licenciatura),Diurno,EP_R1_PPI,EP_R1_PPI,True,R1,PPI,False,1.5,-10.113,26.323,2019-2021,2019,2021,2,Letras - Português (Bacharelado/Licenciatura) | Darcy Ribeiro,Letras - Português (Bacharelado/Licenciatura) | Diurno,Letras - Português (Bacharelado/Licenciatura) | EP_R1_PPI,Letras - Português (Bacharelado/Licenciatura) | Darcy Ribeiro | Diurno,Letras - Português (Bacharelado/Licenciatura) | EP_R1_PPI | Darcy Ribeiro,Letras - Português (Bacharelado/Licenciatura) | EP_R1_PPI | Diurno
2019-2021,2021,Darcy Ribeiro,Letras - Português (Bacharelado/Licenciatura),Diurno,EP_R1_NPPI,EP_R1_NPPI,True,R1,NPPI,False,1.5,8.396,8.396,2019-2021,2019,2021,2,Letras - Português (Bacharelado/Licenciatura) | Darcy Ribeiro,Letras - Português (Bacharelado/Licenciatura) | Diurno,Letras - Português (Bacharelado/Licenciatura) | EP_R1_NPPI,Letras - Português (Bacharelado/Licenciatura) | Darcy Ribeiro | Diurno,Letras - Português (Bacharelado/Licenciatura) | EP_R1_NPPI | Darcy Ribeiro,Letras - Português (Bacharelado/Licenciatura) | EP_R1_NPPI | Diurno
2019-2021,2021,Darcy Ribeiro,Letras - Português (Bacharelado/Licenciatura),Diurno,EP_R2_PPI,EP_R2_PPI,True,R2,PPI,False,1.5,-13.148,25.795,2019-2021,2019,2021,2,Letras - Português (Bacharelado/Licenciatura) | Darcy Ribeiro,Letras - Português (Bacharelado/Licenciatura) | Diurno,Letras - Português (Bacharelado/Licenciatura) | EP_R2_PPI,Letras - Português (Bacharelado/Licenciatura) | Darcy Ribeiro | Diurno,Letras - Português (Bacharelado/Licenciatura) | EP_R2_PPI | Darcy Ribeiro,Letras - Português (Bacharelado/Licenciatura) | EP_R2_PPI | Diurno
2019-2021,2021,Darcy Ribeiro,Letras - Português (Bacharelado/Licenciatura),Diurno,EP_R2_NPPI,EP_R2_NPPI,True,R2,NPPI,False,1.5,23.426,23.426,2019-2021,2019,2021,2,Letras - Português (Bacharelado/Licenciatura) | Darcy Ribeiro,Letras - Português (Bacharelado/Licenciatura) | Diurno,Letras - Português (Bacharelado/Licenciatura) | EP_R2_NPPI,Letras - Português (Bacharelado/Licenciatura) | Darcy Ribeiro | Diurno,Letras - Português (Bacharelado/Licenciatura) | EP_R2_NPPI | Darcy Ribeiro,Letras - Português (Bacharelado/Licenciatura) | EP_R2_NPPI | Diurno
2019-2021,2021,Darcy Ribeiro,Letras - Português (Bacharelado/Licenciatura),Diurno,AC,AC,False,,,False,,41.363,52.962,2019-2021,2019,2021,2,Letras - Português (Bacharelado/Licenciatura) | Darcy Ribeiro,Letras - Português (Bacharelado/Licenciatura) | Diurno,Letras - Português (Bacharelado/Licenciatura) | AC,Letras - Português (Bacharelado/Licenciatura) | Darcy Ribeiro | Diurno,Letras - Português (Bacharelado/Licenciatura) | AC | Darcy Ribeiro,Letras - Português (Bacharelado/Licenciatura) | AC | Diurno
2019-2021,2021,Darcy Ribeiro,Letras - Português (Licenciatura),Noturno,EP_R1_NPPI,EP_R1_NPPI,True,R1,NPPI,False,1.5,6.56,6.56,2019-2021,2019,2021,2,Letras - Português (Licenciatura) | Darcy Ribeiro,Letras - Português (Licenciatura) | Noturno,Letras - Português (Licenciatura) | EP_R1_NPPI,Letras - Português (Licenciatura) | Darcy Ribeiro | Noturno,Letras - Português (Licenciatura) | EP_R1_NPPI | Darcy Ribeiro,Letras - Português (Licenciatura) | EP_R1_NPPI | Noturno
2019-2021,2021,Darcy Ribeiro,Letras - Português (Licenciatura),Noturno,EP_R2_PPI,EP_R2_PPI,True,R2,PPI,False,1.5,-23.897,-23.897,2019-2021,2019,2021,2,Letras - Português (Licenciatura) | Darcy Ribeiro,Letras - Português (Licenciatura) | Noturno,Letras - Português (Licenciatura) | EP_R2_PPI,Letras - Português (Licenciatura) | Darcy Ribeiro | Noturno,Letras - Português (Licenciatura) | EP_R2_PPI | Darcy Ribeiro,Letras - Português (Licenciatura) | EP_R2_PPI | Noturno
2019-2021,2021,Darcy Ribeiro,Letras - Português (Licenciatura),Noturno,EP_R2_NPPI,EP_R2_NPPI,True,R2,NPPI,False,1.5,-51.267,-51.267,2019-2021,2019,2021,2,Letras - Português (Licenciatura) | Darcy Ribeiro,Letras - Português (Licenciatura) | Noturno,Letras - Português (Licenciatura) | EP_R2_NPPI,Letras - Português (Licenciatura) | Darcy Ribeiro | Noturno,Letras - Português (Licenciatura) | EP_R2_NPPI | Darcy Ribeiro,Letras - Português (Licenciatura) | EP_R2_NPPI | Noturno
2019-2021,2021,Darcy Ribeiro,Letras - Português (Licenciatura),Noturno,AC,AC,False,,,False,,-70.531,78.089,2019-2021,2019,2021,2,Letras - Português (Licenciatura) | Darcy Ribeiro,Letras - Português (Licenciatura) | Noturno,Letras - Português (Licenciatura) | AC,Letras - Português (Licenciatura) | Darcy Ribeiro | Noturno,Letras - Português (Licenciatura) | AC | Darcy Ribeiro,Letras - Português (Licenciatura) | AC | Noturno
2019-2021,2021,Darcy Ribeiro,Letras – Português do Brasil como Segunda Língua (Licenciatura),Diurno,EP_R1_PPI,EP_R1_PPI,True,R1,PPI,False,1.5,-35.98,-35.98,2019-2021,2019,2021,2,Letras – Português do Brasil como Segunda Língua (Licenciatura) | Darcy Ribeiro,Letras – Português do Brasil como Segunda Língua (Licenciatura) | Diurno,Letras – Português do Brasil como Segunda Língua (Licenciatura) | EP_R1_PPI,Letras – Português do Brasil como Segunda Língua (Licenciatura) | Darcy Ribeiro | Diurno,Letras – Português do Brasil como Segunda Língua (Licenciatura) | EP_R1_PPI | Darcy Ribeiro,Letras – Português do Brasil como Segunda Língua (Licenciatura) | EP_R1_PPI | Diurno
2019-2021,2021,Darcy Ribeiro,Letras – Português do Brasil como Segunda Língua (Licenciatura),Diurno,EP_R1_NPPI,EP_R1_NPPI,True,R1,NPPI,False,1.5,-35.816,-25.7,2019-2021,2019,2021,2,Letras – Português do Brasil como Segunda Língua (Licenciatura) | Darcy Ribeiro,Letras – Português do Brasil como Segunda Língua (Licenciatura) | Diurno,Letras – Português do Brasil como Segunda Língua (Licenciatura) | EP_R1_NPPI,Letras – Português do Brasil como Segunda Língua (Licenciatura) | Darcy Ribeiro | Diurno,Letras – Português do Brasil como Segunda Língua (Licenciatura) | EP_R1_NPPI | Darcy Ribeiro,Letras – Português do Brasil como Segunda Língua (Licenciatura) | EP_R1_NPPI | Diurno
2019-2021,2021,Darcy Ribeiro,Letras – Português do Brasil como Segunda Língua (Licenciatura),Diurno,EP_R2_PPI,EP_R2_PPI,True,R2,PPI,False,1.5,-60.95,-38.117,2019-2021,2019,2021,2,Letras – Português do Brasil como Segunda Língua (Licenciatura) | Darcy Ribeiro,Letras – Português do Brasil como Segunda Língua (Licenciatura) | Diurno,Letras – Português do Brasil como Segunda Língua (Licenciatura) | EP_R2_PPI,Letras – Português do Brasil como Segunda Língua (Licenciatura) | Darcy Ribeiro | Diurno,Letras – Português do Brasil como Segunda Língua (Licenciatura) | EP_R2_PPI | Darcy Ribeiro,Letras – Português do Brasil como Segunda Língua (Licenciatura) | EP_R2_PPI | Diurno
2019-2021,2021,Darcy Ribeiro,Letras – Português do Brasil como Segunda Língua (Licenciatura),Diurno,EP_R2_NPPI,EP_R2_NPPI,True,R2,NPPI,False,1.5,-47.365,-3.586,2019-2021,2019,2021,2,Letras – Português do Brasil como Segunda Língua (Licenciatura) | Darcy Ribeiro,Letras – Português do Brasil como Segunda Língua (Licenciatura) | Diurno,Letras – Português do Brasil como Segunda Língua (Licenciatura) | EP_R2_NPPI,Letras – Português do Brasil como Segunda Língua (Licenciatura) | Darcy Ribeiro | Diurno,Letras – Português do Brasil como Segunda Língua (Licenciatura) | EP_R2_NPPI | Darcy Ribeiro,Letras – Português do Brasil como Segunda Língua (Licenciatura) | EP_R2_NPPI | Diurno
2019-2021,2021,Darcy Ribeiro,Letras – Português do Brasil como Segunda Língua (Licenciatura),Diurno,AC,AC,False,,,False,,-10.942,45.035,2019-2021,2019,2021,2,Letras – Português do Brasil como Segunda Língua (Licenciatura) | Darcy Ribeiro,Letras – Português do Brasil como Segunda Língua (Licenciatura) | Diurno,Letras – Português do Brasil como Segunda Língua (Licenciatura) | AC,Letras – Português do Brasil como Segunda Língua (Licenciatura) | Darcy Ribeiro | Diurno,Letras – Português do Brasil como Segunda Língua (Licenciatura) | AC | Darcy Ribeiro,Letras – Português do Brasil como Segunda Língua (Licenciatura) | AC | Diurno
2019-2021,2021,Darcy Ribeiro,Letras – Tradução – Espanhol (Bacharelado),Noturno,EP_R2_NPPI,EP_R2_NPPI,True,R2,NPPI,False,1.5,-48.799,-25.873,2019-2021,2019,2021,2,Letras – Tradução – Espanhol (Bacharelado) | Darcy Ribeiro,Letras – Tradução – Espanhol (Bacharelado) | Noturno,Letras – Tradução – Espanhol (Bacharelado) | EP_R2_NPPI,Letras – Tradução – Espanhol (Bacharelado) | Darcy Ribeiro | Noturno,Letras – Tradução – Espanhol (Bacharelado) | EP_R2_NPPI | Darcy Ribeiro,Letras – Tradução – Espanhol (Bacharelado) | EP_R2_NPPI | Noturno
2019-2021,2021,Darcy Ribeiro,Letras – Tradução – Espanhol (Bacharelado),Noturno,AC,AC,False,,,False,,-59.585,-24.422,2019-2021,2019,2021,2,Letras – Tradução – Espanhol (Bacharelado) | Darcy Ribeiro,Letras – Tradução – Espanhol (Bacharelado) | Noturno,Letras – Tradução – Espanhol (Bacharelado) | AC,Letras – Tradução – Espanhol (Bacharelado) | Darcy Ribeiro | Noturno,Letras – Tradução – Espanhol (Bacharelado) | AC | Darcy Ribeiro,Letras – Tradução – Espanhol (Bacharelado) | AC | Noturno
2019-2021,2021,Darcy Ribeiro,Letras – Tradução – Francês (Bacharelado),Diurno,AC,AC,False,,,False,,-28.614,14.02,2019-2021,2019,2021,2,Letras – Tradução – Francês (Bacharelado) | Darcy Ribeiro,Letras – Tradução – Francês (Bacharelado) | Diurno,Letras – Tradução – Francês (Bacharelado) | AC,Letras – Tradução – Francês (Bacharelado) | Darcy Ribeiro | Diurno,Letras – Tradução – Francês (Bacharelado) | AC | Darcy Ribeiro,Letras – Tradução – Francês (Bacharelado) | AC | Diurno
2019-2021,2021,Darcy Ribeiro,Letras – Tradução – Inglês (Bacharelado),Diurno,CN,CN,False,,NEGROS,False,,-51.286,-51.286,2019-2021,2019,2021,2,Letras – Tradução – Inglês (Bacharelado) | Darcy Ribeiro,Letras – Tradução – Inglês (Bacharelado) | Diurno,Letras – Tradução – Inglês (Bacharelado) | CN,Letras – Tradução – Inglês (Bacharelado) | Darcy Ribeiro | Diurno,Letras – Tradução – Inglês (Bacharelado) | CN | Darcy Ribeiro,Letras – Tradução – Inglês (Bacharelado) | CN | Diurno
2019-2021,2021,Darcy Ribeiro,Letras – Tradução – Inglês (Bacharelado),Diurno,EP_R1_PPI,EP_R1_PPI,True,R1,PPI,False,1.5,-63.398,-41.295,2019-2021,2019,2021,2,Letras – Tradução – Inglês (Bacharelado) | Darcy Ribeiro,Letras – Tradução – Inglês (Bacharelado) | Diurno,Letras – Tradução – Inglês (Bacharelado) | EP_R1_PPI,Letras – Tradução – Inglês (Bacharelado) | Darcy Ribeiro | Diurno,Letras – Tradução – Inglês (Bacharelado) | EP_R1_PPI | Darcy Ribeiro,Letras – Tradução – Inglês (Bacharelado) | EP_R1_PPI | Diurno
2019-2021,2021,Darcy Ribeiro,Letras – Tradução – Inglês (Bacharelado),Diurno,EP_R2_PPI,EP_R2_PPI,True,R2,PPI,False,1.5,-34.883,-23.747,2019-2021,2019,2021,2,Letras – Tradução – Inglês (Bacharelado) | Darcy Ribeiro,Letras – Tradução – Inglês (Bacharelado) | Diurno,Letras – Tradução – Inglês (Bacharelado) | EP_R2_PPI,Letras – Tradução – Inglês (Bacharelado) | Darcy Ribeiro | Diurno,Letras – Tradução – Inglês (Bacharelado) | EP_R2_PPI | Darcy Ribeiro,Letras – Tradução – Inglês (Bacharelado) | EP_R2_PPI | Diurno
2019-2021,2021,Darcy Ribeiro,Letras – Tradução – Inglês (Bacharelado),Diurno,EP_R2_NPPI,EP_R2_NPPI,True,R2,NPPI,False,1.5,2.798,45.052,2019-2021,2019,2021,2,Letras – Tradução – Inglês (Bacharelado) | Darcy Ribeiro,Letras – Tradução – Inglês (Bacharelado) | Diurno,Letras – Tradução – Inglês (Bacharelado) | EP_R2_NPPI,Letras – Tradução – Inglês (Bacharelado) | Darcy Ribeiro | Diurno,Letras – Tradução – Inglês (Bacharelado) | EP_R2_NPPI | Darcy Ribeiro,Letras – Tradução – Inglês (Bacharelado) | EP_R2_NPPI | Diurno
2019-2021,2021,Darcy Ribeiro,Letras – Tradução – Inglês (Bacharelado),Diurno,AC,AC,False,,,False,,14.876,72.134,2019-2021,2019,2021,2,Letras – Tradução – Inglês (Bacharelado) | Darcy Ribeiro,Letras – Tradução – Inglês (Bacharelado) | Diurno,Letras – Tradução – Inglês (Bacharelado) | AC,Letras – Tradução – Inglês (Bacharelado) | Darcy Ribeiro | Diurno,Letras – Tradução – Inglês (Bacharelado) | AC | Darcy Ribeiro,Letras – Tradução – Inglês (Bacharelado) | AC | Diurno
2019-2021,2021,Darcy Ribeiro,Línguas Estrangeiras Aplicadas (Bacharelado),Diurno,CN,CN,False,,NEGROS,False,,-34.469,-34.469,2019-2021,2019,2021,2,Línguas Estrangeiras Aplicadas (Bacharelado) | Darcy Ribeiro,Línguas Estrangeiras Aplicadas (Bacharelado) | Diurno,Línguas Estrangeiras Aplicadas (Bacharelado) | CN,Línguas Estrangeiras Aplicadas (Bacharelado) | Darcy Ribeiro | Diurno,Línguas Estrangeiras Aplicadas (Bacharelado) | CN | Darcy Ribeiro,Línguas Estrangeiras Aplicadas (Bacharelado) | CN | Diurno
2019-2021,2021,Darcy Ribeiro,Línguas Estrangeiras Aplicadas (Bacharelado),Diurno,EP_R1_NPPI,EP_R1_NPPI,True,R1,NPPI,False,1.5,47.66,47.66,2019-2021,2019,2021,2,Línguas Estrangeiras Aplicadas (Bacharelado) | Darcy Ribeiro,Línguas Estrangeiras Aplicadas (Bacharelado) | Diurno,Línguas Estrangeiras Aplicadas (Bacharelado) | EP_R1_NPPI,Línguas Estrangeiras Aplicadas (Bacharelado) | Darcy Ribeiro | Diurno,Línguas Estrangeiras Aplicadas (Bacharelado) | EP_R1_NPPI | Darcy Ribeiro,Línguas Estrangeiras Aplicadas (Bacharelado) | EP_R1_NPPI | Diurno
2019-2021,2021,Darcy Ribeiro,Línguas Estrangeiras Aplicadas (Bacharelado),Diurno,EP_R2_PPI,EP_R2_PPI,True,R2,PPI,False,1.5,21.416,21.416,2019-2021,2019,2021,2,Línguas Estrangeiras Aplicadas (Bacharelado) | Darcy Ribeiro,Línguas Estrangeiras Aplicadas (Bacharelado) | Diurno,Línguas Estrangeiras Aplicadas (Bacharelado) | EP_R2_PPI,Línguas Estrangeiras Aplicadas (Bacharelado) | Darcy Ribeiro | Diurno,Línguas Estrangeiras Aplicadas (Bacharelado) | EP_R2_PPI | Darcy Ribeiro,Línguas Estrangeiras Aplicadas (Bacharelado) | EP_R2_PPI | Diurno
2019-2021,2021,Darcy Ribeiro,Línguas Estrangeiras Aplicadas (Bacharelado),Diurno,EP_R2_NPPI,EP_R2_NPPI,True,R2,NPPI,False,1.5,-13.842,-0.945,2019-2021,2019,2021,2,Línguas Estrangeiras Aplicadas (Bacharelado) | Darcy Ribeiro,Línguas Estrangeiras Aplicadas (Bacharelado) | Diurno,Línguas Estrangeiras Aplicadas (Bacharelado) | EP_R2_NPPI,Línguas Estrangeiras Aplicadas (Bacharelado) | Darcy Ribeiro | Diurno,Línguas Estrangeiras Aplicadas (Bacharelado) | EP_R2_NPPI | Darcy Ribeiro,Línguas Estrangeiras Aplicadas (Bacharelado) | EP_R2_NPPI | Diurno
2019-2021,2021,Darcy Ribeiro,Línguas Estrangeiras Aplicadas (Bacharelado),Diurno,AC,AC,False,,,False,,-55.946,50.274,2019-2021,2019,2021,2,Línguas Estrangeiras Aplicadas (Bacharelado) | Darcy Ribeiro,Línguas Estrangeiras Aplicadas (Bacharelado) | Diurno,Línguas Estrangeiras Aplicadas (Bacharelado) | AC,Línguas Estrangeiras Aplicadas (Bacharelado) | Darcy Ribeiro | Diurno,Línguas Estrangeiras Aplicadas (Bacharelado) | AC | Darcy Ribeiro,Línguas Estrangeiras Aplicadas (Bacharelado) | AC | Diurno
2019-2021,2021,Darcy Ribeiro,Matemática (Bacharelado/Licenciatura),Diurno,EP_R1_PPI,EP_R1_PPI,True,R1,PPI,False,1.5,1.929,1.929,2019-2021,2019,2021,2,Matemática (Bacharelado/Licenciatura) | Darcy Ribeiro,Matemática (Bacharelado/Licenciatura) | Diurno,Matemática (Bacharelado/Licenciatura) | EP_R1_PPI,Matemática (Bacharelado/Licenciatura) | Darcy Ribeiro | Diurno,Matemática (Bacharelado/Licenciatura) | EP_R1_PPI | Darcy Ribeiro,Matemática (Bacharelado/Licenciatura) | EP_R1_PPI | Diurno
2019-2021,2021,Darcy Ribeiro,Matemática (Bacharelado/Licenciatura),Diurno,EP_R1_NPPI,EP_R1_NPPI,True,R1,NPPI,False,1.5,-51.323,-0.098,2019-2021,2019,2021,2,Matemática (Bacharelado/Licenciatura) | Darcy Ribeiro,Matemática (Bacharelado/Licenciatura) | Diurno,Matemática (Bacharelado/Licenciatura) | EP_R1_NPPI,Matemática (Bacharelado/Licenciatura) | Darcy Ribeiro | Diurno,Matemática (Bacharelado/Licenciatura) | EP_R1_NPPI | Darcy Ribeiro,Matemática (Bacharelado/Licenciatura) | EP_R1_NPPI | Diurno
2019-2021,2021,Darcy Ribeiro,Matemática (Bacharelado/Licenciatura),Diurno,EP_R2_PPI,EP_R2_PPI,True,R2,PPI,False,1.5,-60.003,32.678,2019-2021,2019,2021,2,Matemática (Bacharelado/Licenciatura) | Darcy Ribeiro,Matemática (Bacharelado/Licenciatura) | Diurno,Matemática (Bacharelado/Licenciatura) | EP_R2_PPI,Matemática (Bacharelado/Licenciatura) | Darcy Ribeiro | Diurno,Matemática (Bacharelado/Licenciatura) | EP_R2_PPI | Darcy Ribeiro,Matemática (Bacharelado/Licenciatura) | EP_R2_PPI | Diurno
2019-2021,2021,Darcy Ribeiro,Matemática (Bacharelado/Licenciatura),Diurno,EP_R2_NPPI,EP_R2_NPPI,True,R2,NPPI,False,1.5,40.087,40.087,2019-2021,2019,2021,2,Matemática (Bacharelado/Licenciatura) | Darcy Ribeiro,Matemática (Bacharelado/Licenciatura) | Diurno,Matemática (Bacharelado/Licenciatura) | EP_R2_NPPI,Matemática (Bacharelado/Licenciatura) | Darcy Ribeiro | Diurno,Matemática (Bacharelado/Licenciatura) | EP_R2_NPPI | Darcy Ribeiro,Matemática (Bacharelado/Licenciatura) | EP_R2_NPPI | Diurno
2019-2021,2021,Darcy Ribeiro,Matemática (Bacharelado/Licenciatura),Diurno,AC,AC,False,,,False,,22.51,91.155,2019-2021,2019,2021,2,Matemática (Bacharelado/Licenciatura) | Darcy Ribeiro,Matemática (Bacharelado/Licenciatura) | Diurno,Matemática (Bacharelado/Licenciatura) | AC,Matemática (Bacharelado/Licenciatura) | Darcy Ribeiro | Diurno,Matemática (Bacharelado/Licenciatura) | AC | Darcy Ribeiro,Matemática (Bacharelado/Licenciatura) | AC | Diurno
2019-2021,2021,Darcy Ribeiro,Matemática (Licenciatura),Noturno,CN,CN,False,,NEGROS,False,,2.629,2.629,2019-2021,2019,2021,2,Matemática (Licenciatura) | Darcy Ribeiro,Matemática (Licenciatura) | Noturno,Matemática (Licenciatura) | CN,Matemática (Licenciatura) | Darcy Ribeiro | Noturno,Matemática (Licenciatura) | CN | Darcy Ribeiro,Matemática (Licenciatura) | CN | Noturno
2019-2021,2021,Darcy Ribeiro,Matemática (Licenciatura),Noturno,EP_R1_PPI,EP_R1_PPI,True,R1,PPI,False,1.5,-38.182,-20.674,2019-2021,2019,2021,2,Matemática (Licenciatura) | Darcy Ribeiro,Matemática (Licenciatura) | Noturno,Matemática (Licenciatura) | EP_R1_PPI,Matemática (Licenciatura) | Darcy Ribeiro | Noturno,Matemática (Licenciatura) | EP_R1_PPI | Darcy Ribeiro,Matemática (Licenciatura) | EP_R1_PPI | Noturno
2019-2021,2021,Darcy Ribeiro,Matemática (Licenciatura),Noturno,EP_R2_PPI,EP_R2_PPI,True,R2,PPI,False,1.5,-11.475,23.132,2019-2021,2019,2021,2,Matemática (Licenciatura) | Darcy Ribeiro,Matemática (Licenciatura) | Noturno,Matemática (Licenciatura) | EP_R2_PPI,Matemática (Licenciatura) | Darcy Ribeiro | Noturno,Matemática (Licenciatura) | EP_R2_PPI | Darcy Ribeiro,Matemática (Licenciatura) | EP_R2_PPI | Noturno
2019-2021,2021,Darcy Ribeiro,Matemática (Licenciatura),Noturno,EP_R2_NPPI,EP_R2_NPPI,True,R2,NPPI,False,1.5,-54.593,1.689,2019-2021,2019,2021,2,Matemática (Licenciatura) | Darcy Ribeiro,Matemática (Licenciatura) | Noturno,Matemática (Licenciatura) | EP_R2_NPPI,Matemática (Licenciatura) | Darcy Ribeiro | Noturno,Matemática (Licenciatura) | EP_R2_NPPI | Darcy Ribeiro,Matemática (Licenciatura) | EP_R2_NPPI | Noturno
2019-2021,2021,Darcy Ribeiro,Matemática (Licenciatura),Noturno,AC,AC,False,,,False,,-49.204,9.671,2019-2021,2019,2021,2,Matemática (Licenciatura) | Darcy Ribeiro,Matemática (Licenciatura) | Noturno,Matemática (Licenciatura) | AC,Matemática (Licenciatura) | Darcy Ribeiro | Noturno,Matemática (Licenciatura) | AC | Darcy Ribeiro,Matemática (Licenciatura) | AC | Noturno
2019-2021,2021,Darcy Ribeiro,Medicina (Bacharelado),Diurno,EP_R1_PPI,EP_R1_PPI,True,R1,PPI,False,1.5,70.434,77.743,2019-2021,2019,2021,2,Medicina (Bacharelado) | Darcy Ribeiro,Medicina (Bacharelado) | Diurno,Medicina (Bacharelado) | EP_R1_PPI,Medicina (Bacharelado) | Darcy Ribeiro | Diurno,Medicina (Bacharelado) | EP_R1_PPI | Darcy Ribeiro,Medicina (Bacharelado) | EP_R1_PPI | Diurno
2019-2021,2021,Darcy Ribeiro,Medicina (Bacharelado),Diurno,EP_R1_PPI_PCD,EP_R1_PPI_PCD,True,R1,PPI,True,1.5,-6.687,-6.687,2019-2021,2019,2021,2,Medicina (Bacharelado) | Darcy Ribeiro,Medicina (Bacharelado) | Diurno,Medicina (Bacharelado) | EP_R1_PPI_PCD,Medicina (Bacharelado) | Darcy Ribeiro | Diurno,Medicina (Bacharelado) | EP_R1_PPI_PCD | Darcy Ribeiro,Medicina (Bacharelado) | EP_R1_PPI_PCD | Diurno
2019-2021,2021,Darcy Ribeiro,Medicina Veterinária (Bacharelado),Diurno,CN,CN,False,,NEGROS,False,,68.27,68.27,2019-2021,2019,2021,2,Medicina Veterinária (Bacharelado) | Darcy Ribeiro,Medicina Veterinária (Bacharelado) | Diurno,Medicina Veterinária (Bacharelado) | CN,Medicina Veterinária (Bacharelado) | Darcy Ribeiro | Diurno,Medicina Veterinária (Bacharelado) | CN | Darcy Ribeiro,Medicina Veterinária (Bacharelado) | CN | Diurno
2019-2021,2021,Darcy Ribeiro,Medicina Veterinária (Bacharelado),Diurno,EP_R1_PPI,EP_R1_PPI,True,R1,PPI,False,1.5,9.779,22.881,2019-2021,2019,2021,2,Medicina Veterinária (Bacharelado) | Darcy Ribeiro,Medicina Veterinária (Bacharelado) | Diurno,Medicina Veterinária (Bacharelado) | EP_R1_PPI,Medicina Veterinária (Bacharelado) | Darcy Ribeiro | Diurno,Medicina Veterinária (Bacharelado) | EP_R1_PPI | Darcy Ribeiro,Medicina Veterinária (Bacharelado) | EP_R1_PPI | Diurno
2019-2021,2021,Darcy Ribeiro,Medicina Veterinária (Bacharelado),Diurno,EP_R1_NPPI,EP_R1_NPPI,True,R1,NPPI,False,1.5,7.066,34.654,2019-2021,2019,2021,2,Medicina Veterinária (Bacharelado) | Darcy Ribeiro,Medicina Veterinária (Bacharelado) | Diurno,Medicina Veterinária (Bacharelado) | EP_R1_NPPI,Medicina Veterinária (Bacharelado) | Darcy Ribeiro | Diurno,Medicina Veterinária (Bacharelado) | EP_R1_NPPI | Darcy Ribeiro,Medicina Veterinária (Bacharelado) | EP_R1_NPPI | Diurno
2019-2021,2021,Darcy Ribeiro,Medicina Veterinária (Bacharelado),Diurno,EP_R2_PPI,EP_R2_PPI,True,R2,PPI,False,1.5,60.745,65.444,2019-2021,2019,2021,2,Medicina Veterinária (Bacharelado) | Darcy Ribeiro,Medicina Veterinária (Bacharelado) | Diurno,Medicina Veterinária (Bacharelado) | EP_R2_PPI,Medicina Veterinária (Bacharelado) | Darcy Ribeiro | Diurno,Medicina Veterinária (Bacharelado) | EP_R2_PPI | Darcy Ribeiro,Medicina Veterinária (Bacharelado) | EP_R2_PPI | Diurno
2019-2021,2021,Darcy Ribeiro,Medicina Veterinária (Bacharelado),Diurno,EP_R2_NPPI,EP_R2_NPPI,True,R2,NPPI,False,1.5,50.944,54.202,2019-2021,2019,2021,2,Medicina Veterinária (Bacharelado) | Darcy Ribeiro,Medicina Veterinária (Bacharelado) | Diurno,Medicina Veterinária (Bacharelado) | EP_R2_NPPI,Medicina Veterinária (Bacharelado) | Darcy Ribeiro | Diurno,Medicina Veterinária (Bacharelado) | EP_R2_NPPI | Darcy Ribeiro,Medicina Veterinária (Bacharelado) | EP_R2_NPPI | Diurno
2019-2021,2021,Darcy Ribeiro,Medicina Veterinária (Bacharelado),Diurno,AC,AC,False,,,False,,82.802,,2019-2021,2019,2021,2,Medicina Veterinária (Bacharelado) | Darcy Ribeiro,Medicina Veterinária (Bacharelado) | Diurno,Medicina Veterinária (Bacharelado) | AC,Medicina Veterinária (Bacharelado) | Darcy Ribeiro | Diurno,Medicina Veterinária (Bacharelado) | AC | Darcy Ribeiro,Medicina Veterinária (Bacharelado) | AC | Diurno
2019-2021,2021,Darcy Ribeiro,Museologia (Bacharelado),Diurno,CN,CN,False,,NEGROS,False,,-59.2,-59.2,2019-2021,2019,2021,2,Museologia (Bacharelado) | Darcy Ribeiro,Museologia (Bacharelado) | Diurno,Museologia (Bacharelado) | CN,Museologia (Bacharelado) | Darcy Ribeiro | Diurno,Museologia (Bacharelado) | CN | Darcy Ribeiro,Museologia (Bacharelado) | CN | Diurno
2019-2021,2021,Darcy Ribeiro,Museologia (Bacharelado),Diurno,EP_R2_PPI,EP_R2_PPI,True,R2,PPI,False,1.5,-51.807,-48.412,2019-2021,2019,2021,2,Museologia (Bacharelado) | Darcy Ribeiro,Museologia (Bacharelado) | Diurno,Museologia (Bacharelado) | EP_R2_PPI,Museologia (Bacharelado) | Darcy Ribeiro | Diurno,Museologia (Bacharelado) | EP_R2_PPI | Darcy Ribeiro,Museologia (Bacharelado) | EP_R2_PPI | Diurno
2019-2021,2021,Darcy Ribeiro,Museologia (Bacharelado),Diurno,EP_R2_NPPI,EP_R2_NPPI,True,R2,NPPI,False,1.5,-83.171,-5.934,2019-2021,2019,2021,2,Museologia (Bacharelado) | Darcy Ribeiro,Museologia (Bacharelado) | Diurno,Museologia (Bacharelado) | EP_R2_NPPI,Museologia (Bacharelado) | Darcy Ribeiro | Diurno,Museologia (Bacharelado) | EP_R2_NPPI | Darcy Ribeiro,Museologia (Bacharelado) | EP_R2_NPPI | Diurno
2019-2021,2021,Darcy Ribeiro,Museologia (Bacharelado),Diurno,AC,AC,False,,,False,,-69.548,21.708,2019-2021,2019,2021,2,Museologia (Bacharelado) | Darcy Ribeiro,Museologia (Bacharelado) | Diurno,Museologia (Bacharelado) | AC,Museologia (Bacharelado) | Darcy Ribeiro | Diurno,Museologia (Bacharelado) | AC | Darcy Ribeiro,Museologia (Bacharelado) | AC | Diurno
2019-2021,2021,Darcy Ribeiro,Música (Licenciatura),Noturno,EP_R2_NPPI,EP_R2_NPPI,True,R2,NPPI,False,1.5,17.12,17.12,2019-2021,2019,2021,2,Música (Licenciatura) | Darcy Ribeiro,Música (Licenciatura) | Noturno,Música (Licenciatura) | EP_R2_NPPI,Música (Licenciatura) | Darcy Ribeiro | Noturno,Música (Licenciatura) | EP_R2_NPPI | Darcy Ribeiro,Música (Licenciatura) | EP_R2_NPPI | Noturno
2019-2021,2021,Darcy Ribeiro,Música (Licenciatura),Diurno,EP_R1_NPPI,EP_R1_NPPI,True,R1,NPPI,False,1.5,13.326,13.326,2019-2021,2019,2021,2,Música (Licenciatura) | Darcy Ribeiro,Música (Licenciatura) | Diurno,Música (Licenciatura) | EP_R1_NPPI,Música (Licenciatura) | Darcy Ribeiro | Diurno,Música (Licenciatura) | EP_R1_NPPI | Darcy Ribeiro,Música (Licenciatura) | EP_R1_NPPI | Diurno
2019-2021,2021,Darcy Ribeiro,Música (Licenciatura),Diurno,AC,AC,False,,,False,,-52.883,59.144,2019-2021,2019,2021,2,Música (Licenciatura) | Darcy Ribeiro,Música (Licenciatura) | Diurno,Música (Licenciatura) | AC,Música (Licenciatura) | Darcy Ribeiro | Diurno,Música (Licenciatura) | AC | Darcy Ribeiro,Música (Licenciatura) | AC | Diurno
2019-2021,2021,Darcy Ribeiro,Nutrição (Bacharelado),Diurno,CN,CN,False,,NEGROS,False,,27.706,27.706,2019-2021,2019,2021,2,Nutrição (Bacharelado) | Darcy Ribeiro,Nutrição (Bacharelado) | Diurno,Nutrição (Bacharelado) | CN,Nutrição (Bacharelado) | Darcy Ribeiro | Diurno,Nutrição (Bacharelado) | CN | Darcy Ribeiro,Nutrição (Bacharelado) | CN | Diurno
2019-2021,2021,Darcy Ribeiro,Nutrição (Bacharelado),Diurno,EP_R1_PPI,EP_R1_PPI,True,R1,PPI,False,1.5,-47.36,22.813,2019-2021,2019,2021,2,Nutrição (Bacharelado) | Darcy Ribeiro,Nutrição (Bacharelado) | Diurno,Nutrição (Bacharelado) | EP_R1_PPI,Nutrição (Bacharelado) | Darcy Ribeiro | Diurno,Nutrição (Bacharelado) | EP_R1_PPI | Darcy Ribeiro,Nutrição (Bacharelado) | EP_R1_PPI | Diurno
2019-2021,2021,Darcy Ribeiro,Nutrição (Bacharelado),Diurno,EP_R1_NPPI,EP_R1_NPPI,True,R1,NPPI,False,1.5,18.954,18.954,2019-2021,2019,2021,2,Nutrição (Bacharelado) | Darcy Ribeiro,Nutrição (Bacharelado) | Diurno,Nutrição (Bacharelado) | EP_R1_NPPI,Nutrição (Bacharelado) | Darcy Ribeiro | Diurno,Nutrição (Bacharelado) | EP_R1_NPPI | Darcy Ribeiro,Nutrição (Bacharelado) | EP_R1_NPPI | Diurno
2019-2021,2021,Darcy Ribeiro,Nutrição (Bacharelado),Diurno,EP_R2_PPI,EP_R2_PPI,True,R2,PPI,False,1.5,-13.868,14.264,2019-2021,2019,2021,2,Nutrição (Bacharelado) | Darcy Ribeiro,Nutrição (Bacharelado) | Diurno,Nutrição (Bacharelado) | EP_R2_PPI,Nutrição (Bacharelado) | Darcy Ribeiro | Diurno,Nutrição (Bacharelado) | EP_R2_PPI | Darcy Ribeiro,Nutrição (Bacharelado) | EP_R2_PPI | Diurno
2019-2021,2021,Darcy Ribeiro,Nutrição (Bacharelado),Diurno,EP_R2_NPPI,EP_R2_NPPI,True,R2,NPPI,False,1.5,48.358,48.358,2019-2021,2019,2021,2,Nutrição (Bacharelado) | Darcy Ribeiro,Nutrição (Bacharelado) | Diurno,Nutrição (Bacharelado) | EP_R2_NPPI,Nutrição (Bacharelado) | Darcy Ribeiro | Diurno,Nutrição (Bacharelado) | EP_R2_NPPI | Darcy Ribeiro,Nutrição (Bacharelado) | EP_R2_NPPI | Diurno
2019-2021,2021,Darcy Ribeiro,Nutrição (Bacharelado),Diurno,AC,AC,False,,,False,,64.371,93.954,2019-2021,2019,2021,2,Nutrição (Bacharelado) | Darcy Ribeiro,Nutrição (Bacharelado) | Diurno,Nutrição (Bacharelado) | AC,Nutrição (Bacharelado) | Darcy Ribeiro | Diurno,Nutrição (Bacharelado) | AC | Darcy Ribeiro,Nutrição (Bacharelado) | AC | Diurno
2019-2021,2021,Darcy Ribeiro,Odontologia (Bacharelado),Diurno,CN,CN,False,,NEGROS,False,,71.784,71.784,2019-2021,2019,2021,2,Odontologia (Bacharelado) | Darcy Ribeiro,Odontologia (Bacharelado) | Diurno,Odontologia (Bacharelado) | CN,Odontologia (Bacharelado) | Darcy Ribeiro | Diurno,Odontologia (Bacharelado) | CN | Darcy Ribeiro,Odontologia (Bacharelado) | CN | Diurno
2019-2021,2021,Darcy Ribeiro,Odontologia (Bacharelado),Diurno,EP_R1_PPI,EP_R1_PPI,True,R1,PPI,False,1.5,16.771,54.234,2019-2021,2019,2021,2,Odontologia (Bacharelado) | Darcy Ribeiro,Odontologia (Bacharelado) | Diurno,Odontologia (Bacharelado) | EP_R1_PPI,Odontologia (Bacharelado) | Darcy Ribeiro | Diurno,Odontologia (Bacharelado) | EP_R1_PPI | Darcy Ribeiro,Odontologia (Bacharelado) | EP_R1_PPI | Diurno
2019-2021,2021,Darcy Ribeiro,Odontologia (Bacharelado),Diurno,EP_R1_NPPI,EP_R1_NPPI,True,R1,NPPI,False,1.5,19.788,19.788,2019-2021,2019,2021,2,Odontologia (Bacharelado) | Darcy Ribeiro,Odontologia (Bacharelado) | Diurno,Odontologia (Bacharelado) | EP_R1_NPPI,Odontologia (Bacharelado) | Darcy Ribeiro | Diurno,Odontologia (Bacharelado) | EP_R1_NPPI | Darcy Ribeiro,Odontologia (Bacharelado) | EP_R1_NPPI | Diurno
2019-2021,2021,Darcy Ribeiro,Odontologia (Bacharelado),Diurno,EP_R2_PPI,EP_R2_PPI,True,R2,PPI,False,1.5,41.185,97.122,2019-2021,2019,2021,2,Odontologia (Bacharelado) | Darcy Ribeiro,Odontologia (Bacharelado) | Diurno,Odontologia (Bacharelado) | EP_R2_PPI,Odontologia (Bacharelado) | Darcy Ribeiro | Diurno,Odontologia (Bacharelado) | EP_R2_PPI | Darcy Ribeiro,Odontologia (Bacharelado) | EP_R2_PPI | Diurno
2019-2021,2021,Darcy Ribeiro,Odontologia (Bacharelado),Diurno,EP_R2_NPPI,EP_R2_NPPI,True,R2,NPPI,False,1.5,66.216,66.216,2019-2021,2019,2021,2,Odontologia (Bacharelado) | Darcy Ribeiro,Odontologia (Bacharelado) | Diurno,Odontologia (Bacharelado) | EP_R2_NPPI,Odontologia (Bacharelado) | Darcy Ribeiro | Diurno,Odontologia (Bacharelado) | EP_R2_NPPI | Darcy Ribeiro,Odontologia (Bacharelado) | EP_R2_NPPI | Diurno
2019-2021,2021,Darcy Ribeiro,Odontologia (Bacharelado),Diurno,AC,AC,False,,,False,,81.777,,2019-2021,2019,2021,2,Odontologia (Bacharelado) | Darcy Ribeiro,Odontologia (Bacharelado) | Diurno,Odontologia (Bacharelado) | AC,Odontologia (Bacharelado) | Darcy Ribeiro | Diurno,Odontologia (Bacharelado) | AC | Darcy Ribeiro,Odontologia (Bacharelado) | AC | Diurno
2019-2021,2021,Darcy Ribeiro,Pedagogia (Licenciatura),Diurno,CN,CN,False,,NEGROS,False,,-15.759,-9.929,2019-2021,2019,2021,2,Pedagogia (Licenciatura) | Darcy Ribeiro,Pedagogia (Licenciatura) | Diurno,Pedagogia (Licenciatura) | CN,Pedagogia (Licenciatura) | Darcy Ribeiro | Diurno,Pedagogia (Licenciatura) | CN | Darcy Ribeiro,Pedagogia (Licenciatura) | CN | Diurno
2019-2021,2021,Darcy Ribeiro,Pedagogia (Licenciatura),Diurno,EP_R1_PPI,EP_R1_PPI,True,R1,PPI,False,1.5,-36.471,26.623,2019-2021,2019,2021,2,Pedagogia (Licenciatura) | Darcy Ribeiro,Pedagogia (Licenciatura) | Diurno,Pedagogia (Licenciatura) | EP_R1_PPI,Pedagogia (Licenciatura) | Darcy Ribeiro | Diurno,Pedagogia (Licenciatura) | EP_R1_PPI | Darcy Ribeiro,Pedagogia (Licenciatura) | EP_R1_PPI | Diurno
2019-2021,2021,Darcy Ribeiro,Pedagogia (Licenciatura),Diurno,EP_R1_NPPI,EP_R1_NPPI,True,R1,NPPI,False,1.5,-34.756,25.725,2019-2021,2019,2021,2,Pedagogia (Licenciatura) | Darcy Ribeiro,Pedagogia (Licenciatura) | Diurno,Pedagogia (Licenciatura) | EP_R1_NPPI,Pedagogia (Licenciatura) | Darcy Ribeiro | Diurno,Pedagogia (Licenciatura) | EP_R1_NPPI | Darcy Ribeiro,Pedagogia (Licenciatura) | EP_R1_NPPI | Diurno
2019-2021,2021,Darcy Ribeiro,Pedagogia (Licenciatura),Diurno,EP_R2_PPI,EP_R2_PPI,True,R2,PPI,False,1.5,-28.413,6.627,2019-2021,2019,2021,2,Pedagogia (Licenciatura) | Darcy Ribeiro,Pedagogia (Licenciatura) | Diurno,Pedagogia (Licenciatura) | EP_R2_PPI,Pedagogia (Licenciatura) | Darcy Ribeiro | Diurno,Pedagogia (Licenciatura) | EP_R2_PPI | Darcy Ribeiro,Pedagogia (Licenciatura) | EP_R2_PPI | Diurno
2019-2021,2021,Darcy Ribeiro,Pedagogia (Licenciatura),Diurno,EP_R2_NPPI,EP_R2_NPPI,True,R2,NPPI,False,1.5,-15.683,22.02,2019-2021,2019,2021,2,Pedagogia (Licenciatura) | Darcy Ribeiro,Pedagogia (Licenciatura) | Diurno,Pedagogia (Licenciatura) | EP_R2_NPPI,Pedagogia (Licenciatura) | Darcy Ribeiro | Diurno,Pedagogia (Licenciatura) | EP_R2_NPPI | Darcy Ribeiro,Pedagogia (Licenciatura) | EP_R2_NPPI | Diurno
2019-2021,2021,Darcy Ribeiro,Pedagogia (Licenciatura),Diurno,AC,AC,False,,,False,,-20.971,44.375,2019-2021,2019,2021,2,Pedagogia (Licenciatura) | Darcy Ribeiro,Pedagogia (Licenciatura) | Diurno,Pedagogia (Licenciatura) | AC,Pedagogia (Licenciatura) | Darcy Ribeiro | Diurno,Pedagogia (Licenciatura) | AC | Darcy Ribeiro,Pedagogia (Licenciatura) | AC | Diurno
2019-2021,2021,Darcy Ribeiro,Pedagogia (Licenciatura),Noturno,CN,CN,False,,NEGROS,False,,17.691,17.691,2019-2021,2019,2021,2,Pedagogia (Licenciatura) | Darcy Ribeiro,Pedagogia (Licenciatura) | Noturno,Pedagogia (Licenciatura) | CN,Pedagogia (Licenciatura) | Darcy Ribeiro | Noturno,Pedagogia (Licenciatura) | CN | Darcy Ribeiro,Pedagogia (Licenciatura) | CN | Noturno
2019-2021,2021,Darcy Ribeiro,Pedagogia (Licenciatura),Noturno,EP_R1_PPI,EP_R1_PPI,True,R1,PPI,False,1.5,-53.278,-41.609,2019-2021,2019,2021,2,Pedagogia (Licenciatura) | Darcy Ribeiro,Pedagogia (Licenciatura) | Noturno,Pedagogia (Licenciatura) | EP_R1_PPI,Pedagogia (Licenciatura) | Darcy Ribeiro | Noturno,Pedagogia (Licenciatura) | EP_R1_PPI | Darcy Ribeiro,Pedagogia (Licenciatura) | EP_R1_PPI | Noturno
2019-2021,2021,Darcy Ribeiro,Pedagogia (Licenciatura),Noturno,EP_R1_NPPI,EP_R1_NPPI,True,R1,NPPI,False,1.5,-33.843,-8.815,2019-2021,2019,2021,2,Pedagogia (Licenciatura) | Darcy Ribeiro,Pedagogia (Licenciatura) | Noturno,Pedagogia (Licenciatura) | EP_R1_NPPI,Pedagogia (Licenciatura) | Darcy Ribeiro | Noturno,Pedagogia (Licenciatura) | EP_R1_NPPI | Darcy Ribeiro,Pedagogia (Licenciatura) | EP_R1_NPPI | Noturno
2019-2021,2021,Darcy Ribeiro,Pedagogia (Licenciatura),Noturno,EP_R2_PPI,EP_R2_PPI,True,R2,PPI,False,1.5,-28.92,-28.92,2019-2021,2019,2021,2,Pedagogia (Licenciatura) | Darcy Ribeiro,Pedagogia (Licenciatura) | Noturno,Pedagogia (Licenciatura) | EP_R2_PPI,Pedagogia (Licenciatura) | Darcy Ribeiro | Noturno,Pedagogia (Licenciatura) | EP_R2_PPI | Darcy Ribeiro,Pedagogia (Licenciatura) | EP_R2_PPI | Noturno
2019-2021,2021,Darcy Ribeiro,Pedagogia (Licenciatura),Noturno,EP_R2_NPPI,EP_R2_NPPI,True,R2,NPPI,False,1.5,-62.622,-17.576,2019-2021,2019,2021,2,Pedagogia (Licenciatura) | Darcy Ribeiro,Pedagogia (Licenciatura) | Noturno,Pedagogia (Licenciatura) | EP_R2_NPPI,Pedagogia (Licenciatura) | Darcy Ribeiro | Noturno,Pedagogia (Licenciatura) | EP_R2_NPPI | Darcy Ribeiro,Pedagogia (Licenciatura) | EP_R2_NPPI | Noturno
2019-2021,2021,Darcy Ribeiro,Pedagogia (Licenciatura),Noturno,AC,AC,False,,,False,,-58.685,-3.162,2019-2021,2019,2021,2,Pedagogia (Licenciatura) | Darcy Ribeiro,Pedagogia (Licenciatura) | Noturno,Pedagogia (Licenciatura) | AC,Pedagogia (Licenciatura) | Darcy Ribeiro | Noturno,Pedagogia (Licenciatura) | AC | Darcy Ribeiro,Pedagogia (Licenciatura) | AC | Noturno
2019-2021,2021,Darcy Ribeiro,Psicologia (Bacharelado / Licenciatura / Psicólogo),Diurno,CN,CN,False,,NEGROS,False,,60.228,60.228,2019-2021,2019,2021,2,Psicologia (Bacharelado / Licenciatura / Psicólogo) | Darcy Ribeiro,Psicologia (Bacharelado / Licenciatura / Psicólogo) | Diurno,Psicologia (Bacharelado / Licenciatura / Psicólogo) | CN,Psicologia (Bacharelado / Licenciatura / Psicólogo) | Darcy Ribeiro | Diurno,Psicologia (Bacharelado / Licenciatura / Psicólogo) | CN | Darcy Ribeiro,Psicologia (Bacharelado / Licenciatura / Psicólogo) | CN | Diurno
2019-2021,2021,Darcy Ribeiro,Psicologia (Bacharelado / Licenciatura / Psicólogo),Diurno,EP_R1_PPI,EP_R1_PPI,True,R1,PPI,False,1.5,23.235,34.134,2019-2021,2019,2021,2,Psicologia (Bacharelado / Licenciatura / Psicólogo) | Darcy Ribeiro,Psicologia (Bacharelado / Licenciatura / Psicólogo) | Diurno,Psicologia (Bacharelado / Licenciatura / Psicólogo) | EP_R1_PPI,Psicologia (Bacharelado / Licenciatura / Psicólogo) | Darcy Ribeiro | Diurno,Psicologia (Bacharelado / Licenciatura / Psicólogo) | EP_R1_PPI | Darcy Ribeiro,Psicologia (Bacharelado / Licenciatura / Psicólogo) | EP_R1_PPI | Diurno
2019-2021,2021,Darcy Ribeiro,Psicologia (Bacharelado / Licenciatura / Psicólogo),Diurno,EP_R1_NPPI,EP_R1_NPPI,True,R1,NPPI,False,1.5,47.859,69.85,2019-2021,2019,2021,2,Psicologia (Bacharelado / Licenciatura / Psicólogo) | Darcy Ribeiro,Psicologia (Bacharelado / Licenciatura / Psicólogo) | Diurno,Psicologia (Bacharelado / Licenciatura / Psicólogo) | EP_R1_NPPI,Psicologia (Bacharelado / Licenciatura / Psicólogo) | Darcy Ribeiro | Diurno,Psicologia (Bacharelado / Licenciatura / Psicólogo) | EP_R1_NPPI | Darcy Ribeiro,Psicologia (Bacharelado / Licenciatura / Psicólogo) | EP_R1_NPPI | Diurno
2019-2021,2021,Darcy Ribeiro,Psicologia (Bacharelado / Licenciatura / Psicólogo),Diurno,EP_R2_PPI,EP_R2_PPI,True,R2,PPI,False,1.5,43.34,66.078,2019-2021,2019,2021,2,Psicologia (Bacharelado / Licenciatura / Psicólogo) | Darcy Ribeiro,Psicologia (Bacharelado / Licenciatura / Psicólogo) | Diurno,Psicologia (Bacharelado / Licenciatura / Psicólogo) | EP_R2_PPI,Psicologia (Bacharelado / Licenciatura / Psicólogo) | Darcy Ribeiro | Diurno,Psicologia (Bacharelado / Licenciatura / Psicólogo) | EP_R2_PPI | Darcy Ribeiro,Psicologia (Bacharelado / Licenciatura / Psicólogo) | EP_R2_PPI | Diurno
2019-2021,2021,Darcy Ribeiro,Química (Bacharelado),Diurno,CN,CN,False,,NEGROS,False,,-22.823,-22.823,2019-2021,2019,2021,2,Química (Bacharelado) | Darcy Ribeiro,Química (Bacharelado) | Diurno,Química (Bacharelado) | CN,Química (Bacharelado) | Darcy Ribeiro | Diurno,Química (Bacharelado) | CN | Darcy Ribeiro,Química (Bacharelado) | CN | Diurno
2019-2021,2021,Darcy Ribeiro,Química (Bacharelado),Diurno,EP_R1_NPPI,EP_R1_NPPI,True,R1,NPPI,False,1.5,-31.14,10.829,2019-2021,2019,2021,2,Química (Bacharelado) | Darcy Ribeiro,Química (Bacharelado) | Diurno,Química (Bacharelado) | EP_R1_NPPI,Química (Bacharelado) | Darcy Ribeiro | Diurno,Química (Bacharelado) | EP_R1_NPPI | Darcy Ribeiro,Química (Bacharelado) | EP_R1_NPPI | Diurno
2019-2021,2021,Darcy Ribeiro,Química (Bacharelado),Diurno,EP_R2_PPI,EP_R2_PPI,True,R2,PPI,False,1.5,-22.661,21.491,2019-2021,2019,2021,2,Química (Bacharelado) | Darcy Ribeiro,Química (Bacharelado) | Diurno,Química (Bacharelado) | EP_R2_PPI,Química (Bacharelado) | Darcy Ribeiro | Diurno,Química (Bacharelado) | EP_R2_PPI | Darcy Ribeiro,Química (Bacharelado) | EP_R2_PPI | Diurno
2019-2021,2021,Darcy Ribeiro,Química (Bacharelado),Diurno,EP_R2_NPPI,EP_R2_NPPI,True,R2,NPPI,False,1.5,-37.593,57.929,2019-2021,2019,2021,2,Química (Bacharelado) | Darcy Ribeiro,Química (Bacharelado) | Diurno,Química (Bacharelado) | EP_R2_NPPI,Química (Bacharelado) | Darcy Ribeiro | Diurno,Química (Bacharelado) | EP_R2_NPPI | Darcy Ribeiro,Química (Bacharelado) | EP_R2_NPPI | Diurno
2019-2021,2021,Darcy Ribeiro,Química (Bacharelado),Diurno,AC,AC,False,,,False,,16.702,89.253,2019-2021,2019,2021,2,Química (Bacharelado) | Darcy Ribeiro,Química (Bacharelado) | Diurno,Química (Bacharelado) | AC,Química (Bacharelado) | Darcy Ribeiro | Diurno,Química (Bacharelado) | AC | Darcy Ribeiro,Química (Bacharelado) | AC | Diurno
2019-2021,2021,Darcy Ribeiro,Química (Licenciatura),Noturno,CN,CN,False,,NEGROS,False,,-44.645,-44.645,2019-2021,2019,2021,2,Química (Licenciatura) | Darcy Ribeiro,Química (Licenciatura) | Noturno,Química (Licenciatura) | CN,Química (Licenciatura) | Darcy Ribeiro | Noturno,Química (Licenciatura) | CN | Darcy Ribeiro,Química (Licenciatura) | CN | Noturno
2019-2021,2021,Darcy Ribeiro,Química (Licenciatura),Noturno,EP_R1_NPPI,EP_R1_NPPI,True,R1,NPPI,False,1.5,13.391,13.391,2019-2021,2019,2021,2,Química (Licenciatura) | Darcy Ribeiro,Química (Licenciatura) | Noturno,Química (Licenciatura) | EP_R1_NPPI,Química (Licenciatura) | Darcy Ribeiro | Noturno,Química (Licenciatura) | EP_R1_NPPI | Darcy Ribeiro,Química (Licenciatura) | EP_R1_NPPI | Noturno
2019-2021,2021,Darcy Ribeiro,Química (Licenciatura),Noturno,EP_R2_PPI,EP_R2_PPI,True,R2,PPI,False,1.5,-24.258,-24.258,2019-2021,2019,2021,2,Química (Licenciatura) | Darcy Ribeiro,Química (Licenciatura) | Noturno,Química (Licenciatura) | EP_R2_PPI,Química (Licenciatura) | Darcy Ribeiro | Noturno,Química (Licenciatura) | EP_R2_PPI | Darcy Ribeiro,Química (Licenciatura) | EP_R2_PPI | Noturno
2019-2021,2021,Darcy Ribeiro,Química (Licenciatura),Noturno,EP_R2_NPPI,EP_R2_NPPI,True,R2,NPPI,False,1.5,11.482,11.482,2019-2021,2019,2021,2,Química (Licenciatura) | Darcy Ribeiro,Química (Licenciatura) | Noturno,Química (Licenciatura) | EP_R2_NPPI,Química (Licenciatura) | Darcy Ribeiro | Noturno,Química (Licenciatura) | EP_R2_NPPI | Darcy Ribeiro,Química (Licenciatura) | EP_R2_NPPI | Noturno
2019-2021,2021,Darcy Ribeiro,Química (Licenciatura),Noturno,AC,AC,False,,,False,,-32.77,-32.77,2019-2021,2019,2021,2,Química (Licenciatura) | Darcy Ribeiro,Química (Licenciatura) | Noturno,Química (Licenciatura) | AC,Química (Licenciatura) | Darcy Ribeiro | Noturno,Química (Licenciatura) | AC | Darcy Ribeiro,Química (Licenciatura) | AC | Noturno
2019-2021,2021,Darcy Ribeiro,Química Tecnológica (Bacharelado),Diurno,CN,CN,False,,NEGROS,False,,-2.177,-2.177,2019-2021,2019,2021,2,Química Tecnológica (Bacharelado) | Darcy Ribeiro,Química Tecnológica (Bacharelado) | Diurno,Química Tecnológica (Bacharelado) | CN,Química Tecnológica (Bacharelado) | Darcy Ribeiro | Diurno,Química Tecnológica (Bacharelado) | CN | Darcy Ribeiro,Química Tecnológica (Bacharelado) | CN | Diurno
2019-2021,2021,Darcy Ribeiro,Química Tecnológica (Bacharelado),Diurno,EP_R1_NPPI,EP_R1_NPPI,True,R1,NPPI,False,1.5,23.339,23.339,2019-2021,2019,2021,2,Química Tecnológica (Bacharelado) | Darcy Ribeiro,Química Tecnológica (Bacharelado) | Diurno,Química Tecnológica (Bacharelado) | EP_R1_NPPI,Química Tecnológica (Bacharelado) | Darcy Ribeiro | Diurno,Química Tecnológica (Bacharelado) | EP_R1_NPPI | Darcy Ribeiro,Química Tecnológica (Bacharelado) | EP_R1_NPPI | Diurno
2019-2021,2021,Darcy Ribeiro,Química Tecnológica (Bacharelado),Diurno,EP_R2_NPPI,EP_R2_NPPI,True,R2,NPPI,False,1.5,-27.683,-27.683,2019-2021,2019,2021,2,Química Tecnológica (Bacharelado) | Darcy Ribeiro,Química Tecnológica (Bacharelado) | Diurno,Química Tecnológica (Bacharelado) | EP_R2_NPPI,Química Tecnológica (Bacharelado) | Darcy Ribeiro | Diurno,Química Tecnológica (Bacharelado) | EP_R2_NPPI | Darcy Ribeiro,Química Tecnológica (Bacharelado) | EP_R2_NPPI | Diurno
2019-2021,2021,Darcy Ribeiro,Química Tecnológica (Bacharelado),Diurno,AC,AC,False,,,False,,-23.379,65.907,2019-2021,2019,2021,2,Química Tecnológica (Bacharelado) | Darcy Ribeiro,Química Tecnológica (Bacharelado) | Diurno,Química Tecnológica (Bacharelado) | AC,Química Tecnológica (Bacharelado) | Darcy Ribeiro | Diurno,Química Tecnológica (Bacharelado) | AC | Darcy Ribeiro,Química Tecnológica (Bacharelado) | AC | Diurno
2019-2021,2021,Darcy Ribeiro,Relações Internacionais (Bacharelado),Diurno,CN,CN,False,,NEGROS,False,,47.562,47.562,2019-2021,2019,2021,2,Relações Internacionais (Bacharelado) | Darcy Ribeiro,Relações Internacionais (Bacharelado) | Diurno,Relações Internacionais (Bacharelado) | CN,Relações Internacionais (Bacharelado) | Darcy Ribeiro | Diurno,Relações Internacionais (Bacharelado) | CN | Darcy Ribeiro,Relações Internacionais (Bacharelado) | CN | Diurno
2019-2021,2021,Darcy Ribeiro,Relações Internacionais (Bacharelado),Diurno,EP_R1_PPI,EP_R1_PPI,True,R1,PPI,False,1.5,17.31,73.797,2019-2021,2019,2021,2,Relações Internacionais (Bacharelado) | Darcy Ribeiro,Relações Internacionais (Bacharelado) | Diurno,Relações Internacionais (Bacharelado) | EP_R1_PPI,Relações Internacionais (Bacharelado) | Darcy Ribeiro | Diurno,Relações Internacionais (Bacharelado) | EP_R1_PPI | Darcy Ribeiro,Relações Internacionais (Bacharelado) | EP_R1_PPI | Diurno
2019-2021,2021,Darcy Ribeiro,Relações Internacionais (Bacharelado),Diurno,EP_R1_NPPI,EP_R1_NPPI,True,R1,NPPI,False,1.5,11.118,64.536,2019-2021,2019,2021,2,Relações Internacionais (Bacharelado) | Darcy Ribeiro,Relações Internacionais (Bacharelado) | Diurno,Relações Internacionais (Bacharelado) | EP_R1_NPPI,Relações Internacionais (Bacharelado) | Darcy Ribeiro | Diurno,Relações Internacionais (Bacharelado) | EP_R1_NPPI | Darcy Ribeiro,Relações Internacionais (Bacharelado) | EP_R1_NPPI | Diurno
2019-2021,2021,Darcy Ribeiro,Relações Internacionais (Bacharelado),Diurno,EP_R2_PPI,EP_R2_PPI,True,R2,PPI,False,1.5,46.911,,2019-2021,2019,2021,2,Relações Internacionais (Bacharelado) | Darcy Ribeiro,Relações Internacionais (Bacharelado) | Diurno,Relações Internacionais (Bacharelado) | EP_R2_PPI,Relações Internacionais (Bacharelado) | Darcy Ribeiro | Diurno,Relações Internacionais (Bacharelado) | EP_R2_PPI | Darcy Ribeiro,Relações Internacionais (Bacharelado) | EP_R2_PPI | Diurno
2019-2021,2021,Darcy Ribeiro,Relações Internacionais (Bacharelado),Diurno,AC,AC,False,,,False,,98.313,,2019-2021,2019,2021,2,Relações Internacionais (Bacharelado) | Darcy Ribeiro,Relações Internacionais (Bacharelado) | Diurno,Relações Internacionais (Bacharelado) | AC,Relações Internacionais (Bacharelado) | Darcy Ribeiro | Diurno,Relações Internacionais (Bacharelado) | AC | Darcy Ribeiro,Relações Internacionais (Bacharelado) | AC | Diurno
2019-2021,2021,Darcy Ribeiro,Saúde Coletiva (Bacharelado),Noturno,CN,CN,False,,NEGROS,False,,-38.727,-38.727,2019-2021,2019,2021,2,Saúde Coletiva (Bacharelado) | Darcy Ribeiro,Saúde Coletiva (Bacharelado) | Noturno,Saúde Coletiva (Bacharelado) | CN,Saúde Coletiva (Bacharelado) | Darcy Ribeiro | Noturno,Saúde Coletiva (Bacharelado) | CN | Darcy Ribeiro,Saúde Coletiva (Bacharelado) | CN | Noturno
2019-2021,2021,Darcy Ribeiro,Saúde Coletiva (Bacharelado),Noturno,EP_R1_PPI,EP_R1_PPI,True,R1,PPI,False,1.5,-64.747,-22.831,2019-2021,2019,2021,2,Saúde Coletiva (Bacharelado) | Darcy Ribeiro,Saúde Coletiva (Bacharelado) | Noturno,Saúde Coletiva (Bacharelado) | EP_R1_PPI,Saúde Coletiva (Bacharelado) | Darcy Ribeiro | Noturno,Saúde Coletiva (Bacharelado) | EP_R1_PPI | Darcy Ribeiro,Saúde Coletiva (Bacharelado) | EP_R1_PPI | Noturno
2019-2021,2021,Darcy Ribeiro,Saúde Coletiva (Bacharelado),Noturno,EP_R1_NPPI,EP_R1_NPPI,True,R1,NPPI,False,1.5,-1.391,-1.391,2019-2021,2019,2021,2,Saúde Coletiva (Bacharelado) | Darcy Ribeiro,Saúde Coletiva (Bacharelado) | Noturno,Saúde Coletiva (Bacharelado) | EP_R1_NPPI,Saúde Coletiva (Bacharelado) | Darcy Ribeiro | Noturno,Saúde Coletiva (Bacharelado) | EP_R1_NPPI | Darcy Ribeiro,Saúde Coletiva (Bacharelado) | EP_R1_NPPI | Noturno
2019-2021,2021,Darcy Ribeiro,Saúde Coletiva (Bacharelado),Noturno,EP_R2_PPI,EP_R2_PPI,True,R2,PPI,False,1.5,-20.34,-20.34,2019-2021,2019,2021,2,Saúde Coletiva (Bacharelado) | Darcy Ribeiro,Saúde Coletiva (Bacharelado) | Noturno,Saúde Coletiva (Bacharelado) | EP_R2_PPI,Saúde Coletiva (Bacharelado) | Darcy Ribeiro | Noturno,Saúde Coletiva (Bacharelado) | EP_R2_PPI | Darcy Ribeiro,Saúde Coletiva (Bacharelado) | EP_R2_PPI | Noturno
2019-2021,2021,Darcy Ribeiro,Saúde Coletiva (Bacharelado),Noturno,EP_R2_NPPI,EP_R2_NPPI,True,R2,NPPI,False,1.5,-71.558,-36.051,2019-2021,2019,2021,2,Saúde Coletiva (Bacharelado) | Darcy Ribeiro,Saúde Coletiva (Bacharelado) | Noturno,Saúde Coletiva (Bacharelado) | EP_R2_NPPI,Saúde Coletiva (Bacharelado) | Darcy Ribeiro | Noturno,Saúde Coletiva (Bacharelado) | EP_R2_NPPI | Darcy Ribeiro,Saúde Coletiva (Bacharelado) | EP_R2_NPPI | Noturno
2019-2021,2021,Darcy Ribeiro,Saúde Coletiva (Bacharelado),Noturno,AC,AC,False,,,False,,-55.136,-44.554,2019-2021,2019,2021,2,Saúde Coletiva (Bacharelado) | Darcy Ribeiro,Saúde Coletiva (Bacharelado) | Noturno,Saúde Coletiva (Bacharelado) | AC,Saúde Coletiva (Bacharelado) | Darcy Ribeiro | Noturno,Saúde Coletiva (Bacharelado) | AC | Darcy Ribeiro,Saúde Coletiva (Bacharelado) | AC | Noturno
2019-2021,2021,Darcy Ribeiro,Serviço Social (Bacharelado),Noturno,EP_R1_PPI,EP_R1_PPI,True,R1,PPI,False,1.5,-42.517,-26.01,2019-2021,2019,2021,2,Serviço Social (Bacharelado) | Darcy Ribeiro,Serviço Social (Bacharelado) | Noturno,Serviço Social (Bacharelado) | EP_R1_PPI,Serviço Social (Bacharelado) | Darcy Ribeiro | Noturno,Serviço Social (Bacharelado) | EP_R1_PPI | Darcy Ribeiro,Serviço Social (Bacharelado) | EP_R1_PPI | Noturno
2019-2021,2021,Darcy Ribeiro,Serviço Social (Bacharelado),Noturno,EP_R1_NPPI,EP_R1_NPPI,True,R1,NPPI,False,1.5,-35.078,-35.078,2019-2021,2019,2021,2,Serviço Social (Bacharelado) | Darcy Ribeiro,Serviço Social (Bacharelado) | Noturno,Serviço Social (Bacharelado) | EP_R1_NPPI,Serviço Social (Bacharelado) | Darcy Ribeiro | Noturno,Serviço Social (Bacharelado) | EP_R1_NPPI | Darcy Ribeiro,Serviço Social (Bacharelado) | EP_R1_NPPI | Noturno
2019-2021,2021,Darcy Ribeiro,Serviço Social (Bacharelado),Noturno,EP_R2_NPPI,EP_R2_NPPI,True,R2,NPPI,False,1.5,-37.74,-14.877,2019-2021,2019,2021,2,Serviço Social (Bacharelado) | Darcy Ribeiro,Serviço Social (Bacharelado) | Noturno,Serviço Social (Bacharelado) | EP_R2_NPPI,Serviço Social (Bacharelado) | Darcy Ribeiro | Noturno,Serviço Social (Bacharelado) | EP_R2_NPPI | Darcy Ribeiro,Serviço Social (Bacharelado) | EP_R2_NPPI | Noturno
2019-2021,2021,Darcy Ribeiro,Serviço Social (Bacharelado),Noturno,AC,AC,False,,,False,,-76.148,-17.915,2019-2021,2019,2021,2,Serviço Social (Bacharelado) | Darcy Ribeiro,Serviço Social (Bacharelado) | Noturno,Serviço Social (Bacharelado) | AC,Serviço Social (Bacharelado) | Darcy Ribeiro | Noturno,Serviço Social (Bacharelado) | AC | Darcy Ribeiro,Serviço Social (Bacharelado) | AC | Noturno
2019-2021,2021,Darcy Ribeiro,Serviço Social (Bacharelado),Diurno,CN,CN,False,,NEGROS,False,,14.694,14.694,2019-2021,2019,2021,2,Serviço Social (Bacharelado) | Darcy Ribeiro,Serviço Social (Bacharelado) | Diurno,Serviço Social (Bacharelado) | CN,Serviço Social (Bacharelado) | Darcy Ribeiro | Diurno,Serviço Social (Bacharelado) | CN | Darcy Ribeiro,Serviço Social (Bacharelado) | CN | Diurno
2019-2021,2021,Darcy Ribeiro,Serviço Social (Bacharelado),Diurno,EP_R1_PPI,EP_R1_PPI,True,R1,PPI,False,1.5,-10.261,19.595,2019-2021,2019,2021,2,Serviço Social (Bacharelado) | Darcy Ribeiro,Serviço Social (Bacharelado) | Diurno,Serviço Social (Bacharelado) | EP_R1_PPI,Serviço Social (Bacharelado) | Darcy Ribeiro | Diurno,Serviço Social (Bacharelado) | EP_R1_PPI | Darcy Ribeiro,Serviço Social (Bacharelado) | EP_R1_PPI | Diurno
2019-2021,2021,Darcy Ribeiro,Serviço Social (Bacharelado),Diurno,EP_R2_PPI,EP_R2_PPI,True,R2,PPI,False,1.5,-33.215,1.085,2019-2021,2019,2021,2,Serviço Social (Bacharelado) | Darcy Ribeiro,Serviço Social (Bacharelado) | Diurno,Serviço Social (Bacharelado) | EP_R2_PPI,Serviço Social (Bacharelado) | Darcy Ribeiro | Diurno,Serviço Social (Bacharelado) | EP_R2_PPI | Darcy Ribeiro,Serviço Social (Bacharelado) | EP_R2_PPI | Diurno
2019-2021,2021,Darcy Ribeiro,Serviço Social (Bacharelado),Diurno,EP_R2_NPPI,EP_R2_NPPI,True,R2,NPPI,False,1.5,-58.673,-11.65,2019-2021,2019,2021,2,Serviço Social (Bacharelado) | Darcy Ribeiro,Serviço Social (Bacharelado) | Diurno,Serviço Social (Bacharelado) | EP_R2_NPPI,Serviço Social (Bacharelado) | Darcy Ribeiro | Diurno,Serviço Social (Bacharelado) | EP_R2_NPPI | Darcy Ribeiro,Serviço Social (Bacharelado) | EP_R2_NPPI | Diurno
2019-2021,2021,Darcy Ribeiro,Serviço Social (Bacharelado),Diurno,AC,AC,False,,,False,,3.922,58.117,2019-2021,2019,2021,2,Serviço Social (Bacharelado) | Darcy Ribeiro,Serviço Social (Bacharelado) | Diurno,Serviço Social (Bacharelado) | AC,Serviço Social (Bacharelado) | Darcy Ribeiro | Diurno,Serviço Social (Bacharelado) | AC | Darcy Ribeiro,Serviço Social (Bacharelado) | AC | Diurno
2019-2021,2021,Darcy Ribeiro,"Teoria, Crítica e História da Arte (Bacharelado)",Noturno,EP_R2_NPPI,EP_R2_NPPI,True,R2,NPPI,False,1.5,-27.615,-13.504,2019-2021,2019,2021,2,"Teoria, Crítica e História da Arte (Bacharelado) | Darcy Ribeiro","Teoria, Crítica e História da Arte (Bacharelado) | Noturno","Teoria, Crítica e História da Arte (Bacharelado) | EP_R2_NPPI","Teoria, Crítica e História da Arte (Bacharelado) | Darcy Ribeiro | Noturno","Teoria, Crítica e História da Arte (Bacharelado) | EP_R2_NPPI | Darcy Ribeiro","Teoria, Crítica e História da Arte (Bacharelado) | EP_R2_NPPI | Noturno"
2019-2021,2021,Darcy Ribeiro,"Teoria, Crítica e História da Arte (Bacharelado)",Noturno,AC,AC,False,,,False,,-0.054,50.763,2019-2021,2019,2021,2,"Teoria, Crítica e História da Arte (Bacharelado) | Darcy Ribeiro","Teoria, Crítica e História da Arte (Bacharelado) | Noturno","Teoria, Crítica e História da Arte (Bacharelado) | AC","Teoria, Crítica e História da Arte (Bacharelado) | Darcy Ribeiro | Noturno","Teoria, Crítica e História da Arte (Bacharelado) | AC | Darcy Ribeiro","Teoria, Crítica e História da Arte (Bacharelado) | AC | Noturno"
2019-2021,2021,Darcy Ribeiro,Turismo (Bacharelado),Diurno,CN,CN,False,,NEGROS,False,,-21.951,-21.951,2019-2021,2019,2021,2,Turismo (Bacharelado) | Darcy Ribeiro,Turismo (Bacharelado) | Diurno,Turismo (Bacharelado) | CN,Turismo (Bacharelado) | Darcy Ribeiro | Diurno,Turismo (Bacharelado) | CN | Darcy Ribeiro,Turismo (Bacharelado) | CN | Diurno
2019-2021,2021,Darcy Ribeiro,Turismo (Bacharelado),Diurno,EP_R1_PPI,EP_R1_PPI,True,R1,PPI,False,1.5,-54.814,-54.814,2019-2021,2019,2021,2,Turismo (Bacharelado) | Darcy Ribeiro,Turismo (Bacharelado) | Diurno,Turismo (Bacharelado) | EP_R1_PPI,Turismo (Bacharelado) | Darcy Ribeiro | Diurno,Turismo (Bacharelado) | EP_R1_PPI | Darcy Ribeiro,Turismo (Bacharelado) | EP_R1_PPI | Diurno
2019-2021,2021,Darcy Ribeiro,Turismo (Bacharelado),Diurno,EP_R1_NPPI,EP_R1_NPPI,True,R1,NPPI,False,1.5,-64.42,-64.42,2019-2021,2019,2021,2,Turismo (Bacharelado) | Darcy Ribeiro,Turismo (Bacharelado) | Diurno,Turismo (Bacharelado) | EP_R1_NPPI,Turismo (Bacharelado) | Darcy Ribeiro | Diurno,Turismo (Bacharelado) | EP_R1_NPPI | Darcy Ribeiro,Turismo (Bacharelado) | EP_R1_NPPI | Diurno
2019-2021,2021,Darcy Ribeiro,Turismo (Bacharelado),Diurno,EP_R2_NPPI,EP_R2_NPPI,True,R2,NPPI,False,1.5,-79.506,-24.63,2019-2021,2019,2021,2,Turismo (Bacharelado) | Darcy Ribeiro,Turismo (Bacharelado) | Diurno,Turismo (Bacharelado) | EP_R2_NPPI,Turismo (Bacharelado) | Darcy Ribeiro | Diurno,Turismo (Bacharelado) | EP_R2_NPPI | Darcy Ribeiro,Turismo (Bacharelado) | EP_R2_NPPI | Diurno
2019-2021,2021,Darcy Ribeiro,Turismo (Bacharelado),Diurno,AC,AC,False,,,False,,-89.917,12.676,2019-2021,2019,2021,2,Turismo (Bacharelado) | Darcy Ribeiro,Turismo (Bacharelado) | Diurno,Turismo (Bacharelado) | AC,Turismo (Bacharelado) | Darcy Ribeiro | Diurno,Turismo (Bacharelado) | AC | Darcy Ribeiro,Turismo (Bacharelado) | AC | Diurno
2019-2021,2021,Gama,Engenharias (FGA),Diurno,CN,CN,False,,NEGROS,False,,3.555,62.949,2019-2021,2019,2021,2,Engenharias (FGA) | Gama,Engenharias (FGA) | Diurno,Engenharias (FGA) | CN,Engenharias (FGA) | Gama | Diurno,Engenharias (FGA) | CN | Gama,Engenharias (FGA) | CN | Diurno
2019-2021,2021,Gama,Engenharias (FGA),Diurno,EP_R1_PPI,EP_R1_PPI,True,R1,PPI,False,1.5,-67.127,17.176,2019-2021,2019,2021,2,Engenharias (FGA) | Gama,Engenharias (FGA) | Diurno,Engenharias (FGA) | EP_R1_PPI,Engenharias (FGA) | Gama | Diurno,Engenharias (FGA) | EP_R1_PPI | Gama,Engenharias (FGA) | EP_R1_PPI | Diurno
2019-2021,2021,Gama,Engenharias (FGA),Diurno,EP_R1_NPPI,EP_R1_NPPI,True,R1,NPPI,False,1.5,-53.711,45.621,2019-2021,2019,2021,2,Engenharias (FGA) | Gama,Engenharias (FGA) | Diurno,Engenharias (FGA) | EP_R1_NPPI,Engenharias (FGA) | Gama | Diurno,Engenharias (FGA) | EP_R1_NPPI | Gama,Engenharias (FGA) | EP_R1_NPPI | Diurno
2019-2021,2021,Gama,Engenharias (FGA),Diurno,EP_R2_PPI,EP_R2_PPI,True,R2,PPI,False,1.5,-54.926,44.722,2019-2021,2019,2021,2,Engenharias (FGA) | Gama,Engenharias (FGA) | Diurno,Engenharias (FGA) | EP_R2_PPI,Engenharias (FGA) | Gama | Diurno,Engenharias (FGA) | EP_R2_PPI | Gama,Engenharias (FGA) | EP_R2_PPI | Diurno
2019-2021,2021,Gama,Engenharias (FGA),Diurno,EP_R2_NPPI,EP_R2_NPPI,True,R2,NPPI,False,1.5,12.504,93.644,2019-2021,2019,2021,2,Engenharias (FGA) | Gama,Engenharias (FGA) | Diurno,Engenharias (FGA) | EP_R2_NPPI,Engenharias (FGA) | Gama | Diurno,Engenharias (FGA) | EP_R2_NPPI | Gama,Engenharias (FGA) | EP_R2_NPPI | Diurno
2019-2021,2021,Gama,Engenharias (FGA),Diurno,AC,AC,False,,,False,,50.195,,2019-2021,2019,2021,2,Engenharias (FGA) | Gama,Engenharias (FGA) | Diurno,Engenharias (FGA) | AC,Engenharias (FGA) | Gama | Diurno,Engenharias (FGA) | AC | Gama,Engenharias (FGA) | AC | Diurno
2019-2021,2021,Planaltina,Ciências Naturais (Licenciatura),Diurno,AC,AC,False,,,False,,-85.5,-85.5,2019-2021,2019,2021,2,Ciências Naturais (Licenciatura) | Planaltina,Ciências Naturais (Licenciatura) | Diurno,Ciências Naturais (Licenciatura) | AC,Ciências Naturais (Licenciatura) | Planaltina | Diurno,Ciências Naturais (Licenciatura) | AC | Planaltina,Ciências Naturais (Licenciatura) | AC | Diurno
2019-2021,2021,Planaltina,Ciências Naturais (Licenciatura),Noturno,CN,CN,False,,NEGROS,False,,-90.203,-90.203,2019-2021,2019,2021,2,Ciências Naturais (Licenciatura) | Planaltina,Ciências Naturais (Licenciatura) | Noturno,Ciências Naturais (Licenciatura) | CN,Ciências Naturais (Licenciatura) | Planaltina | Noturno,Ciências Naturais (Licenciatura) | CN | Planaltina,Ciências Naturais (Licenciatura) | CN | Noturno
2019-2021,2021,Planaltina,Ciências Naturais (Licenciatura),Noturno,AC,AC,False,,,False,,-76.854,-20.469,2019-2021,2019,2021,2,Ciências Naturais (Licenciatura) | Planaltina,Ciências Naturais (Licenciatura) | Noturno,Ciências Naturais (Licenciatura) | AC,Ciências Naturais (Licenciatura) | Planaltina | Noturno,Ciências Naturais (Licenciatura) | AC | Planaltina,Ciências Naturais (Licenciatura) | AC | Noturno
2019-2021,2021,Planaltina,Gestão Ambiental (Bacharelado),Noturno,EP_R2_PPI,EP_R2_PPI,True,R2,PPI,False,1.5,-34.138,-34.138,2019-2021,2019,2021,2,Gestão Ambiental (Bacharelado) | Planaltina,Gestão Ambiental (Bacharelado) | Noturno,Gestão Ambiental (Bacharelado) | EP_R2_PPI,Gestão Ambiental (Bacharelado) | Planaltina | Noturno,Gestão Ambiental (Bacharelado) | EP_R2_PPI | Planaltina,Gestão Ambiental (Bacharelado) | EP_R2_PPI | Noturno
2019-2021,2021,Planaltina,Gestão Ambiental (Bacharelado),Noturno,EP_R2_NPPI,EP_R2_NPPI,True,R2,NPPI,False,1.5,-73.509,39.118,2019-2021,2019,2021,2,Gestão Ambiental (Bacharelado) | Planaltina,Gestão Ambiental (Bacharelado) | Noturno,Gestão Ambiental (Bacharelado) | EP_R2_NPPI,Gestão Ambiental (Bacharelado) | Planaltina | Noturno,Gestão Ambiental (Bacharelado) | EP_R2_NPPI | Planaltina,Gestão Ambiental (Bacharelado) | EP_R2_NPPI | Noturno
2019-2021,2021,Planaltina,Gestão do Agronegócio (Bacharelado),Diurno,AC,AC,False,,,False,,-78.135,-78.135,2019-2021,2019,2021,2,Gestão do Agronegócio (Bacharelado) | Planaltina,Gestão do Agronegócio (Bacharelado) | Diurno,Gestão do Agronegócio (Bacharelado) | AC,Gestão do Agronegócio (Bacharelado) | Planaltina | Diurno,Gestão do Agronegócio (Bacharelado) | AC | Planaltina,Gestão do Agronegócio (Bacharelado) | AC | Diurno
2020-2022,2022,Ceilândia,Enfermagem (Bacharelado),Diurno,EP_R1_PPI,EP_R1_PPI,True,R1,PPI,False,1.5,-39.237,25.484,2020-2022,2020,2022,3,Enfermagem (Bacharelado) | Ceilândia,Enfermagem (Bacharelado) | Diurno,Enfermagem (Bacharelado) | EP_R1_PPI,Enfermagem (Bacharelado) | Ceilândia | Diurno,Enfermagem (Bacharelado) | EP_R1_PPI | Ceilândia,Enfermagem (Bacharelado) | EP_R1_PPI | Diurno
2020-2022,2022,Ceilândia,Enfermagem (Bacharelado),Diurno,EP_R1_NPPI,EP_R1_NPPI,True,R1,NPPI,False,1.5,-8.713,27.763,2020-2022,2020,2022,3,Enfermagem (Bacharelado) | Ceilândia,Enfermagem (Bacharelado) | Diurno,Enfermagem (Bacharelado) | EP_R1_NPPI,Enfermagem (Bacharelado) | Ceilândia | Diurno,Enfermagem (Bacharelado) | EP_R1_NPPI | Ceilândia,Enfermagem (Bacharelado) | EP_R1_NPPI | Diurno
2020-2022,2022,Ceilândia,Enfermagem (Bacharelado),Diurno,EP_R2_PPI,EP_R2_PPI,True,R2,PPI,False,1.5,-16.177,3.184,2020-2022,2020,2022,3,Enfermagem (Bacharelado) | Ceilândia,Enfermagem (Bacharelado) | Diurno,Enfermagem (Bacharelado) | EP_R2_PPI,Enfermagem (Bacharelado) | Ceilândia | Diurno,Enfermagem (Bacharelado) | EP_R2_PPI | Ceilândia,Enfermagem (Bacharelado) | EP_R2_PPI | Diurno
2020-2022,2022,Ceilândia,Enfermagem (Bacharelado),Diurno,EP_R2_NPPI,EP_R2_NPPI,True,R2,NPPI,False,1.5,-2.391,4.712,2020-2022,2020,2022,3,Enfermagem (Bacharelado) | Ceilândia,Enfermagem (Bacharelado) | Diurno,Enfermagem (Bacharelado) | EP_R2_NPPI,Enfermagem (Bacharelado) | Ceilândia | Diurno,Enfermagem (Bacharelado) | EP_R2_NPPI | Ceilândia,Enfermagem (Bacharelado) | EP_R2_NPPI | Diurno
2020-2022,2022,Ceilândia,Enfermagem (Bacharelado),Diurno,CN,CN,False,,NEGROS,False,,20.513,20.513,2020-2022,2020,2022,3,Enfermagem (Bacharelado) | Ceilândia,Enfermagem (Bacharelado) | Diurno,Enfermagem (Bacharelado) | CN,Enfermagem (Bacharelado) | Ceilândia | Diurno,Enfermagem (Bacharelado) | CN | Ceilândia,Enfermagem (Bacharelado) | CN | Diurno
2020-2022,2022,Ceilândia,Enfermagem (Bacharelado),Diurno,AC,AC,False,,,False,,30.01,77.432,2020-2022,2020,2022,3,Enfermagem (Bacharelado) | Ceilândia,Enfermagem (Bacharelado) | Diurno,Enfermagem (Bacharelado) | AC,Enfermagem (Bacharelado) | Ceilândia | Diurno,Enfermagem (Bacharelado) | AC | Ceilândia,Enfermagem (Bacharelado) | AC | Diurno
2020-2022,2022,Ceilândia,Farmácia (Bacharelado),Diurno,EP_R1_PPI,EP_R1_PPI,True,R1,PPI,False,1.5,-28.606,10.433,2020-2022,2020,2022,3,Farmácia (Bacharelado) | Ceilândia,Farmácia (Bacharelado) | Diurno,Farmácia (Bacharelado) | EP_R1_PPI,Farmácia (Bacharelado) | Ceilândia | Diurno,Farmácia (Bacharelado) | EP_R1_PPI | Ceilândia,Farmácia (Bacharelado) | EP_R1_PPI | Diurno
2020-2022,2022,Ceilândia,Farmácia (Bacharelado),Diurno,EP_R1_NPPI,EP_R1_NPPI,True,R1,NPPI,False,1.5,-18.323,13.031,2020-2022,2020,2022,3,Farmácia (Bacharelado) | Ceilândia,Farmácia (Bacharelado) | Diurno,Farmácia (Bacharelado) | EP_R1_NPPI,Farmácia (Bacharelado) | Ceilândia | Diurno,Farmácia (Bacharelado) | EP_R1_NPPI | Ceilândia,Farmácia (Bacharelado) | EP_R1_NPPI | Diurno
2020-2022,2022,Ceilândia,Farmácia (Bacharelado),Diurno,EP_R2_PPI,EP_R2_PPI,True,R2,PPI,False,1.5,-50.438,-14.608,2020-2022,2020,2022,3,Farmácia (Bacharelado) | Ceilândia,Farmácia (Bacharelado) | Diurno,Farmácia (Bacharelado) | EP_R2_PPI,Farmácia (Bacharelado) | Ceilândia | Diurno,Farmácia (Bacharelado) | EP_R2_PPI | Ceilândia,Farmácia (Bacharelado) | EP_R2_PPI | Diurno
2020-2022,2022,Ceilândia,Farmácia (Bacharelado),Diurno,EP_R2_NPPI,EP_R2_NPPI,True,R2,NPPI,False,1.5,-6.499,38.946,2020-2022,2020,2022,3,Farmácia (Bacharelado) | Ceilândia,Farmácia (Bacharelado) | Diurno,Farmácia (Bacharelado) | EP_R2_NPPI,Farmácia (Bacharelado) | Ceilândia | Diurno,Farmácia (Bacharelado) | EP_R2_NPPI | Ceilândia,Farmácia (Bacharelado) | EP_R2_NPPI | Diurno
2020-2022,2022,Ceilândia,Farmácia (Bacharelado),Diurno,CN,CN,False,,NEGROS,False,,37.12,37.12,2020-2022,2020,2022,3,Farmácia (Bacharelado) | Ceilândia,Farmácia (Bacharelado) | Diurno,Farmácia (Bacharelado) | CN,Farmácia (Bacharelado) | Ceilândia | Diurno,Farmácia (Bacharelado) | CN | Ceilândia,Farmácia (Bacharelado) | CN | Diurno
2020-2022,2022,Ceilândia,Farmácia (Bacharelado),Diurno,AC,AC,False,,,False,,17.577,66.477,2020-2022,2020,2022,3,Farmácia (Bacharelado) | Ceilândia,Farmácia (Bacharelado) | Diurno,Farmácia (Bacharelado) | AC,Farmácia (Bacharelado) | Ceilândia | Diurno,Farmácia (Bacharelado) | AC | Ceilândia,Farmácia (Bacharelado) | AC | Diurno
2020-2022,2022,Ceilândia,Fisioterapia (Bacharelado),Diurno,EP_R1_PPI,EP_R1_PPI,True,R1,PPI,False,1.5,-56.29,16.447,2020-2022,2020,2022,3,Fisioterapia (Bacharelado) | Ceilândia,Fisioterapia (Bacharelado) | Diurno,Fisioterapia (Bacharelado) | EP_R1_PPI,Fisioterapia (Bacharelado) | Ceilândia | Diurno,Fisioterapia (Bacharelado) | EP_R1_PPI | Ceilândia,Fisioterapia (Bacharelado) | EP_R1_PPI | Diurno
2020-2022,2022,Ceilândia,Fisioterapia (Bacharelado),Diurno,EP_R1_NPPI,EP_R1_NPPI,True,R1,NPPI,False,1.5,-19.321,61.01,2020-2022,2020,2022,3,Fisioterapia (Bacharelado) | Ceilândia,Fisioterapia (Bacharelado) | Diurno,Fisioterapia (Bacharelado) | EP_R1_NPPI,Fisioterapia (Bacharelado) | Ceilândia | Diurno,Fisioterapia (Bacharelado) | EP_R1_NPPI | Ceilândia,Fisioterapia (Bacharelado) | EP_R1_NPPI | Diurno
2020-2022,2022,Ceilândia,Fisioterapia (Bacharelado),Diurno,EP_R2_PPI,EP_R2_PPI,True,R2,PPI,False,1.5,-1.257,11.757,2020-2022,2020,2022,3,Fisioterapia (Bacharelado) | Ceilândia,Fisioterapia (Bacharelado) | Diurno,Fisioterapia (Bacharelado) | EP_R2_PPI,Fisioterapia (Bacharelado) | Ceilândia | Diurno,Fisioterapia (Bacharelado) | EP_R2_PPI | Ceilândia,Fisioterapia (Bacharelado) | EP_R2_PPI | Diurno
2020-2022,2022,Ceilândia,Fisioterapia (Bacharelado),Diurno,EP_R2_NPPI,EP_R2_NPPI,True,R2,NPPI,False,1.5,43.008,45.269,2020-2022,2020,2022,3,Fisioterapia (Bacharelado) | Ceilândia,Fisioterapia (Bacharelado) | Diurno,Fisioterapia (Bacharelado) | EP_R2_NPPI,Fisioterapia (Bacharelado) | Ceilândia | Diurno,Fisioterapia (Bacharelado) | EP_R2_NPPI | Ceilândia,Fisioterapia (Bacharelado) | EP_R2_NPPI | Diurno
2020-2022,2022,Ceilândia,Fisioterapia (Bacharelado),Diurno,CN,CN,False,,NEGROS,False,,3.695,3.695,2020-2022,2020,2022,3,Fisioterapia (Bacharelado) | Ceilândia,Fisioterapia (Bacharelado) | Diurno,Fisioterapia (Bacharelado) | CN,Fisioterapia (Bacharelado) | Ceilândia | Diurno,Fisioterapia (Bacharelado) | CN | Ceilândia,Fisioterapia (Bacharelado) | CN | Diurno
2020-2022,2022,Ceilândia,Fisioterapia (Bacharelado),Diurno,AC,AC,False,,,False,,33.173,91.814,2020-2022,2020,2022,3,Fisioterapia (Bacharelado) | Ceilândia,Fisioterapia (Bacharelado) | Diurno,Fisioterapia (Bacharelado) | AC,Fisioterapia (Bacharelado) | Ceilândia | Diurno,Fisioterapia (Bacharelado) | AC | Ceilândia,Fisioterapia (Bacharelado) | AC | Diurno
2020-2022,2022,Ceilândia,Fonoaudiologia (Bacharelado),Diurno,EP_R1_PPI,EP_R1_PPI,True,R1,PPI,False,1.5,-37.971,-37.971,2020-2022,2020,2022,3,Fonoaudiologia (Bacharelado) | Ceilândia,Fonoaudiologia (Bacharelado) | Diurno,Fonoaudiologia (Bacharelado) | EP_R1_PPI,Fonoaudiologia (Bacharelado) | Ceilândia | Diurno,Fonoaudiologia (Bacharelado) | EP_R1_PPI | Ceilândia,Fonoaudiologia (Bacharelado) | EP_R1_PPI | Diurno
2020-2022,2022,Ceilândia,Fonoaudiologia (Bacharelado),Diurno,EP_R1_NPPI,EP_R1_NPPI,True,R1,NPPI,False,1.5,-37.896,-4.698,2020-2022,2020,2022,3,Fonoaudiologia (Bacharelado) | Ceilândia,Fonoaudiologia (Bacharelado) | Diurno,Fonoaudiologia (Bacharelado) | EP_R1_NPPI,Fonoaudiologia (Bacharelado) | Ceilândia | Diurno,Fonoaudiologia (Bacharelado) | EP_R1_NPPI | Ceilândia,Fonoaudiologia (Bacharelado) | EP_R1_NPPI | Diurno
2020-2022,2022,Ceilândia,Fonoaudiologia (Bacharelado),Diurno,EP_R2_PPI,EP_R2_PPI,True,R2,PPI,False,1.5,-50.578,-6.146,2020-2022,2020,2022,3,Fonoaudiologia (Bacharelado) | Ceilândia,Fonoaudiologia (Bacharelado) | Diurno,Fonoaudiologia (Bacharelado) | EP_R2_PPI,Fonoaudiologia (Bacharelado) | Ceilândia | Diurno,Fonoaudiologia (Bacharelado) | EP_R2_PPI | Ceilândia,Fonoaudiologia (Bacharelado) | EP_R2_PPI | Diurno
2020-2022,2022,Ceilândia,Fonoaudiologia (Bacharelado),Diurno,EP_R2_NPPI,EP_R2_NPPI,True,R2,NPPI,False,1.5,-12.187,-10.565,2020-2022,2020,2022,3,Fonoaudiologia (Bacharelado) | Ceilândia,Fonoaudiologia (Bacharelado) | Diurno,Fonoaudiologia (Bacharelado) | EP_R2_NPPI,Fonoaudiologia (Bacharelado) | Ceilândia | Diurno,Fonoaudiologia (Bacharelado) | EP_R2_NPPI | Ceilândia,Fonoaudiologia (Bacharelado) | EP_R2_NPPI | Diurno
2020-2022,2022,Ceilândia,Fonoaudiologia (Bacharelado),Diurno,CN,CN,False,,NEGROS,False,,2.749,2.749,2020-2022,2020,2022,3,Fonoaudiologia (Bacharelado) | Ceilândia,Fonoaudiologia (Bacharelado) | Diurno,Fonoaudiologia (Bacharelado) | CN,Fonoaudiologia (Bacharelado) | Ceilândia | Diurno,Fonoaudiologia (Bacharelado) | CN | Ceilândia,Fonoaudiologia (Bacharelado) | CN | Diurno
2020-2022,2022,Ceilândia,Fonoaudiologia (Bacharelado),Diurno,AC,AC,False,,,False,,8.094,46.991,2020-2022,2020,2022,3,Fonoaudiologia (Bacharelado) | Ceilândia,Fonoaudiologia (Bacharelado) | Diurno,Fonoaudiologia (Bacharelado) | AC,Fonoaudiologia (Bacharelado) | Ceilândia | Diurno,Fonoaudiologia (Bacharelado) | AC | Ceilândia,Fonoaudiologia (Bacharelado) | AC | Diurno
2020-2022,2022,Ceilândia,Saúde Coletiva (Bacharelado),Diurno,EP_R1_PPI,EP_R1_PPI,True,R1,PPI,False,1.5,-34.476,-34.476,2020-2022,2020,2022,3,Saúde Coletiva (Bacharelado) | Ceilândia,Saúde Coletiva (Bacharelado) | Diurno,Saúde Coletiva (Bacharelado) | EP_R1_PPI,Saúde Coletiva (Bacharelado) | Ceilândia | Diurno,Saúde Coletiva (Bacharelado) | EP_R1_PPI | Ceilândia,Saúde Coletiva (Bacharelado) | EP_R1_PPI | Diurno
2020-2022,2022,Ceilândia,Saúde Coletiva (Bacharelado),Diurno,EP_R2_PPI,EP_R2_PPI,True,R2,PPI,False,1.5,-76.202,-9.79,2020-2022,2020,2022,3,Saúde Coletiva (Bacharelado) | Ceilândia,Saúde Coletiva (Bacharelado) | Diurno,Saúde Coletiva (Bacharelado) | EP_R2_PPI,Saúde Coletiva (Bacharelado) | Ceilândia | Diurno,Saúde Coletiva (Bacharelado) | EP_R2_PPI | Ceilândia,Saúde Coletiva (Bacharelado) | EP_R2_PPI | Diurno
2020-2022,2022,Ceilândia,Saúde Coletiva (Bacharelado),Diurno,EP_R2_NPPI,EP_R2_NPPI,True,R2,NPPI,False,1.5,-67.831,-31.801,2020-2022,2020,2022,3,Saúde Coletiva (Bacharelado) | Ceilândia,Saúde Coletiva (Bacharelado) | Diurno,Saúde Coletiva (Bacharelado) | EP_R2_NPPI,Saúde Coletiva (Bacharelado) | Ceilândia | Diurno,Saúde Coletiva (Bacharelado) | EP_R2_NPPI | Ceilândia,Saúde Coletiva (Bacharelado) | EP_R2_NPPI | Diurno
2020-2022,2022,Ceilândia,Saúde Coletiva (Bacharelado),Diurno,CN,CN,False,,NEGROS,False,,-18.853,-18.853,2020-2022,2020,2022,3,Saúde Coletiva (Bacharelado) | Ceilândia,Saúde Coletiva (Bacharelado) | Diurno,Saúde Coletiva (Bacharelado) | CN,Saúde Coletiva (Bacharelado) | Ceilândia | Diurno,Saúde Coletiva (Bacharelado) | CN | Ceilândia,Saúde Coletiva (Bacharelado) | CN | Diurno
2020-2022,2022,Ceilândia,Saúde Coletiva (Bacharelado),Diurno,AC,AC,False,,,False,,-84.455,-10.106,2020-2022,2020,2022,3,Saúde Coletiva (Bacharelado) | Ceilândia,Saúde Coletiva (Bacharelado) | Diurno,Saúde Coletiva (Bacharelado) | AC,Saúde Coletiva (Bacharelado) | Ceilândia | Diurno,Saúde Coletiva (Bacharelado) | AC | Ceilândia,Saúde Coletiva (Bacharelado) | AC | Diurno
2020-2022,2022,Ceilândia,Terapia Ocupacional (Bacharelado),Diurno,EP_R1_PPI,EP_R1_PPI,True,R1,PPI,False,1.5,-76.773,55.294,2020-2022,2020,2022,3,Terapia Ocupacional (Bacharelado) | Ceilândia,Terapia Ocupacional (Bacharelado) | Diurno,Terapia Ocupacional (Bacharelado) | EP_R1_PPI,Terapia Ocupacional (Bacharelado) | Ceilândia | Diurno,Terapia Ocupacional (Bacharelado) | EP_R1_PPI | Ceilândia,Terapia Ocupacional (Bacharelado) | EP_R1_PPI | Diurno
2020-2022,2022,Ceilândia,Terapia Ocupacional (Bacharelado),Diurno,EP_R1_NPPI,EP_R1_NPPI,True,R1,NPPI,False,1.5,-38.795,-38.795,2020-2022,2020,2022,3,Terapia Ocupacional (Bacharelado) | Ceilândia,Terapia Ocupacional (Bacharelado) | Diurno,Terapia Ocupacional (Bacharelado) | EP_R1_NPPI,Terapia Ocupacional (Bacharelado) | Ceilândia | Diurno,Terapia Ocupacional (Bacharelado) | EP_R1_NPPI | Ceilândia,Terapia Ocupacional (Bacharelado) | EP_R1_NPPI | Diurno
2020-2022,2022,Ceilândia,Terapia Ocupacional (Bacharelado),Diurno,EP_R2_NPPI,EP_R2_NPPI,True,R2,NPPI,False,1.5,-59.047,-19.929,2020-2022,2020,2022,3,Terapia Ocupacional (Bacharelado) | Ceilândia,Terapia Ocupacional (Bacharelado) | Diurno,Terapia Ocupacional (Bacharelado) | EP_R2_NPPI,Terapia Ocupacional (Bacharelado) | Ceilândia | Diurno,Terapia Ocupacional (Bacharelado) | EP_R2_NPPI | Ceilândia,Terapia Ocupacional (Bacharelado) | EP_R2_NPPI | Diurno
2020-2022,2022,Ceilândia,Terapia Ocupacional (Bacharelado),Diurno,CN,CN,False,,NEGROS,False,,-31.006,-31.006,2020-2022,2020,2022,3,Terapia Ocupacional (Bacharelado) | Ceilândia,Terapia Ocupacional (Bacharelado) | Diurno,Terapia Ocupacional (Bacharelado) | CN,Terapia Ocupacional (Bacharelado) | Ceilândia | Diurno,Terapia Ocupacional (Bacharelado) | CN | Ceilândia,Terapia Ocupacional (Bacharelado) | CN | Diurno
2020-2022,2022,Ceilândia,Terapia Ocupacional (Bacharelado),Diurno,AC,AC,False,,,False,,-28.652,51.395,2020-2022,2020,2022,3,Terapia Ocupacional (Bacharelado) | Ceilândia,Terapia Ocupacional (Bacharelado) | Diurno,Terapia Ocupacional (Bacharelado) | AC,Terapia Ocupacional (Bacharelado) | Ceilândia | Diurno,Terapia Ocupacional (Bacharelado) | AC | Ceilândia,Terapia Ocupacional (Bacharelado) | AC | Diurno
2020-2022,2022,Darcy Ribeiro,Administração (Bacharelado),Diurno,EP_R1_PPI,EP_R1_PPI,True,R1,PPI,False,1.5,-46.661,16.258,2020-2022,2020,2022,3,Administração (Bacharelado) | Darcy Ribeiro,Administração (Bacharelado) | Diurno,Administração (Bacharelado) | EP_R1_PPI,Administração (Bacharelado) | Darcy Ribeiro | Diurno,Administração (Bacharelado) | EP_R1_PPI | Darcy Ribeiro,Administração (Bacharelado) | EP_R1_PPI | Diurno
2020-2022,2022,Darcy Ribeiro,Administração (Bacharelado),Diurno,EP_R1_NPPI,EP_R1_NPPI,True,R1,NPPI,False,1.5,-41.769,16.153,2020-2022,2020,2022,3,Administração (Bacharelado) | Darcy Ribeiro,Administração (Bacharelado) | Diurno,Administração (Bacharelado) | EP_R1_NPPI,Administração (Bacharelado) | Darcy Ribeiro | Diurno,Administração (Bacharelado) | EP_R1_NPPI | Darcy Ribeiro,Administração (Bacharelado) | EP_R1_NPPI | Diurno
2020-2022,2022,Darcy Ribeiro,Administração (Bacharelado),Diurno,EP_R2_PPI,EP_R2_PPI,True,R2,PPI,False,1.5,-14.213,17.044,2020-2022,2020,2022,3,Administração (Bacharelado) | Darcy Ribeiro,Administração (Bacharelado) | Diurno,Administração (Bacharelado) | EP_R2_PPI,Administração (Bacharelado) | Darcy Ribeiro | Diurno,Administração (Bacharelado) | EP_R2_PPI | Darcy Ribeiro,Administração (Bacharelado) | EP_R2_PPI | Diurno
2020-2022,2022,Darcy Ribeiro,Administração (Bacharelado),Diurno,EP_R2_NPPI,EP_R2_NPPI,True,R2,NPPI,False,1.5,0.373,53.503,2020-2022,2020,2022,3,Administração (Bacharelado) | Darcy Ribeiro,Administração (Bacharelado) | Diurno,Administração (Bacharelado) | EP_R2_NPPI,Administração (Bacharelado) | Darcy Ribeiro | Diurno,Administração (Bacharelado) | EP_R2_NPPI | Darcy Ribeiro,Administração (Bacharelado) | EP_R2_NPPI | Diurno
2020-2022,2022,Darcy Ribeiro,Administração (Bacharelado),Diurno,CN,CN,False,,NEGROS,False,,-49.856,-49.856,2020-2022,2020,2022,3,Administração (Bacharelado) | Darcy Ribeiro,Administração (Bacharelado) | Diurno,Administração (Bacharelado) | CN,Administração (Bacharelado) | Darcy Ribeiro | Diurno,Administração (Bacharelado) | CN | Darcy Ribeiro,Administração (Bacharelado) | CN | Diurno
2020-2022,2022,Darcy Ribeiro,Administração (Bacharelado),Diurno,AC,AC,False,,,False,,45.565,98.219,2020-2022,2020,2022,3,Administração (Bacharelado) | Darcy Ribeiro,Administração (Bacharelado) | Diurno,Administração (Bacharelado) | AC,Administração (Bacharelado) | Darcy Ribeiro | Diurno,Administração (Bacharelado) | AC | Darcy Ribeiro,Administração (Bacharelado) | AC | Diurno
2020-2022,2022,Darcy Ribeiro,Administração (Bacharelado),Noturno,EP_R1_PPI,EP_R1_PPI,True,R1,PPI,False,1.5,-46.477,-16.586,2020-2022,2020,2022,3,Administração (Bacharelado) | Darcy Ribeiro,Administração (Bacharelado) | Noturno,Administração (Bacharelado) | EP_R1_PPI,Administração (Bacharelado) | Darcy Ribeiro | Noturno,Administração (Bacharelado) | EP_R1_PPI | Darcy Ribeiro,Administração (Bacharelado) | EP_R1_PPI | Noturno
2020-2022,2022,Darcy Ribeiro,Administração (Bacharelado),Noturno,EP_R1_NPPI,EP_R1_NPPI,True,R1,NPPI,False,1.5,-34.78,-34.78,2020-2022,2020,2022,3,Administração (Bacharelado) | Darcy Ribeiro,Administração (Bacharelado) | Noturno,Administração (Bacharelado) | EP_R1_NPPI,Administração (Bacharelado) | Darcy Ribeiro | Noturno,Administração (Bacharelado) | EP_R1_NPPI | Darcy Ribeiro,Administração (Bacharelado) | EP_R1_NPPI | Noturno
2020-2022,2022,Darcy Ribeiro,Administração (Bacharelado),Noturno,EP_R2_PPI,EP_R2_PPI,True,R2,PPI,False,1.5,-84.174,-84.174,2020-2022,2020,2022,3,Administração (Bacharelado) | Darcy Ribeiro,Administração (Bacharelado) | Noturno,Administração (Bacharelado) | EP_R2_PPI,Administração (Bacharelado) | Darcy Ribeiro | Noturno,Administração (Bacharelado) | EP_R2_PPI | Darcy Ribeiro,Administração (Bacharelado) | EP_R2_PPI | Noturno
2020-2022,2022,Darcy Ribeiro,Administração (Bacharelado),Noturno,EP_R2_NPPI,EP_R2_NPPI,True,R2,NPPI,False,1.5,-12.505,3.601,2020-2022,2020,2022,3,Administração (Bacharelado) | Darcy Ribeiro,Administração (Bacharelado) | Noturno,Administração (Bacharelado) | EP_R2_NPPI,Administração (Bacharelado) | Darcy Ribeiro | Noturno,Administração (Bacharelado) | EP_R2_NPPI | Darcy Ribeiro,Administração (Bacharelado) | EP_R2_NPPI | Noturno
2020-2022,2022,Darcy Ribeiro,Administração (Bacharelado),Noturno,CN,CN,False,,NEGROS,False,,-48.922,19.031,2020-2022,2020,2022,3,Administração (Bacharelado) | Darcy Ribeiro,Administração (Bacharelado) | Noturno,Administração (Bacharelado) | CN,Administração (Bacharelado) | Darcy Ribeiro | Noturno,Administração (Bacharelado) | CN | Darcy Ribeiro,Administração (Bacharelado) | CN | Noturno
2020-2022,2022,Darcy Ribeiro,Administração (Bacharelado),Noturno,AC,AC,False,,,False,,-15.266,50.144,2020-2022,2020,2022,3,Administração (Bacharelado) | Darcy Ribeiro,Administração (Bacharelado) | Noturno,Administração (Bacharelado) | AC,Administração (Bacharelado) | Darcy Ribeiro | Noturno,Administração (Bacharelado) | AC | Darcy Ribeiro,Administração (Bacharelado) | AC | Noturno
2020-2022,2022,Darcy Ribeiro,Agronomia (Bacharelado),Diurno,EP_R1_PPI,EP_R1_PPI,True,R1,PPI,False,1.5,-82.722,-82.722,2020-2022,2020,2022,3,Agronomia (Bacharelado) | Darcy Ribeiro,Agronomia (Bacharelado) | Diurno,Agronomia (Bacharelado) | EP_R1_PPI,Agronomia (Bacharelado) | Darcy Ribeiro | Diurno,Agronomia (Bacharelado) | EP_R1_PPI | Darcy Ribeiro,Agronomia (Bacharelado) | EP_R1_PPI | Diurno
2020-2022,2022,Darcy Ribeiro,Agronomia (Bacharelado),Diurno,EP_R2_PPI,EP_R2_PPI,True,R2,PPI,False,1.5,-81.527,-28.783,2020-2022,2020,2022,3,Agronomia (Bacharelado) | Darcy Ribeiro,Agronomia (Bacharelado) | Diurno,Agronomia (Bacharelado) | EP_R2_PPI,Agronomia (Bacharelado) | Darcy Ribeiro | Diurno,Agronomia (Bacharelado) | EP_R2_PPI | Darcy Ribeiro,Agronomia (Bacharelado) | EP_R2_PPI | Diurno
2020-2022,2022,Darcy Ribeiro,Agronomia (Bacharelado),Diurno,EP_R2_NPPI,EP_R2_NPPI,True,R2,NPPI,False,1.5,-94.126,25.397,2020-2022,2020,2022,3,Agronomia (Bacharelado) | Darcy Ribeiro,Agronomia (Bacharelado) | Diurno,Agronomia (Bacharelado) | EP_R2_NPPI,Agronomia (Bacharelado) | Darcy Ribeiro | Diurno,Agronomia (Bacharelado) | EP_R2_NPPI | Darcy Ribeiro,Agronomia (Bacharelado) | EP_R2_NPPI | Diurno
2020-2022,2022,Darcy Ribeiro,Agronomia (Bacharelado),Diurno,CN,CN,False,,NEGROS,False,,-74.847,-66.324,2020-2022,2020,2022,3,Agronomia (Bacharelado) | Darcy Ribeiro,Agronomia (Bacharelado) | Diurno,Agronomia (Bacharelado) | CN,Agronomia (Bacharelado) | Darcy Ribeiro | Diurno,Agronomia (Bacharelado) | CN | Darcy Ribeiro,Agronomia (Bacharelado) | CN | Diurno
2020-2022,2022,Darcy Ribeiro,Agronomia (Bacharelado),Diurno,AC,AC,False,,,False,,-6.614,104.416,2020-2022,2020,2022,3,Agronomia (Bacharelado) | Darcy Ribeiro,Agronomia (Bacharelado) | Diurno,Agronomia (Bacharelado) | AC,Agronomia (Bacharelado) | Darcy Ribeiro | Diurno,Agronomia (Bacharelado) | AC | Darcy Ribeiro,Agronomia (Bacharelado) | AC | Diurno
2020-2022,2022,Darcy Ribeiro,Arquitetura e Urbanismo (Bacharelado),Diurno,EP_R1_PPI,EP_R1_PPI,True,R1,PPI,False,1.5,-16.413,47.826,2020-2022,2020,2022,3,Arquitetura e Urbanismo (Bacharelado) | Darcy Ribeiro,Arquitetura e Urbanismo (Bacharelado) | Diurno,Arquitetura e Urbanismo (Bacharelado) | EP_R1_PPI,Arquitetura e Urbanismo (Bacharelado) | Darcy Ribeiro | Diurno,Arquitetura e Urbanismo (Bacharelado) | EP_R1_PPI | Darcy Ribeiro,Arquitetura e Urbanismo (Bacharelado) | EP_R1_PPI | Diurno
2020-2022,2022,Darcy Ribeiro,Arquitetura e Urbanismo (Bacharelado),Diurno,EP_R1_NPPI,EP_R1_NPPI,True,R1,NPPI,False,1.5,36.319,57.664,2020-2022,2020,2022,3,Arquitetura e Urbanismo (Bacharelado) | Darcy Ribeiro,Arquitetura e Urbanismo (Bacharelado) | Diurno,Arquitetura e Urbanismo (Bacharelado) | EP_R1_NPPI,Arquitetura e Urbanismo (Bacharelado) | Darcy Ribeiro | Diurno,Arquitetura e Urbanismo (Bacharelado) | EP_R1_NPPI | Darcy Ribeiro,Arquitetura e Urbanismo (Bacharelado) | EP_R1_NPPI | Diurno
2020-2022,2022,Darcy Ribeiro,Arquitetura e Urbanismo (Bacharelado),Diurno,EP_R2_PPI,EP_R2_PPI,True,R2,PPI,False,1.5,14.502,52.696,2020-2022,2020,2022,3,Arquitetura e Urbanismo (Bacharelado) | Darcy Ribeiro,Arquitetura e Urbanismo (Bacharelado) | Diurno,Arquitetura e Urbanismo (Bacharelado) | EP_R2_PPI,Arquitetura e Urbanismo (Bacharelado) | Darcy Ribeiro | Diurno,Arquitetura e Urbanismo (Bacharelado) | EP_R2_PPI | Darcy Ribeiro,Arquitetura e Urbanismo (Bacharelado) | EP_R2_PPI | Diurno
2020-2022,2022,Darcy Ribeiro,Arquitetura e Urbanismo (Bacharelado),Diurno,EP_R2_NPPI,EP_R2_NPPI,True,R2,NPPI,False,1.5,74.542,108.759,2020-2022,2020,2022,3,Arquitetura e Urbanismo (Bacharelado) | Darcy Ribeiro,Arquitetura e Urbanismo (Bacharelado) | Diurno,Arquitetura e Urbanismo (Bacharelado) | EP_R2_NPPI,Arquitetura e Urbanismo (Bacharelado) | Darcy Ribeiro | Diurno,Arquitetura e Urbanismo (Bacharelado) | EP_R2_NPPI | Darcy Ribeiro,Arquitetura e Urbanismo (Bacharelado) | EP_R2_NPPI | Diurno
2020-2022,2022,Darcy Ribeiro,Arquitetura e Urbanismo (Bacharelado),Diurno,CN,CN,False,,NEGROS,False,,27.497,27.497,2020-2022,2020,2022,3,Arquitetura e Urbanismo (Bacharelado) | Darcy Ribeiro,Arquitetura e Urbanismo (Bacharelado) | Diurno,Arquitetura e Urbanismo (Bacharelado) | CN,Arquitetura e Urbanismo (Bacharelado) | Darcy Ribeiro | Diurno,Arquitetura e Urbanismo (Bacharelado) | CN | Darcy Ribeiro,Arquitetura e Urbanismo (Bacharelado) | CN | Diurno
2020-2022,2022,Darcy Ribeiro,Arquitetura e Urbanismo (Bacharelado),Diurno,AC,AC,False,,,False,,84.147,121.99,2020-2022,2020,2022,3,Arquitetura e Urbanismo (Bacharelado) | Darcy Ribeiro,Arquitetura e Urbanismo (Bacharelado) | Diurno,Arquitetura e Urbanismo (Bacharelado) | AC,Arquitetura e Urbanismo (Bacharelado) | Darcy Ribeiro | Diurno,Arquitetura e Urbanismo (Bacharelado) | AC | Darcy Ribeiro,Arquitetura e Urbanismo (Bacharelado) | AC | Diurno
2020-2022,2022,Darcy Ribeiro,Arquitetura e Urbanismo (Bacharelado),Noturno,EP_R1_PPI,EP_R1_PPI,True,R1,PPI,False,1.5,-6.545,-6.545,2020-2022,2020,2022,3,Arquitetura e Urbanismo (Bacharelado) | Darcy Ribeiro,Arquitetura e Urbanismo (Bacharelado) | Noturno,Arquitetura e Urbanismo (Bacharelado) | EP_R1_PPI,Arquitetura e Urbanismo (Bacharelado) | Darcy Ribeiro | Noturno,Arquitetura e Urbanismo (Bacharelado) | EP_R1_PPI | Darcy Ribeiro,Arquitetura e Urbanismo (Bacharelado) | EP_R1_PPI | Noturno
2020-2022,2022,Darcy Ribeiro,Arquitetura e Urbanismo (Bacharelado),Noturno,EP_R1_NPPI,EP_R1_NPPI,True,R1,NPPI,False,1.5,-19.787,-19.787,2020-2022,2020,2022,3,Arquitetura e Urbanismo (Bacharelado) | Darcy Ribeiro,Arquitetura e Urbanismo (Bacharelado) | Noturno,Arquitetura e Urbanismo (Bacharelado) | EP_R1_NPPI,Arquitetura e Urbanismo (Bacharelado) | Darcy Ribeiro | Noturno,Arquitetura e Urbanismo (Bacharelado) | EP_R1_NPPI | Darcy Ribeiro,Arquitetura e Urbanismo (Bacharelado) | EP_R1_NPPI | Noturno
2020-2022,2022,Darcy Ribeiro,Arquitetura e Urbanismo (Bacharelado),Noturno,EP_R2_PPI,EP_R2_PPI,True,R2,PPI,False,1.5,-81.638,-5.822,2020-2022,2020,2022,3,Arquitetura e Urbanismo (Bacharelado) | Darcy Ribeiro,Arquitetura e Urbanismo (Bacharelado) | Noturno,Arquitetura e Urbanismo (Bacharelado) | EP_R2_PPI,Arquitetura e Urbanismo (Bacharelado) | Darcy Ribeiro | Noturno,Arquitetura e Urbanismo (Bacharelado) | EP_R2_PPI | Darcy Ribeiro,Arquitetura e Urbanismo (Bacharelado) | EP_R2_PPI | Noturno
2020-2022,2022,Darcy Ribeiro,Arquitetura e Urbanismo (Bacharelado),Noturno,EP_R2_NPPI,EP_R2_NPPI,True,R2,NPPI,False,1.5,-29.219,-7.5,2020-2022,2020,2022,3,Arquitetura e Urbanismo (Bacharelado) | Darcy Ribeiro,Arquitetura e Urbanismo (Bacharelado) | Noturno,Arquitetura e Urbanismo (Bacharelado) | EP_R2_NPPI,Arquitetura e Urbanismo (Bacharelado) | Darcy Ribeiro | Noturno,Arquitetura e Urbanismo (Bacharelado) | EP_R2_NPPI | Darcy Ribeiro,Arquitetura e Urbanismo (Bacharelado) | EP_R2_NPPI | Noturno
2020-2022,2022,Darcy Ribeiro,Arquitetura e Urbanismo (Bacharelado),Noturno,CN,CN,False,,NEGROS,False,,-56.427,-56.427,2020-2022,2020,2022,3,Arquitetura e Urbanismo (Bacharelado) | Darcy Ribeiro,Arquitetura e Urbanismo (Bacharelado) | Noturno,Arquitetura e Urbanismo (Bacharelado) | CN,Arquitetura e Urbanismo (Bacharelado) | Darcy Ribeiro | Noturno,Arquitetura e Urbanismo (Bacharelado) | CN | Darcy Ribeiro,Arquitetura e Urbanismo (Bacharelado) | CN | Noturno
2020-2022,2022,Darcy Ribeiro,Arquitetura e Urbanismo (Bacharelado),Noturno,AC,AC,False,,,False,,53.202,67.911,2020-2022,2020,2022,3,Arquitetura e Urbanismo (Bacharelado) | Darcy Ribeiro,Arquitetura e Urbanismo (Bacharelado) | Noturno,Arquitetura e Urbanismo (Bacharelado) | AC,Arquitetura e Urbanismo (Bacharelado) | Darcy Ribeiro | Noturno,Arquitetura e Urbanismo (Bacharelado) | AC | Darcy Ribeiro,Arquitetura e Urbanismo (Bacharelado) | AC | Noturno
2020-2022,2022,Darcy Ribeiro,Arquivologia (Bacharelado),Noturno,EP_R1_NPPI,EP_R1_NPPI,True,R1,NPPI,False,1.5,-47.977,-47.977,2020-2022,2020,2022,3,Arquivologia (Bacharelado) | Darcy Ribeiro,Arquivologia (Bacharelado) | Noturno,Arquivologia (Bacharelado) | EP_R1_NPPI,Arquivologia (Bacharelado) | Darcy Ribeiro | Noturno,Arquivologia (Bacharelado) | EP_R1_NPPI | Darcy Ribeiro,Arquivologia (Bacharelado) | EP_R1_NPPI | Noturno
2020-2022,2022,Darcy Ribeiro,Arquivologia (Bacharelado),Noturno,EP_R2_PPI,EP_R2_PPI,True,R2,PPI,False,1.5,-66.41,-66.41,2020-2022,2020,2022,3,Arquivologia (Bacharelado) | Darcy Ribeiro,Arquivologia (Bacharelado) | Noturno,Arquivologia (Bacharelado) | EP_R2_PPI,Arquivologia (Bacharelado) | Darcy Ribeiro | Noturno,Arquivologia (Bacharelado) | EP_R2_PPI | Darcy Ribeiro,Arquivologia (Bacharelado) | EP_R2_PPI | Noturno
2020-2022,2022,Darcy Ribeiro,Arquivologia (Bacharelado),Noturno,CN,CN,False,,NEGROS,False,,10.221,10.221,2020-2022,2020,2022,3,Arquivologia (Bacharelado) | Darcy Ribeiro,Arquivologia (Bacharelado) | Noturno,Arquivologia (Bacharelado) | CN,Arquivologia (Bacharelado) | Darcy Ribeiro | Noturno,Arquivologia (Bacharelado) | CN | Darcy Ribeiro,Arquivologia (Bacharelado) | CN | Noturno
2020-2022,2022,Darcy Ribeiro,Arquivologia (Bacharelado),Noturno,AC,AC,False,,,False,,-82.039,32.901,2020-2022,2020,2022,3,Arquivologia (Bacharelado) | Darcy Ribeiro,Arquivologia (Bacharelado) | Noturno,Arquivologia (Bacharelado) | AC,Arquivologia (Bacharelado) | Darcy Ribeiro | Noturno,Arquivologia (Bacharelado) | AC | Darcy Ribeiro,Arquivologia (Bacharelado) | AC | Noturno
2020-2022,2022,Darcy Ribeiro,Artes Cênicas (Bacharelado),Diurno,AC,AC,False,,,False,,-35.525,88.886,2020-2022,2020,2022,3,Artes Cênicas (Bacharelado) | Darcy Ribeiro,Artes Cênicas (Bacharelado) | Diurno,Artes Cênicas (Bacharelado) | AC,Artes Cênicas (Bacharelado) | Darcy Ribeiro | Diurno,Artes Cênicas (Bacharelado) | AC | Darcy Ribeiro,Artes Cênicas (Bacharelado) | AC | Diurno
2020-2022,2022,Darcy Ribeiro,Artes Cênicas (Literatura),Diurno,EP_R1_NPPI,EP_R1_NPPI,True,R1,NPPI,False,1.5,14.969,14.969,2020-2022,2020,2022,3,Artes Cênicas (Literatura) | Darcy Ribeiro,Artes Cênicas (Literatura) | Diurno,Artes Cênicas (Literatura) | EP_R1_NPPI,Artes Cênicas (Literatura) | Darcy Ribeiro | Diurno,Artes Cênicas (Literatura) | EP_R1_NPPI | Darcy Ribeiro,Artes Cênicas (Literatura) | EP_R1_NPPI | Diurno
2020-2022,2022,Darcy Ribeiro,Artes Cênicas (Literatura),Diurno,EP_R2_NPPI,EP_R2_NPPI,True,R2,NPPI,False,1.5,-21.566,-21.566,2020-2022,2020,2022,3,Artes Cênicas (Literatura) | Darcy Ribeiro,Artes Cênicas (Literatura) | Diurno,Artes Cênicas (Literatura) | EP_R2_NPPI,Artes Cênicas (Literatura) | Darcy Ribeiro | Diurno,Artes Cênicas (Literatura) | EP_R2_NPPI | Darcy Ribeiro,Artes Cênicas (Literatura) | EP_R2_NPPI | Diurno
2020-2022,2022,Darcy Ribeiro,Artes Cênicas (Literatura),Diurno,AC,AC,False,,,False,,-49.27,96.437,2020-2022,2020,2022,3,Artes Cênicas (Literatura) | Darcy Ribeiro,Artes Cênicas (Literatura) | Diurno,Artes Cênicas (Literatura) | AC,Artes Cênicas (Literatura) | Darcy Ribeiro | Diurno,Artes Cênicas (Literatura) | AC | Darcy Ribeiro,Artes Cênicas (Literatura) | AC | Diurno
2020-2022,2022,Darcy Ribeiro,Artes Visuais (Bacharelado),Diurno,EP_R2_NPPI,EP_R2_NPPI,True,R2,NPPI,False,1.5,21.489,21.489,2020-2022,2020,2022,3,Artes Visuais (Bacharelado) | Darcy Ribeiro,Artes Visuais (Bacharelado) | Diurno,Artes Visuais (Bacharelado) | EP_R2_NPPI,Artes Visuais (Bacharelado) | Darcy Ribeiro | Diurno,Artes Visuais (Bacharelado) | EP_R2_NPPI | Darcy Ribeiro,Artes Visuais (Bacharelado) | EP_R2_NPPI | Diurno
2020-2022,2022,Darcy Ribeiro,Artes Visuais (Bacharelado),Diurno,AC,AC,False,,,False,,29.41,58.914,2020-2022,2020,2022,3,Artes Visuais (Bacharelado) | Darcy Ribeiro,Artes Visuais (Bacharelado) | Diurno,Artes Visuais (Bacharelado) | AC,Artes Visuais (Bacharelado) | Darcy Ribeiro | Diurno,Artes Visuais (Bacharelado) | AC | Darcy Ribeiro,Artes Visuais (Bacharelado) | AC | Diurno
2020-2022,2022,Darcy Ribeiro,Artes Visuais (Licenciatura),Diurno,EP_R2_PPI,EP_R2_PPI,True,R2,PPI,False,1.5,-22.141,-22.141,2020-2022,2020,2022,3,Artes Visuais (Licenciatura) | Darcy Ribeiro,Artes Visuais (Licenciatura) | Diurno,Artes Visuais (Licenciatura) | EP_R2_PPI,Artes Visuais (Licenciatura) | Darcy Ribeiro | Diurno,Artes Visuais (Licenciatura) | EP_R2_PPI | Darcy Ribeiro,Artes Visuais (Licenciatura) | EP_R2_PPI | Diurno
2020-2022,2022,Darcy Ribeiro,Artes Visuais (Licenciatura),Diurno,EP_R2_NPPI,EP_R2_NPPI,True,R2,NPPI,False,1.5,-21.695,34.369,2020-2022,2020,2022,3,Artes Visuais (Licenciatura) | Darcy Ribeiro,Artes Visuais (Licenciatura) | Diurno,Artes Visuais (Licenciatura) | EP_R2_NPPI,Artes Visuais (Licenciatura) | Darcy Ribeiro | Diurno,Artes Visuais (Licenciatura) | EP_R2_NPPI | Darcy Ribeiro,Artes Visuais (Licenciatura) | EP_R2_NPPI | Diurno
2020-2022,2022,Darcy Ribeiro,Artes Visuais (Licenciatura),Diurno,AC,AC,False,,,False,,-90.01,54.376,2020-2022,2020,2022,3,Artes Visuais (Licenciatura) | Darcy Ribeiro,Artes Visuais (Licenciatura) | Diurno,Artes Visuais (Licenciatura) | AC,Artes Visuais (Licenciatura) | Darcy Ribeiro | Diurno,Artes Visuais (Licenciatura) | AC | Darcy Ribeiro,Artes Visuais (Licenciatura) | AC | Diurno
2020-2022,2022,Darcy Ribeiro,Biblioteconomia (Bacharelado),Diurno,EP_R1_PPI,EP_R1_PPI,True,R1,PPI,False,1.5,-59.315,-59.315,2020-2022,2020,2022,3,Biblioteconomia (Bacharelado) | Darcy Ribeiro,Biblioteconomia (Bacharelado) | Diurno,Biblioteconomia (Bacharelado) | EP_R1_PPI,Biblioteconomia (Bacharelado) | Darcy Ribeiro | Diurno,Biblioteconomia (Bacharelado) | EP_R1_PPI | Darcy Ribeiro,Biblioteconomia (Bacharelado) | EP_R1_PPI | Diurno
2020-2022,2022,Darcy Ribeiro,Biblioteconomia (Bacharelado),Diurno,EP_R1_NPPI,EP_R1_NPPI,True,R1,NPPI,False,1.5,-72.447,-34.556,2020-2022,2020,2022,3,Biblioteconomia (Bacharelado) | Darcy Ribeiro,Biblioteconomia (Bacharelado) | Diurno,Biblioteconomia (Bacharelado) | EP_R1_NPPI,Biblioteconomia (Bacharelado) | Darcy Ribeiro | Diurno,Biblioteconomia (Bacharelado) | EP_R1_NPPI | Darcy Ribeiro,Biblioteconomia (Bacharelado) | EP_R1_NPPI | Diurno
2020-2022,2022,Darcy Ribeiro,Biblioteconomia (Bacharelado),Diurno,EP_R2_PPI,EP_R2_PPI,True,R2,PPI,False,1.5,-45.036,-45.036,2020-2022,2020,2022,3,Biblioteconomia (Bacharelado) | Darcy Ribeiro,Biblioteconomia (Bacharelado) | Diurno,Biblioteconomia (Bacharelado) | EP_R2_PPI,Biblioteconomia (Bacharelado) | Darcy Ribeiro | Diurno,Biblioteconomia (Bacharelado) | EP_R2_PPI | Darcy Ribeiro,Biblioteconomia (Bacharelado) | EP_R2_PPI | Diurno
2020-2022,2022,Darcy Ribeiro,Biblioteconomia (Bacharelado),Diurno,EP_R2_NPPI,EP_R2_NPPI,True,R2,NPPI,False,1.5,-57.03,46.357,2020-2022,2020,2022,3,Biblioteconomia (Bacharelado) | Darcy Ribeiro,Biblioteconomia (Bacharelado) | Diurno,Biblioteconomia (Bacharelado) | EP_R2_NPPI,Biblioteconomia (Bacharelado) | Darcy Ribeiro | Diurno,Biblioteconomia (Bacharelado) | EP_R2_NPPI | Darcy Ribeiro,Biblioteconomia (Bacharelado) | EP_R2_NPPI | Diurno
2020-2022,2022,Darcy Ribeiro,Biblioteconomia (Bacharelado),Diurno,CN,CN,False,,NEGROS,False,,-17.598,-17.598,2020-2022,2020,2022,3,Biblioteconomia (Bacharelado) | Darcy Ribeiro,Biblioteconomia (Bacharelado) | Diurno,Biblioteconomia (Bacharelado) | CN,Biblioteconomia (Bacharelado) | Darcy Ribeiro | Diurno,Biblioteconomia (Bacharelado) | CN | Darcy Ribeiro,Biblioteconomia (Bacharelado) | CN | Diurno
2020-2022,2022,Darcy Ribeiro,Biblioteconomia (Bacharelado),Diurno,AC,AC,False,,,False,,-69.572,28.392,2020-2022,2020,2022,3,Biblioteconomia (Bacharelado) | Darcy Ribeiro,Biblioteconomia (Bacharelado) | Diurno,Biblioteconomia (Bacharelado) | AC,Biblioteconomia (Bacharelado) | Darcy Ribeiro | Diurno,Biblioteconomia (Bacharelado) | AC | Darcy Ribeiro,Biblioteconomia (Bacharelado) | AC | Diurno
2020-2022,2022,Darcy Ribeiro,Biologia (Bacharelado),Diurno,EP_R1_PPI,EP_R1_PPI,True,R1,PPI,False,1.5,-2.765,89.849,2020-2022,2020,2022,3,Biologia (Bacharelado) | Darcy Ribeiro,Biologia (Bacharelado) | Diurno,Biologia (Bacharelado) | EP_R1_PPI,Biologia (Bacharelado) | Darcy Ribeiro | Diurno,Biologia (Bacharelado) | EP_R1_PPI | Darcy Ribeiro,Biologia (Bacharelado) | EP_R1_PPI | Diurno
2020-2022,2022,Darcy Ribeiro,Biologia (Bacharelado),Diurno,EP_R1_NPPI,EP_R1_NPPI,True,R1,NPPI,False,1.5,72.752,72.752,2020-2022,2020,2022,3,Biologia (Bacharelado) | Darcy Ribeiro,Biologia (Bacharelado) | Diurno,Biologia (Bacharelado) | EP_R1_NPPI,Biologia (Bacharelado) | Darcy Ribeiro | Diurno,Biologia (Bacharelado) | EP_R1_NPPI | Darcy Ribeiro,Biologia (Bacharelado) | EP_R1_NPPI | Diurno
2020-2022,2022,Darcy Ribeiro,Biologia (Bacharelado),Diurno,EP_R1_NPPI_PCD,EP_R1_NPPI_PCD,True,R1,NPPI,True,1.5,6.759,6.759,2020-2022,2020,2022,3,Biologia (Bacharelado) | Darcy Ribeiro,Biologia (Bacharelado) | Diurno,Biologia (Bacharelado) | EP_R1_NPPI_PCD,Biologia (Bacharelado) | Darcy Ribeiro | Diurno,Biologia (Bacharelado) | EP_R1_NPPI_PCD | Darcy Ribeiro,Biologia (Bacharelado) | EP_R1_NPPI_PCD | Diurno
2020-2022,2022,Darcy Ribeiro,Biologia (Bacharelado),Diurno,EP_R2_PPI,EP_R2_PPI,True,R2,PPI,False,1.5,20.011,28.207,2020-2022,2020,2022,3,Biologia (Bacharelado) | Darcy Ribeiro,Biologia (Bacharelado) | Diurno,Biologia (Bacharelado) | EP_R2_PPI,Biologia (Bacharelado) | Darcy Ribeiro | Diurno,Biologia (Bacharelado) | EP_R2_PPI | Darcy Ribeiro,Biologia (Bacharelado) | EP_R2_PPI | Diurno
2020-2022,2022,Darcy Ribeiro,Biologia (Bacharelado),Diurno,EP_R2_NPPI,EP_R2_NPPI,True,R2,NPPI,False,1.5,25.539,29.452,2020-2022,2020,2022,3,Biologia (Bacharelado) | Darcy Ribeiro,Biologia (Bacharelado) | Diurno,Biologia (Bacharelado) | EP_R2_NPPI,Biologia (Bacharelado) | Darcy Ribeiro | Diurno,Biologia (Bacharelado) | EP_R2_NPPI | Darcy Ribeiro,Biologia (Bacharelado) | EP_R2_NPPI | Diurno
2020-2022,2022,Darcy Ribeiro,Biologia (Bacharelado),Diurno,CN,CN,False,,NEGROS,False,,23.621,23.621,2020-2022,2020,2022,3,Biologia (Bacharelado) | Darcy Ribeiro,Biologia (Bacharelado) | Diurno,Biologia (Bacharelado) | CN,Biologia (Bacharelado) | Darcy Ribeiro | Diurno,Biologia (Bacharelado) | CN | Darcy Ribeiro,Biologia (Bacharelado) | CN | Diurno
2020-2022,2022,Darcy Ribeiro,Biologia (Bacharelado),Diurno,AC,AC,False,,,False,,70.253,174.618,2020-2022,2020,2022,3,Biologia (Bacharelado) | Darcy Ribeiro,Biologia (Bacharelado) | Diurno,Biologia (Bacharelado) | AC,Biologia (Bacharelado) | Darcy Ribeiro | Diurno,Biologia (Bacharelado) | AC | Darcy Ribeiro,Biologia (Bacharelado) | AC | Diurno
2020-2022,2022,Darcy Ribeiro,Biologia (Licenciatura),Noturno,EP_R1_NPPI,EP_R1_NPPI,True,R1,NPPI,False,1.5,-45.443,-25.456,2020-2022,2020,2022,3,Biologia (Licenciatura) | Darcy Ribeiro,Biologia (Licenciatura) | Noturno,Biologia (Licenciatura) | EP_R1_NPPI,Biologia (Licenciatura) | Darcy Ribeiro | Noturno,Biologia (Licenciatura) | EP_R1_NPPI | Darcy Ribeiro,Biologia (Licenciatura) | EP_R1_NPPI | Noturno
2020-2022,2022,Darcy Ribeiro,Biologia (Licenciatura),Noturno,EP_R2_PPI,EP_R2_PPI,True,R2,PPI,False,1.5,-43.355,11.906,2020-2022,2020,2022,3,Biologia (Licenciatura) | Darcy Ribeiro,Biologia (Licenciatura) | Noturno,Biologia (Licenciatura) | EP_R2_PPI,Biologia (Licenciatura) | Darcy Ribeiro | Noturno,Biologia (Licenciatura) | EP_R2_PPI | Darcy Ribeiro,Biologia (Licenciatura) | EP_R2_PPI | Noturno
2020-2022,2022,Darcy Ribeiro,Biologia (Licenciatura),Noturno,EP_R2_NPPI,EP_R2_NPPI,True,R2,NPPI,False,1.5,-44.203,-44.203,2020-2022,2020,2022,3,Biologia (Licenciatura) | Darcy Ribeiro,Biologia (Licenciatura) | Noturno,Biologia (Licenciatura) | EP_R2_NPPI,Biologia (Licenciatura) | Darcy Ribeiro | Noturno,Biologia (Licenciatura) | EP_R2_NPPI | Darcy Ribeiro,Biologia (Licenciatura) | EP_R2_NPPI | Noturno
2020-2022,2022,Darcy Ribeiro,Biologia (Licenciatura),Noturno,AC,AC,False,,,False,,-34.711,141.546,2020-2022,2020,2022,3,Biologia (Licenciatura) | Darcy Ribeiro,Biologia (Licenciatura) | Noturno,Biologia (Licenciatura) | AC,Biologia (Licenciatura) | Darcy Ribeiro | Noturno,Biologia (Licenciatura) | AC | Darcy Ribeiro,Biologia (Licenciatura) | AC | Noturno
2020-2022,2022,Darcy Ribeiro,Biotecnologia (Bacharelado),Diurno,EP_R1_PPI,EP_R1_PPI,True,R1,PPI,False,1.5,-25.889,42.794,2020-2022,2020,2022,3,Biotecnologia (Bacharelado) | Darcy Ribeiro,Biotecnologia (Bacharelado) | Diurno,Biotecnologia (Bacharelado) | EP_R1_PPI,Biotecnologia (Bacharelado) | Darcy Ribeiro | Diurno,Biotecnologia (Bacharelado) | EP_R1_PPI | Darcy Ribeiro,Biotecnologia (Bacharelado) | EP_R1_PPI | Diurno
2020-2022,2022,Darcy Ribeiro,Biotecnologia (Bacharelado),Diurno,EP_R1_NPPI,EP_R1_NPPI,True,R1,NPPI,False,1.5,-50.648,-50.648,2020-2022,2020,2022,3,Biotecnologia (Bacharelado) | Darcy Ribeiro,Biotecnologia (Bacharelado) | Diurno,Biotecnologia (Bacharelado) | EP_R1_NPPI,Biotecnologia (Bacharelado) | Darcy Ribeiro | Diurno,Biotecnologia (Bacharelado) | EP_R1_NPPI | Darcy Ribeiro,Biotecnologia (Bacharelado) | EP_R1_NPPI | Diurno
2020-2022,2022,Darcy Ribeiro,Biotecnologia (Bacharelado),Diurno,EP_R2_PPI,EP_R2_PPI,True,R2,PPI,False,1.5,-10.399,104.025,2020-2022,2020,2022,3,Biotecnologia (Bacharelado) | Darcy Ribeiro,Biotecnologia (Bacharelado) | Diurno,Biotecnologia (Bacharelado) | EP_R2_PPI,Biotecnologia (Bacharelado) | Darcy Ribeiro | Diurno,Biotecnologia (Bacharelado) | EP_R2_PPI | Darcy Ribeiro,Biotecnologia (Bacharelado) | EP_R2_PPI | Diurno
2020-2022,2022,Darcy Ribeiro,Biotecnologia (Bacharelado),Diurno,EP_R2_NPPI,EP_R2_NPPI,True,R2,NPPI,False,1.5,50.506,130.314,2020-2022,2020,2022,3,Biotecnologia (Bacharelado) | Darcy Ribeiro,Biotecnologia (Bacharelado) | Diurno,Biotecnologia (Bacharelado) | EP_R2_NPPI,Biotecnologia (Bacharelado) | Darcy Ribeiro | Diurno,Biotecnologia (Bacharelado) | EP_R2_NPPI | Darcy Ribeiro,Biotecnologia (Bacharelado) | EP_R2_NPPI | Diurno
2020-2022,2022,Darcy Ribeiro,Biotecnologia (Bacharelado),Diurno,CN,CN,False,,NEGROS,False,,72.345,72.345,2020-2022,2020,2022,3,Biotecnologia (Bacharelado) | Darcy Ribeiro,Biotecnologia (Bacharelado) | Diurno,Biotecnologia (Bacharelado) | CN,Biotecnologia (Bacharelado) | Darcy Ribeiro | Diurno,Biotecnologia (Bacharelado) | CN | Darcy Ribeiro,Biotecnologia (Bacharelado) | CN | Diurno
2020-2022,2022,Darcy Ribeiro,Biotecnologia (Bacharelado),Diurno,AC,AC,False,,,False,,57.009,150.391,2020-2022,2020,2022,3,Biotecnologia (Bacharelado) | Darcy Ribeiro,Biotecnologia (Bacharelado) | Diurno,Biotecnologia (Bacharelado) | AC,Biotecnologia (Bacharelado) | Darcy Ribeiro | Diurno,Biotecnologia (Bacharelado) | AC | Darcy Ribeiro,Biotecnologia (Bacharelado) | AC | Diurno
2020-2022,2022,Darcy Ribeiro,Ciência Política (Bacharelado),Diurno,EP_R1_PPI,EP_R1_PPI,True,R1,PPI,False,1.5,-30.87,-18.086,2020-2022,2020,2022,3,Ciência Política (Bacharelado) | Darcy Ribeiro,Ciência Política (Bacharelado) | Diurno,Ciência Política (Bacharelado) | EP_R1_PPI,Ciência Política (Bacharelado) | Darcy Ribeiro | Diurno,Ciência Política (Bacharelado) | EP_R1_PPI | Darcy Ribeiro,Ciência Política (Bacharelado) | EP_R1_PPI | Diurno
2020-2022,2022,Darcy Ribeiro,Ciência Política (Bacharelado),Diurno,EP_R1_NPPI,EP_R1_NPPI,True,R1,NPPI,False,1.5,-44.5,-22.087,2020-2022,2020,2022,3,Ciência Política (Bacharelado) | Darcy Ribeiro,Ciência Política (Bacharelado) | Diurno,Ciência Política (Bacharelado) | EP_R1_NPPI,Ciência Política (Bacharelado) | Darcy Ribeiro | Diurno,Ciência Política (Bacharelado) | EP_R1_NPPI | Darcy Ribeiro,Ciência Política (Bacharelado) | EP_R1_NPPI | Diurno
2020-2022,2022,Darcy Ribeiro,Ciência Política (Bacharelado),Diurno,EP_R2_PPI,EP_R2_PPI,True,R2,PPI,False,1.5,-47.386,-5.052,2020-2022,2020,2022,3,Ciência Política (Bacharelado) | Darcy Ribeiro,Ciência Política (Bacharelado) | Diurno,Ciência Política (Bacharelado) | EP_R2_PPI,Ciência Política (Bacharelado) | Darcy Ribeiro | Diurno,Ciência Política (Bacharelado) | EP_R2_PPI | Darcy Ribeiro,Ciência Política (Bacharelado) | EP_R2_PPI | Diurno
2020-2022,2022,Darcy Ribeiro,Ciência Política (Bacharelado),Diurno,EP_R2_NPPI,EP_R2_NPPI,True,R2,NPPI,False,1.5,-21.41,20.572,2020-2022,2020,2022,3,Ciência Política (Bacharelado) | Darcy Ribeiro,Ciência Política (Bacharelado) | Diurno,Ciência Política (Bacharelado) | EP_R2_NPPI,Ciência Política (Bacharelado) | Darcy Ribeiro | Diurno,Ciência Política (Bacharelado) | EP_R2_NPPI | Darcy Ribeiro,Ciência Política (Bacharelado) | EP_R2_NPPI | Diurno
2020-2022,2022,Darcy Ribeiro,Ciência Política (Bacharelado),Diurno,CN,CN,False,,NEGROS,False,,23.841,23.841,2020-2022,2020,2022,3,Ciência Política (Bacharelado) | Darcy Ribeiro,Ciência Política (Bacharelado) | Diurno,Ciência Política (Bacharelado) | CN,Ciência Política (Bacharelado) | Darcy Ribeiro | Diurno,Ciência Política (Bacharelado) | CN | Darcy Ribeiro,Ciência Política (Bacharelado) | CN | Diurno
2020-2022,2022,Darcy Ribeiro,Ciência Política (Bacharelado),Diurno,AC,AC,False,,,False,,53.088,111.048,2020-2022,2020,2022,3,Ciência Política (Bacharelado) | Darcy Ribeiro,Ciência Política (Bacharelado) | Diurno,Ciência Política (Bacharelado) | AC,Ciência Política (Bacharelado) | Darcy Ribeiro | Diurno,Ciência Política (Bacharelado) | AC | Darcy Ribeiro,Ciência Política (Bacharelado) | AC | Diurno
2020-2022,2022,Darcy Ribeiro,Ciência da Computação (Bacharelado),Diurno,EP_R1_PPI,EP_R1_PPI,True,R1,PPI,False,1.5,11.4,28.373,2020-2022,2020,2022,3,Ciência da Computação (Bacharelado) | Darcy Ribeiro,Ciência da Computação (Bacharelado) | Diurno,Ciência da Computação (Bacharelado) | EP_R1_PPI,Ciência da Computação (Bacharelado) | Darcy Ribeiro | Diurno,Ciência da Computação (Bacharelado) | EP_R1_PPI | Darcy Ribeiro,Ciência da Computação (Bacharelado) | EP_R1_PPI | Diurno
2020-2022,2022,Darcy Ribeiro,Ciência da Computação (Bacharelado),Diurno,EP_R1_NPPI,EP_R1_NPPI,True,R1,NPPI,False,1.5,19.695,86.756,2020-2022,2020,2022,3,Ciência da Computação (Bacharelado) | Darcy Ribeiro,Ciência da Computação (Bacharelado) | Diurno,Ciência da Computação (Bacharelado) | EP_R1_NPPI,Ciência da Computação (Bacharelado) | Darcy Ribeiro | Diurno,Ciência da Computação (Bacharelado) | EP_R1_NPPI | Darcy Ribeiro,Ciência da Computação (Bacharelado) | EP_R1_NPPI | Diurno
2020-2022,2022,Darcy Ribeiro,Ciência da Computação (Bacharelado),Diurno,EP_R2_PPI,EP_R2_PPI,True,R2,PPI,False,1.5,37.394,56.75,2020-2022,2020,2022,3,Ciência da Computação (Bacharelado) | Darcy Ribeiro,Ciência da Computação (Bacharelado) | Diurno,Ciência da Computação (Bacharelado) | EP_R2_PPI,Ciência da Computação (Bacharelado) | Darcy Ribeiro | Diurno,Ciência da Computação (Bacharelado) | EP_R2_PPI | Darcy Ribeiro,Ciência da Computação (Bacharelado) | EP_R2_PPI | Diurno
2020-2022,2022,Darcy Ribeiro,Ciência da Computação (Bacharelado),Diurno,EP_R2_NPPI,EP_R2_NPPI,True,R2,NPPI,False,1.5,131.855,181.985,2020-2022,2020,2022,3,Ciência da Computação (Bacharelado) | Darcy Ribeiro,Ciência da Computação (Bacharelado) | Diurno,Ciência da Computação (Bacharelado) | EP_R2_NPPI,Ciência da Computação (Bacharelado) | Darcy Ribeiro | Diurno,Ciência da Computação (Bacharelado) | EP_R2_NPPI | Darcy Ribeiro,Ciência da Computação (Bacharelado) | EP_R2_NPPI | Diurno
2020-2022,2022,Darcy Ribeiro,Ciência da Computação (Bacharelado),Diurno,CN,CN,False,,NEGROS,False,,91.881,91.881,2020-2022,2020,2022,3,Ciência da Computação (Bacharelado) | Darcy Ribeiro,Ciência da Computação (Bacharelado) | Diurno,Ciência da Computação (Bacharelado) | CN,Ciência da Computação (Bacharelado) | Darcy Ribeiro | Diurno,Ciência da Computação (Bacharelado) | CN | Darcy Ribeiro,Ciência da Computação (Bacharelado) | CN | Diurno
2020-2022,2022,Darcy Ribeiro,Ciência da Computação (Bacharelado),Diurno,AC,AC,False,,,False,,139.434,168.535,2020-2022,2020,2022,3,Ciência da Computação (Bacharelado) | Darcy Ribeiro,Ciência da Computação (Bacharelado) | Diurno,Ciência da Computação (Bacharelado) | AC,Ciência da Computação (Bacharelado) | Darcy Ribeiro | Diurno,Ciência da Computação (Bacharelado) | AC | Darcy Ribeiro,Ciência da Computação (Bacharelado) | AC | Diurno
2020-2022,2022,Darcy Ribeiro,Ciências Ambientais (Bacharelado),Noturno,EP_R2_PPI,EP_R2_PPI,True,R2,PPI,False,1.5,-27.184,-25.474,2020-2022,2020,2022,3,Ciências Ambientais (Bacharelado) | Darcy Ribeiro,Ciências Ambientais (Bacharelado) | Noturno,Ciências Ambientais (Bacharelado) | EP_R2_PPI,Ciências Ambientais (Bacharelado) | Darcy Ribeiro | Noturno,Ciências Ambientais (Bacharelado) | EP_R2_PPI | Darcy Ribeiro,Ciências Ambientais (Bacharelado) | EP_R2_PPI | Noturno
2020-2022,2022,Darcy Ribeiro,Ciências Ambientais (Bacharelado),Noturno,EP_R2_NPPI,EP_R2_NPPI,True,R2,NPPI,False,1.5,46.048,46.048,2020-2022,2020,2022,3,Ciências Ambientais (Bacharelado) | Darcy Ribeiro,Ciências Ambientais (Bacharelado) | Noturno,Ciências Ambientais (Bacharelado) | EP_R2_NPPI,Ciências Ambientais (Bacharelado) | Darcy Ribeiro | Noturno,Ciências Ambientais (Bacharelado) | EP_R2_NPPI | Darcy Ribeiro,Ciências Ambientais (Bacharelado) | EP_R2_NPPI | Noturno
2020-2022,2022,Darcy Ribeiro,Ciências Ambientais (Bacharelado),Noturno,CN,CN,False,,NEGROS,False,,-37.945,-37.945,2020-2022,2020,2022,3,Ciências Ambientais (Bacharelado) | Darcy Ribeiro,Ciências Ambientais (Bacharelado) | Noturno,Ciências Ambientais (Bacharelado) | CN,Ciências Ambientais (Bacharelado) | Darcy Ribeiro | Noturno,Ciências Ambientais (Bacharelado) | CN | Darcy Ribeiro,Ciências Ambientais (Bacharelado) | CN | Noturno
2020-2022,2022,Darcy Ribeiro,Ciências Ambientais (Bacharelado),Noturno,AC,AC,False,,,False,,-88.634,18.579,2020-2022,2020,2022,3,Ciências Ambientais (Bacharelado) | Darcy Ribeiro,Ciências Ambientais (Bacharelado) | Noturno,Ciências Ambientais (Bacharelado) | AC,Ciências Ambientais (Bacharelado) | Darcy Ribeiro | Noturno,Ciências Ambientais (Bacharelado) | AC | Darcy Ribeiro,Ciências Ambientais (Bacharelado) | AC | Noturno
2020-2022,2022,Darcy Ribeiro,Ciências Contábeis (Bacharelado),Diurno,EP_R1_PPI,EP_R1_PPI,True,R1,PPI,False,1.5,-45.199,-45.199,2020-2022,2020,2022,3,Ciências Contábeis (Bacharelado) | Darcy Ribeiro,Ciências Contábeis (Bacharelado) | Diurno,Ciências Contábeis (Bacharelado) | EP_R1_PPI,Ciências Contábeis (Bacharelado) | Darcy Ribeiro | Diurno,Ciências Contábeis (Bacharelado) | EP_R1_PPI | Darcy Ribeiro,Ciências Contábeis (Bacharelado) | EP_R1_PPI | Diurno
2020-2022,2022,Darcy Ribeiro,Ciências Contábeis (Bacharelado),Diurno,EP_R1_NPPI,EP_R1_NPPI,True,R1,NPPI,False,1.5,-35.936,29.827,2020-2022,2020,2022,3,Ciências Contábeis (Bacharelado) | Darcy Ribeiro,Ciências Contábeis (Bacharelado) | Diurno,Ciências Contábeis (Bacharelado) | EP_R1_NPPI,Ciências Contábeis (Bacharelado) | Darcy Ribeiro | Diurno,Ciências Contábeis (Bacharelado) | EP_R1_NPPI | Darcy Ribeiro,Ciências Contábeis (Bacharelado) | EP_R1_NPPI | Diurno
2020-2022,2022,Darcy Ribeiro,Ciências Contábeis (Bacharelado),Diurno,EP_R2_PPI,EP_R2_PPI,True,R2,PPI,False,1.5,-37.765,38.821,2020-2022,2020,2022,3,Ciências Contábeis (Bacharelado) | Darcy Ribeiro,Ciências Contábeis (Bacharelado) | Diurno,Ciências Contábeis (Bacharelado) | EP_R2_PPI,Ciências Contábeis (Bacharelado) | Darcy Ribeiro | Diurno,Ciências Contábeis (Bacharelado) | EP_R2_PPI | Darcy Ribeiro,Ciências Contábeis (Bacharelado) | EP_R2_PPI | Diurno
2020-2022,2022,Darcy Ribeiro,Ciências Contábeis (Bacharelado),Diurno,EP_R2_NPPI,EP_R2_NPPI,True,R2,NPPI,False,1.5,-30.058,37.264,2020-2022,2020,2022,3,Ciências Contábeis (Bacharelado) | Darcy Ribeiro,Ciências Contábeis (Bacharelado) | Diurno,Ciências Contábeis (Bacharelado) | EP_R2_NPPI,Ciências Contábeis (Bacharelado) | Darcy Ribeiro | Diurno,Ciências Contábeis (Bacharelado) | EP_R2_NPPI | Darcy Ribeiro,Ciências Contábeis (Bacharelado) | EP_R2_NPPI | Diurno
2020-2022,2022,Darcy Ribeiro,Ciências Contábeis (Bacharelado),Diurno,CN,CN,False,,NEGROS,False,,25.609,25.609,2020-2022,2020,2022,3,Ciências Contábeis (Bacharelado) | Darcy Ribeiro,Ciências Contábeis (Bacharelado) | Diurno,Ciências Contábeis (Bacharelado) | CN,Ciências Contábeis (Bacharelado) | Darcy Ribeiro | Diurno,Ciências Contábeis (Bacharelado) | CN | Darcy Ribeiro,Ciências Contábeis (Bacharelado) | CN | Diurno
2020-2022,2022,Darcy Ribeiro,Ciências Contábeis (Bacharelado),Diurno,AC,AC,False,,,False,,4.883,84.034,2020-2022,2020,2022,3,Ciências Contábeis (Bacharelado) | Darcy Ribeiro,Ciências Contábeis (Bacharelado) | Diurno,Ciências Contábeis (Bacharelado) | AC,Ciências Contábeis (Bacharelado) | Darcy Ribeiro | Diurno,Ciências Contábeis (Bacharelado) | AC | Darcy Ribeiro,Ciências Contábeis (Bacharelado) | AC | Diurno
2020-2022,2022,Darcy Ribeiro,Ciências Contábeis (Bacharelado),Noturno,EP_R1_PPI,EP_R1_PPI,True,R1,PPI,False,1.5,1.491,1.491,2020-2022,2020,2022,3,Ciências Contábeis (Bacharelado) | Darcy Ribeiro,Ciências Contábeis (Bacharelado) | Noturno,Ciências Contábeis (Bacharelado) | EP_R1_PPI,Ciências Contábeis (Bacharelado) | Darcy Ribeiro | Noturno,Ciências Contábeis (Bacharelado) | EP_R1_PPI | Darcy Ribeiro,Ciências Contábeis (Bacharelado) | EP_R1_PPI | Noturno
2020-2022,2022,Darcy Ribeiro,Ciências Contábeis (Bacharelado),Noturno,EP_R2_PPI,EP_R2_PPI,True,R2,PPI,False,1.5,-53.936,-4.601,2020-2022,2020,2022,3,Ciências Contábeis (Bacharelado) | Darcy Ribeiro,Ciências Contábeis (Bacharelado) | Noturno,Ciências Contábeis (Bacharelado) | EP_R2_PPI,Ciências Contábeis (Bacharelado) | Darcy Ribeiro | Noturno,Ciências Contábeis (Bacharelado) | EP_R2_PPI | Darcy Ribeiro,Ciências Contábeis (Bacharelado) | EP_R2_PPI | Noturno
2020-2022,2022,Darcy Ribeiro,Ciências Contábeis (Bacharelado),Noturno,EP_R2_NPPI,EP_R2_NPPI,True,R2,NPPI,False,1.5,-76.035,9.581,2020-2022,2020,2022,3,Ciências Contábeis (Bacharelado) | Darcy Ribeiro,Ciências Contábeis (Bacharelado) | Noturno,Ciências Contábeis (Bacharelado) | EP_R2_NPPI,Ciências Contábeis (Bacharelado) | Darcy Ribeiro | Noturno,Ciências Contábeis (Bacharelado) | EP_R2_NPPI | Darcy Ribeiro,Ciências Contábeis (Bacharelado) | EP_R2_NPPI | Noturno
2020-2022,2022,Darcy Ribeiro,Ciências Contábeis (Bacharelado),Noturno,AC,AC,False,,,False,,-62.176,42.671,2020-2022,2020,2022,3,Ciências Contábeis (Bacharelado) | Darcy Ribeiro,Ciências Contábeis (Bacharelado) | Noturno,Ciências Contábeis (Bacharelado) | AC,Ciências Contábeis (Bacharelado) | Darcy Ribeiro | Noturno,Ciências Contábeis (Bacharelado) | AC | Darcy Ribeiro,Ciências Contábeis (Bacharelado) | AC | Noturno
2020-2022,2022,Darcy Ribeiro,Ciências Econômicas (Bacharelado),Diurno,EP_R1_PPI,EP_R1_PPI,True,R1,PPI,False,1.5,-10.898,67.95,2020-2022,2020,2022,3,Ciências Econômicas (Bacharelado) | Darcy Ribeiro,Ciências Econômicas (Bacharelado) | Diurno,Ciências Econômicas (Bacharelado) | EP_R1_PPI,Ciências Econômicas (Bacharelado) | Darcy Ribeiro | Diurno,Ciências Econômicas (Bacharelado) | EP_R1_PPI | Darcy Ribeiro,Ciências Econômicas (Bacharelado) | EP_R1_PPI | Diurno
2020-2022,2022,Darcy Ribeiro,Ciências Econômicas (Bacharelado),Diurno,EP_R1_NPPI,EP_R1_NPPI,True,R1,NPPI,False,1.5,1.518,35.529,2020-2022,2020,2022,3,Ciências Econômicas (Bacharelado) | Darcy Ribeiro,Ciências Econômicas (Bacharelado) | Diurno,Ciências Econômicas (Bacharelado) | EP_R1_NPPI,Ciências Econômicas (Bacharelado) | Darcy Ribeiro | Diurno,Ciências Econômicas (Bacharelado) | EP_R1_NPPI | Darcy Ribeiro,Ciências Econômicas (Bacharelado) | EP_R1_NPPI | Diurno
2020-2022,2022,Darcy Ribeiro,Ciências Econômicas (Bacharelado),Diurno,EP_R2_PPI,EP_R2_PPI,True,R2,PPI,False,1.5,-23.99,7.712,2020-2022,2020,2022,3,Ciências Econômicas (Bacharelado) | Darcy Ribeiro,Ciências Econômicas (Bacharelado) | Diurno,Ciências Econômicas (Bacharelado) | EP_R2_PPI,Ciências Econômicas (Bacharelado) | Darcy Ribeiro | Diurno,Ciências Econômicas (Bacharelado) | EP_R2_PPI | Darcy Ribeiro,Ciências Econômicas (Bacharelado) | EP_R2_PPI | Diurno
2020-2022,2022,Darcy Ribeiro,Ciências Econômicas (Bacharelado),Diurno,EP_R2_NPPI,EP_R2_NPPI,True,R2,NPPI,False,1.5,74.425,116.541,2020-2022,2020,2022,3,Ciências Econômicas (Bacharelado) | Darcy Ribeiro,Ciências Econômicas (Bacharelado) | Diurno,Ciências Econômicas (Bacharelado) | EP_R2_NPPI,Ciências Econômicas (Bacharelado) | Darcy Ribeiro | Diurno,Ciências Econômicas (Bacharelado) | EP_R2_NPPI | Darcy Ribeiro,Ciências Econômicas (Bacharelado) | EP_R2_NPPI | Diurno
2020-2022,2022,Darcy Ribeiro,Ciências Econômicas (Bacharelado),Diurno,CN,CN,False,,NEGROS,False,,64.336,64.336,2020-2022,2020,2022,3,Ciências Econômicas (Bacharelado) | Darcy Ribeiro,Ciências Econômicas (Bacharelado) | Diurno,Ciências Econômicas (Bacharelado) | CN,Ciências Econômicas (Bacharelado) | Darcy Ribeiro | Diurno,Ciências Econômicas (Bacharelado) | CN | Darcy Ribeiro,Ciências Econômicas (Bacharelado) | CN | Diurno
2020-2022,2022,Darcy Ribeiro,Ciências Econômicas (Bacharelado),Diurno,AC,AC,False,,,False,,90.763,149.64,2020-2022,2020,2022,3,Ciências Econômicas (Bacharelado) | Darcy Ribeiro,Ciências Econômicas (Bacharelado) | Diurno,Ciências Econômicas (Bacharelado) | AC,Ciências Econômicas (Bacharelado) | Darcy Ribeiro | Diurno,Ciências Econômicas (Bacharelado) | AC | Darcy Ribeiro,Ciências Econômicas (Bacharelado) | AC | Diurno
2020-2022,2022,Darcy Ribeiro,Ciências Sociais – Antropologia/ Sociologia (Bacharelado/Licenciatura),Diurno,EP_R1_PPI,EP_R1_PPI,True,R1,PPI,False,1.5,-45.824,-26.627,2020-2022,2020,2022,3,Ciências Sociais – Antropologia/ Sociologia (Bacharelado/Licenciatura) | Darcy Ribeiro,Ciências Sociais – Antropologia/ Sociologia (Bacharelado/Licenciatura) | Diurno,Ciências Sociais – Antropologia/ Sociologia (Bacharelado/Licenciatura) | EP_R1_PPI,Ciências Sociais – Antropologia/ Sociologia (Bacharelado/Licenciatura) | Darcy Ribeiro | Diurno,Ciências Sociais – Antropologia/ Sociologia (Bacharelado/Licenciatura) | EP_R1_PPI | Darcy Ribeiro,Ciências Sociais – Antropologia/ Sociologia (Bacharelado/Licenciatura) | EP_R1_PPI | Diurno
2020-2022,2022,Darcy Ribeiro,Ciências Sociais – Antropologia/ Sociologia (Bacharelado/Licenciatura),Diurno,EP_R1_NPPI,EP_R1_NPPI,True,R1,NPPI,False,1.5,-64.94,10.205,2020-2022,2020,2022,3,Ciências Sociais – Antropologia/ Sociologia (Bacharelado/Licenciatura) | Darcy Ribeiro,Ciências Sociais – Antropologia/ Sociologia (Bacharelado/Licenciatura) | Diurno,Ciências Sociais – Antropologia/ Sociologia (Bacharelado/Licenciatura) | EP_R1_NPPI,Ciências Sociais – Antropologia/ Sociologia (Bacharelado/Licenciatura) | Darcy Ribeiro | Diurno,Ciências Sociais – Antropologia/ Sociologia (Bacharelado/Licenciatura) | EP_R1_NPPI | Darcy Ribeiro,Ciências Sociais – Antropologia/ Sociologia (Bacharelado/Licenciatura) | EP_R1_NPPI | Diurno
2020-2022,2022,Darcy Ribeiro,Ciências Sociais – Antropologia/ Sociologia (Bacharelado/Licenciatura),Diurno,EP_R2_PPI,EP_R2_PPI,True,R2,PPI,False,1.5,-80.884,-1.376,2020-2022,2020,2022,3,Ciências Sociais – Antropologia/ Sociologia (Bacharelado/Licenciatura) | Darcy Ribeiro,Ciências Sociais – Antropologia/ Sociologia (Bacharelado/Licenciatura) | Diurno,Ciências Sociais – Antropologia/ Sociologia (Bacharelado/Licenciatura) | EP_R2_PPI,Ciências Sociais – Antropologia/ Sociologia (Bacharelado/Licenciatura) | Darcy Ribeiro | Diurno,Ciências Sociais – Antropologia/ Sociologia (Bacharelado/Licenciatura) | EP_R2_PPI | Darcy Ribeiro,Ciências Sociais – Antropologia/ Sociologia (Bacharelado/Licenciatura) | EP_R2_PPI | Diurno
2020-2022,2022,Darcy Ribeiro,Ciências Sociais – Antropologia/ Sociologia (Bacharelado/Licenciatura),Diurno,EP_R2_NPPI,EP_R2_NPPI,True,R2,NPPI,False,1.5,-28.663,62.948,2020-2022,2020,2022,3,Ciências Sociais – Antropologia/ Sociologia (Bacharelado/Licenciatura) | Darcy Ribeiro,Ciências Sociais – Antropologia/ Sociologia (Bacharelado/Licenciatura) | Diurno,Ciências Sociais – Antropologia/ Sociologia (Bacharelado/Licenciatura) | EP_R2_NPPI,Ciências Sociais – Antropologia/ Sociologia (Bacharelado/Licenciatura) | Darcy Ribeiro | Diurno,Ciências Sociais – Antropologia/ Sociologia (Bacharelado/Licenciatura) | EP_R2_NPPI | Darcy Ribeiro,Ciências Sociais – Antropologia/ Sociologia (Bacharelado/Licenciatura) | EP_R2_NPPI | Diurno
2020-2022,2022,Darcy Ribeiro,Ciências Sociais – Antropologia/ Sociologia (Bacharelado/Licenciatura),Diurno,CN,CN,False,,NEGROS,False,,-40.831,8.448,2020-2022,2020,2022,3,Ciências Sociais – Antropologia/ Sociologia (Bacharelado/Licenciatura) | Darcy Ribeiro,Ciências Sociais – Antropologia/ Sociologia (Bacharelado/Licenciatura) | Diurno,Ciências Sociais – Antropologia/ Sociologia (Bacharelado/Licenciatura) | CN,Ciências Sociais – Antropologia/ Sociologia (Bacharelado/Licenciatura) | Darcy Ribeiro | Diurno,Ciências Sociais – Antropologia/ Sociologia (Bacharelado/Licenciatura) | CN | Darcy Ribeiro,Ciências Sociais – Antropologia/ Sociologia (Bacharelado/Licenciatura) | CN | Diurno
2020-2022,2022,Darcy Ribeiro,Ciências Sociais – Antropologia/ Sociologia (Bacharelado/Licenciatura),Diurno,AC,AC,False,,,False,,-7.672,71.472,2020-2022,2020,2022,3,Ciências Sociais – Antropologia/ Sociologia (Bacharelado/Licenciatura) | Darcy Ribeiro,Ciências Sociais – Antropologia/ Sociologia (Bacharelado/Licenciatura) | Diurno,Ciências Sociais – Antropologia/ Sociologia (Bacharelado/Licenciatura) | AC,Ciências Sociais – Antropologia/ Sociologia (Bacharelado/Licenciatura) | Darcy Ribeiro | Diurno,Ciências Sociais – Antropologia/ Sociologia (Bacharelado/Licenciatura) | AC | Darcy Ribeiro,Ciências Sociais – Antropologia/ Sociologia (Bacharelado/Licenciatura) | AC | Diurno
2020-2022,2022,Darcy Ribeiro,Computação (Licenciatura),Noturno,EP_R1_PPI,EP_R1_PPI,True,R1,PPI,False,1.5,-49.349,-32.293,2020-2022,2020,2022,3,Computação (Licenciatura) | Darcy Ribeiro,Computação (Licenciatura) | Noturno,Computação (Licenciatura) | EP_R1_PPI,Computação (Licenciatura) | Darcy Ribeiro | Noturno,Computação (Licenciatura) | EP_R1_PPI | Darcy Ribeiro,Computação (Licenciatura) | EP_R1_PPI | Noturno
2020-2022,2022,Darcy Ribeiro,Computação (Licenciatura),Noturno,EP_R1_NPPI,EP_R1_NPPI,True,R1,NPPI,False,1.5,-65.745,-51.109,2020-2022,2020,2022,3,Computação (Licenciatura) | Darcy Ribeiro,Computação (Licenciatura) | Noturno,Computação (Licenciatura) | EP_R1_NPPI,Computação (Licenciatura) | Darcy Ribeiro | Noturno,Computação (Licenciatura) | EP_R1_NPPI | Darcy Ribeiro,Computação (Licenciatura) | EP_R1_NPPI | Noturno
2020-2022,2022,Darcy Ribeiro,Computação (Licenciatura),Noturno,EP_R2_PPI,EP_R2_PPI,True,R2,PPI,False,1.5,-85.346,-10.124,2020-2022,2020,2022,3,Computação (Licenciatura) | Darcy Ribeiro,Computação (Licenciatura) | Noturno,Computação (Licenciatura) | EP_R2_PPI,Computação (Licenciatura) | Darcy Ribeiro | Noturno,Computação (Licenciatura) | EP_R2_PPI | Darcy Ribeiro,Computação (Licenciatura) | EP_R2_PPI | Noturno
2020-2022,2022,Darcy Ribeiro,Computação (Licenciatura),Noturno,EP_R2_NPPI,EP_R2_NPPI,True,R2,NPPI,False,1.5,-20.342,-8.206,2020-2022,2020,2022,3,Computação (Licenciatura) | Darcy Ribeiro,Computação (Licenciatura) | Noturno,Computação (Licenciatura) | EP_R2_NPPI,Computação (Licenciatura) | Darcy Ribeiro | Noturno,Computação (Licenciatura) | EP_R2_NPPI | Darcy Ribeiro,Computação (Licenciatura) | EP_R2_NPPI | Noturno
2020-2022,2022,Darcy Ribeiro,Computação (Licenciatura),Noturno,CN,CN,False,,NEGROS,False,,-63.586,-63.586,2020-2022,2020,2022,3,Computação (Licenciatura) | Darcy Ribeiro,Computação (Licenciatura) | Noturno,Computação (Licenciatura) | CN,Computação (Licenciatura) | Darcy Ribeiro | Noturno,Computação (Licenciatura) | CN | Darcy Ribeiro,Computação (Licenciatura) | CN | Noturno
2020-2022,2022,Darcy Ribeiro,Computação (Licenciatura),Noturno,AC,AC,False,,,False,,-2.433,74.983,2020-2022,2020,2022,3,Computação (Licenciatura) | Darcy Ribeiro,Computação (Licenciatura) | Noturno,Computação (Licenciatura) | AC,Computação (Licenciatura) | Darcy Ribeiro | Noturno,Computação (Licenciatura) | AC | Darcy Ribeiro,Computação (Licenciatura) | AC | Noturno
2020-2022,2022,Darcy Ribeiro,Comunicação Organizacional (Bacharelado),Noturno,EP_R2_PPI,EP_R2_PPI,True,R2,PPI,False,1.5,-46.61,-14.593,2020-2022,2020,2022,3,Comunicação Organizacional (Bacharelado) | Darcy Ribeiro,Comunicação Organizacional (Bacharelado) | Noturno,Comunicação Organizacional (Bacharelado) | EP_R2_PPI,Comunicação Organizacional (Bacharelado) | Darcy Ribeiro | Noturno,Comunicação Organizacional (Bacharelado) | EP_R2_PPI | Darcy Ribeiro,Comunicação Organizacional (Bacharelado) | EP_R2_PPI | Noturno
2020-2022,2022,Darcy Ribeiro,Comunicação Organizacional (Bacharelado),Noturno,EP_R2_NPPI,EP_R2_NPPI,True,R2,NPPI,False,1.5,-36.846,-36.846,2020-2022,2020,2022,3,Comunicação Organizacional (Bacharelado) | Darcy Ribeiro,Comunicação Organizacional (Bacharelado) | Noturno,Comunicação Organizacional (Bacharelado) | EP_R2_NPPI,Comunicação Organizacional (Bacharelado) | Darcy Ribeiro | Noturno,Comunicação Organizacional (Bacharelado) | EP_R2_NPPI | Darcy Ribeiro,Comunicação Organizacional (Bacharelado) | EP_R2_NPPI | Noturno
2020-2022,2022,Darcy Ribeiro,Comunicação Organizacional (Bacharelado),Noturno,CN,CN,False,,NEGROS,False,,23.426,23.426,2020-2022,2020,2022,3,Comunicação Organizacional (Bacharelado) | Darcy Ribeiro,Comunicação Organizacional (Bacharelado) | Noturno,Comunicação Organizacional (Bacharelado) | CN,Comunicação Organizacional (Bacharelado) | Darcy Ribeiro | Noturno,Comunicação Organizacional (Bacharelado) | CN | Darcy Ribeiro,Comunicação Organizacional (Bacharelado) | CN | Noturno
2020-2022,2022,Darcy Ribeiro,Comunicação Organizacional (Bacharelado),Noturno,AC,AC,False,,,False,,-22.175,42.588,2020-2022,2020,2022,3,Comunicação Organizacional (Bacharelado) | Darcy Ribeiro,Comunicação Organizacional (Bacharelado) | Noturno,Comunicação Organizacional (Bacharelado) | AC,Comunicação Organizacional (Bacharelado) | Darcy Ribeiro | Noturno,Comunicação Organizacional (Bacharelado) | AC | Darcy Ribeiro,Comunicação Organizacional (Bacharelado) | AC | Noturno
2020-2022,2022,Darcy Ribeiro,Comunicação Social - Publicidade e Propaganda (Bacharelado),Diurno,EP_R1_PPI,EP_R1_PPI,True,R1,PPI,False,1.5,-11.505,-0.422,2020-2022,2020,2022,3,Comunicação Social - Publicidade e Propaganda (Bacharelado) | Darcy Ribeiro,Comunicação Social - Publicidade e Propaganda (Bacharelado) | Diurno,Comunicação Social - Publicidade e Propaganda (Bacharelado) | EP_R1_PPI,Comunicação Social - Publicidade e Propaganda (Bacharelado) | Darcy Ribeiro | Diurno,Comunicação Social - Publicidade e Propaganda (Bacharelado) | EP_R1_PPI | Darcy Ribeiro,Comunicação Social - Publicidade e Propaganda (Bacharelado) | EP_R1_PPI | Diurno
2020-2022,2022,Darcy Ribeiro,Comunicação Social - Publicidade e Propaganda (Bacharelado),Diurno,EP_R1_NPPI,EP_R1_NPPI,True,R1,NPPI,False,1.5,-26.988,-26.988,2020-2022,2020,2022,3,Comunicação Social - Publicidade e Propaganda (Bacharelado) | Darcy Ribeiro,Comunicação Social - Publicidade e Propaganda (Bacharelado) | Diurno,Comunicação Social - Publicidade e Propaganda (Bacharelado) | EP_R1_NPPI,Comunicação Social - Publicidade e Propaganda (Bacharelado) | Darcy Ribeiro | Diurno,Comunicação Social - Publicidade e Propaganda (Bacharelado) | EP_R1_NPPI | Darcy Ribeiro,Comunicação Social - Publicidade e Propaganda (Bacharelado) | EP_R1_NPPI | Diurno
2020-2022,2022,Darcy Ribeiro,Comunicação Social - Publicidade e Propaganda (Bacharelado),Diurno,EP_R2_PPI,EP_R2_PPI,True,R2,PPI,False,1.5,2.976,41.968,2020-2022,2020,2022,3,Comunicação Social - Publicidade e Propaganda (Bacharelado) | Darcy Ribeiro,Comunicação Social - Publicidade e Propaganda (Bacharelado) | Diurno,Comunicação Social - Publicidade e Propaganda (Bacharelado) | EP_R2_PPI,Comunicação Social - Publicidade e Propaganda (Bacharelado) | Darcy Ribeiro | Diurno,Comunicação Social - Publicidade e Propaganda (Bacharelado) | EP_R2_PPI | Darcy Ribeiro,Comunicação Social - Publicidade e Propaganda (Bacharelado) | EP_R2_PPI | Diurno
2020-2022,2022,Darcy Ribeiro,Comunicação Social - Publicidade e Propaganda (Bacharelado),Diurno,EP_R2_NPPI,EP_R2_NPPI,True,R2,NPPI,False,1.5,73.446,73.446,2020-2022,2020,2022,3,Comunicação Social - Publicidade e Propaganda (Bacharelado) | Darcy Ribeiro,Comunicação Social - Publicidade e Propaganda (Bacharelado) | Diurno,Comunicação Social - Publicidade e Propaganda (Bacharelado) | EP_R2_NPPI,Comunicação Social - Publicidade e Propaganda (Bacharelado) | Darcy Ribeiro | Diurno,Comunicação Social - Publicidade e Propaganda (Bacharelado) | EP_R2_NPPI | Darcy Ribeiro,Comunicação Social - Publicidade e Propaganda (Bacharelado) | EP_R2_NPPI | Diurno
2020-2022,2022,Darcy Ribeiro,Comunicação Social - Publicidade e Propaganda (Bacharelado),Diurno,CN,CN,False,,NEGROS,False,,64.041,64.041,2020-2022,2020,2022,3,Comunicação Social - Publicidade e Propaganda (Bacharelado) | Darcy Ribeiro,Comunicação Social - Publicidade e Propaganda (Bacharelado) | Diurno,Comunicação Social - Publicidade e Propaganda (Bacharelado) | CN,Comunicação Social - Publicidade e Propaganda (Bacharelado) | Darcy Ribeiro | Diurno,Comunicação Social - Publicidade e Propaganda (Bacharelado) | CN | Darcy Ribeiro,Comunicação Social - Publicidade e Propaganda (Bacharelado) | CN | Diurno
2020-2022,2022,Darcy Ribeiro,Comunicação Social - Publicidade e Propaganda (Bacharelado),Diurno,AC,AC,False,,,False,,62.484,120.186,2020-2022,2020,2022,3,Comunicação Social - Publicidade e Propaganda (Bacharelado) | Darcy Ribeiro,Comunicação Social - Publicidade e Propaganda (Bacharelado) | Diurno,Comunicação Social - Publicidade e Propaganda (Bacharelado) | AC,Comunicação Social - Publicidade e Propaganda (Bacharelado) | Darcy Ribeiro | Diurno,Comunicação Social - Publicidade e Propaganda (Bacharelado) | AC | Darcy Ribeiro,Comunicação Social - Publicidade e Propaganda (Bacharelado) | AC | Diurno
2020-2022,2022,Darcy Ribeiro,Comunicação Social – Audiovisual (Bacharelado),Diurno,EP_R1_PPI,EP_R1_PPI,True,R1,PPI,False,1.5,-17.004,-14.344,2020-2022,2020,2022,3,Comunicação Social – Audiovisual (Bacharelado) | Darcy Ribeiro,Comunicação Social – Audiovisual (Bacharelado) | Diurno,Comunicação Social – Audiovisual (Bacharelado) | EP_R1_PPI,Comunicação Social – Audiovisual (Bacharelado) | Darcy Ribeiro | Diurno,Comunicação Social – Audiovisual (Bacharelado) | EP_R1_PPI | Darcy Ribeiro,Comunicação Social – Audiovisual (Bacharelado) | EP_R1_PPI | Diurno
2020-2022,2022,Darcy Ribeiro,Comunicação Social – Audiovisual (Bacharelado),Diurno,EP_R1_NPPI,EP_R1_NPPI,True,R1,NPPI,False,1.5,7.659,7.659,2020-2022,2020,2022,3,Comunicação Social – Audiovisual (Bacharelado) | Darcy Ribeiro,Comunicação Social – Audiovisual (Bacharelado) | Diurno,Comunicação Social – Audiovisual (Bacharelado) | EP_R1_NPPI,Comunicação Social – Audiovisual (Bacharelado) | Darcy Ribeiro | Diurno,Comunicação Social – Audiovisual (Bacharelado) | EP_R1_NPPI | Darcy Ribeiro,Comunicação Social – Audiovisual (Bacharelado) | EP_R1_NPPI | Diurno
2020-2022,2022,Darcy Ribeiro,Comunicação Social – Audiovisual (Bacharelado),Diurno,EP_R2_PPI,EP_R2_PPI,True,R2,PPI,False,1.5,-63.885,-63.885,2020-2022,2020,2022,3,Comunicação Social – Audiovisual (Bacharelado) | Darcy Ribeiro,Comunicação Social – Audiovisual (Bacharelado) | Diurno,Comunicação Social – Audiovisual (Bacharelado) | EP_R2_PPI,Comunicação Social – Audiovisual (Bacharelado) | Darcy Ribeiro | Diurno,Comunicação Social – Audiovisual (Bacharelado) | EP_R2_PPI | Darcy Ribeiro,Comunicação Social – Audiovisual (Bacharelado) | EP_R2_PPI | Diurno
2020-2022,2022,Darcy Ribeiro,Comunicação Social – Audiovisual (Bacharelado),Diurno,EP_R2_NPPI,EP_R2_NPPI,True,R2,NPPI,False,1.5,5.234,7.439,2020-2022,2020,2022,3,Comunicação Social – Audiovisual (Bacharelado) | Darcy Ribeiro,Comunicação Social – Audiovisual (Bacharelado) | Diurno,Comunicação Social – Audiovisual (Bacharelado) | EP_R2_NPPI,Comunicação Social – Audiovisual (Bacharelado) | Darcy Ribeiro | Diurno,Comunicação Social – Audiovisual (Bacharelado) | EP_R2_NPPI | Darcy Ribeiro,Comunicação Social – Audiovisual (Bacharelado) | EP_R2_NPPI | Diurno
2020-2022,2022,Darcy Ribeiro,Comunicação Social – Audiovisual (Bacharelado),Diurno,CN,CN,False,,NEGROS,False,,0.681,0.681,2020-2022,2020,2022,3,Comunicação Social – Audiovisual (Bacharelado) | Darcy Ribeiro,Comunicação Social – Audiovisual (Bacharelado) | Diurno,Comunicação Social – Audiovisual (Bacharelado) | CN,Comunicação Social – Audiovisual (Bacharelado) | Darcy Ribeiro | Diurno,Comunicação Social – Audiovisual (Bacharelado) | CN | Darcy Ribeiro,Comunicação Social – Audiovisual (Bacharelado) | CN | Diurno
2020-2022,2022,Darcy Ribeiro,Comunicação Social – Audiovisual (Bacharelado),Diurno,AC,AC,False,,,False,,86.509,175.444,2020-2022,2020,2022,3,Comunicação Social – Audiovisual (Bacharelado) | Darcy Ribeiro,Comunicação Social – Audiovisual (Bacharelado) | Diurno,Comunicação Social – Audiovisual (Bacharelado) | AC,Comunicação Social – Audiovisual (Bacharelado) | Darcy Ribeiro | Diurno,Comunicação Social – Audiovisual (Bacharelado) | AC | Darcy Ribeiro,Comunicação Social – Audiovisual (Bacharelado) | AC | Diurno
2020-2022,2022,Darcy Ribeiro,Design – Programação Visual/Projeto do Produto (Bacharelado),Diurno,EP_R1_PPI,EP_R1_PPI,True,R1,PPI,False,1.5,-24.693,-12.16,2020-2022,2020,2022,3,Design – Programação Visual/Projeto do Produto (Bacharelado) | Darcy Ribeiro,Design – Programação Visual/Projeto do Produto (Bacharelado) | Diurno,Design – Programação Visual/Projeto do Produto (Bacharelado) | EP_R1_PPI,Design – Programação Visual/Projeto do Produto (Bacharelado) | Darcy Ribeiro | Diurno,Design – Programação Visual/Projeto do Produto (Bacharelado) | EP_R1_PPI | Darcy Ribeiro,Design – Programação Visual/Projeto do Produto (Bacharelado) | EP_R1_PPI | Diurno
2020-2022,2022,Darcy Ribeiro,Design – Programação Visual/Projeto do Produto (Bacharelado),Diurno,EP_R1_NPPI,EP_R1_NPPI,True,R1,NPPI,False,1.5,38.427,38.427,2020-2022,2020,2022,3,Design – Programação Visual/Projeto do Produto (Bacharelado) | Darcy Ribeiro,Design – Programação Visual/Projeto do Produto (Bacharelado) | Diurno,Design – Programação Visual/Projeto do Produto (Bacharelado) | EP_R1_NPPI,Design – Programação Visual/Projeto do Produto (Bacharelado) | Darcy Ribeiro | Diurno,Design – Programação Visual/Projeto do Produto (Bacharelado) | EP_R1_NPPI | Darcy Ribeiro,Design – Programação Visual/Projeto do Produto (Bacharelado) | EP_R1_NPPI | Diurno
2020-2022,2022,Darcy Ribeiro,Design – Programação Visual/Projeto do Produto (Bacharelado),Diurno,EP_R2_PPI,EP_R2_PPI,True,R2,PPI,False,1.5,-12.903,16.702,2020-2022,2020,2022,3,Design – Programação Visual/Projeto do Produto (Bacharelado) | Darcy Ribeiro,Design – Programação Visual/Projeto do Produto (Bacharelado) | Diurno,Design – Programação Visual/Projeto do Produto (Bacharelado) | EP_R2_PPI,Design – Programação Visual/Projeto do Produto (Bacharelado) | Darcy Ribeiro | Diurno,Design – Programação Visual/Projeto do Produto (Bacharelado) | EP_R2_PPI | Darcy Ribeiro,Design – Programação Visual/Projeto do Produto (Bacharelado) | EP_R2_PPI | Diurno
2020-2022,2022,Darcy Ribeiro,Design – Programação Visual/Projeto do Produto (Bacharelado),Diurno,CN,CN,False,,NEGROS,False,,35.281,35.281,2020-2022,2020,2022,3,Design – Programação Visual/Projeto do Produto (Bacharelado) | Darcy Ribeiro,Design – Programação Visual/Projeto do Produto (Bacharelado) | Diurno,Design – Programação Visual/Projeto do Produto (Bacharelado) | CN,Design – Programação Visual/Projeto do Produto (Bacharelado) | Darcy Ribeiro | Diurno,Design – Programação Visual/Projeto do Produto (Bacharelado) | CN | Darcy Ribeiro,Design – Programação Visual/Projeto do Produto (Bacharelado) | CN | Diurno
2020-2022,2022,Darcy Ribeiro,Design – Programação Visual/Projeto do Produto (Bacharelado),Diurno,AC,AC,False,,,False,,77.866,108.078,2020-2022,2020,2022,3,Design – Programação Visual/Projeto do Produto (Bacharelado) | Darcy Ribeiro,Design – Programação Visual/Projeto do Produto (Bacharelado) | Diurno,Design – Programação Visual/Projeto do Produto (Bacharelado) | AC,Design – Programação Visual/Projeto do Produto (Bacharelado) | Darcy Ribeiro | Diurno,Design – Programação Visual/Projeto do Produto (Bacharelado) | AC | Darcy Ribeiro,Design – Programação Visual/Projeto do Produto (Bacharelado) | AC | Diurno
2020-2022,2022,Darcy Ribeiro,Direito (Bacharelado),Diurno,EP_R1_PPI,EP_R1_PPI,True,R1,PPI,False,1.5,6.044,66.651,2020-2022,2020,2022,3,Direito (Bacharelado) | Darcy Ribeiro,Direito (Bacharelado) | Diurno,Direito (Bacharelado) | EP_R1_PPI,Direito (Bacharelado) | Darcy Ribeiro | Diurno,Direito (Bacharelado) | EP_R1_PPI | Darcy Ribeiro,Direito (Bacharelado) | EP_R1_PPI | Diurno
2020-2022,2022,Darcy Ribeiro,Direito (Bacharelado),Diurno,EP_R1_NPPI,EP_R1_NPPI,True,R1,NPPI,False,1.5,44.672,55.688,2020-2022,2020,2022,3,Direito (Bacharelado) | Darcy Ribeiro,Direito (Bacharelado) | Diurno,Direito (Bacharelado) | EP_R1_NPPI,Direito (Bacharelado) | Darcy Ribeiro | Diurno,Direito (Bacharelado) | EP_R1_NPPI | Darcy Ribeiro,Direito (Bacharelado) | EP_R1_NPPI | Diurno
2020-2022,2022,Darcy Ribeiro,Direito (Bacharelado),Diurno,EP_R1_NPPI_PCD,EP_R1_NPPI_PCD,True,R1,NPPI,True,1.5,-22.954,-22.954,2020-2022,2020,2022,3,Direito (Bacharelado) | Darcy Ribeiro,Direito (Bacharelado) | Diurno,Direito (Bacharelado) | EP_R1_NPPI_PCD,Direito (Bacharelado) | Darcy Ribeiro | Diurno,Direito (Bacharelado) | EP_R1_NPPI_PCD | Darcy Ribeiro,Direito (Bacharelado) | EP_R1_NPPI_PCD | Diurno
2020-2022,2022,Darcy Ribeiro,Direito (Bacharelado),Diurno,EP_R2_PPI,EP_R2_PPI,True,R2,PPI,False,1.5,44.407,72.089,2020-2022,2020,2022,3,Direito (Bacharelado) | Darcy Ribeiro,Direito (Bacharelado) | Diurno,Direito (Bacharelado) | EP_R2_PPI,Direito (Bacharelado) | Darcy Ribeiro | Diurno,Direito (Bacharelado) | EP_R2_PPI | Darcy Ribeiro,Direito (Bacharelado) | EP_R2_PPI | Diurno
2020-2022,2022,Darcy Ribeiro,Direito (Bacharelado),Diurno,EP_R2_NPPI,EP_R2_NPPI,True,R2,NPPI,False,1.5,94.622,113.21,2020-2022,2020,2022,3,Direito (Bacharelado) | Darcy Ribeiro,Direito (Bacharelado) | Diurno,Direito (Bacharelado) | EP_R2_NPPI,Direito (Bacharelado) | Darcy Ribeiro | Diurno,Direito (Bacharelado) | EP_R2_NPPI | Darcy Ribeiro,Direito (Bacharelado) | EP_R2_NPPI | Diurno
2020-2022,2022,Darcy Ribeiro,Direito (Bacharelado),Diurno,CN,CN,False,,NEGROS,False,,101.124,130.856,2020-2022,2020,2022,3,Direito (Bacharelado) | Darcy Ribeiro,Direito (Bacharelado) | Diurno,Direito (Bacharelado) | CN,Direito (Bacharelado) | Darcy Ribeiro | Diurno,Direito (Bacharelado) | CN | Darcy Ribeiro,Direito (Bacharelado) | CN | Diurno
2020-2022,2022,Darcy Ribeiro,Direito (Bacharelado),Diurno,AC,AC,False,,,False,,129.903,176.907,2020-2022,2020,2022,3,Direito (Bacharelado) | Darcy Ribeiro,Direito (Bacharelado) | Diurno,Direito (Bacharelado) | AC,Direito (Bacharelado) | Darcy Ribeiro | Diurno,Direito (Bacharelado) | AC | Darcy Ribeiro,Direito (Bacharelado) | AC | Diurno
2020-2022,2022,Darcy Ribeiro,Direito (Bacharelado),Noturno,EP_R1_PPI,EP_R1_PPI,True,R1,PPI,False,1.5,-16.116,19.571,2020-2022,2020,2022,3,Direito (Bacharelado) | Darcy Ribeiro,Direito (Bacharelado) | Noturno,Direito (Bacharelado) | EP_R1_PPI,Direito (Bacharelado) | Darcy Ribeiro | Noturno,Direito (Bacharelado) | EP_R1_PPI | Darcy Ribeiro,Direito (Bacharelado) | EP_R1_PPI | Noturno
2020-2022,2022,Darcy Ribeiro,Direito (Bacharelado),Noturno,EP_R1_NPPI,EP_R1_NPPI,True,R1,NPPI,False,1.5,23.633,54.154,2020-2022,2020,2022,3,Direito (Bacharelado) | Darcy Ribeiro,Direito (Bacharelado) | Noturno,Direito (Bacharelado) | EP_R1_NPPI,Direito (Bacharelado) | Darcy Ribeiro | Noturno,Direito (Bacharelado) | EP_R1_NPPI | Darcy Ribeiro,Direito (Bacharelado) | EP_R1_NPPI | Noturno
2020-2022,2022,Darcy Ribeiro,Direito (Bacharelado),Noturno,EP_R2_PPI,EP_R2_PPI,True,R2,PPI,False,1.5,30.892,77.986,2020-2022,2020,2022,3,Direito (Bacharelado) | Darcy Ribeiro,Direito (Bacharelado) | Noturno,Direito (Bacharelado) | EP_R2_PPI,Direito (Bacharelado) | Darcy Ribeiro | Noturno,Direito (Bacharelado) | EP_R2_PPI | Darcy Ribeiro,Direito (Bacharelado) | EP_R2_PPI | Noturno
2020-2022,2022,Darcy Ribeiro,Direito (Bacharelado),Noturno,EP_R2_NPPI,EP_R2_NPPI,True,R2,NPPI,False,1.5,59.961,87.15,2020-2022,2020,2022,3,Direito (Bacharelado) | Darcy Ribeiro,Direito (Bacharelado) | Noturno,Direito (Bacharelado) | EP_R2_NPPI,Direito (Bacharelado) | Darcy Ribeiro | Noturno,Direito (Bacharelado) | EP_R2_NPPI | Darcy Ribeiro,Direito (Bacharelado) | EP_R2_NPPI | Noturno
2020-2022,2022,Darcy Ribeiro,Direito (Bacharelado),Noturno,CN,CN,False,,NEGROS,False,,34.08,91.279,2020-2022,2020,2022,3,Direito (Bacharelado) | Darcy Ribeiro,Direito (Bacharelado) | Noturno,Direito (Bacharelado) | CN,Direito (Bacharelado) | Darcy Ribeiro | Noturno,Direito (Bacharelado) | CN | Darcy Ribeiro,Direito (Bacharelado) | CN | Noturno
2020-2022,2022,Darcy Ribeiro,Direito (Bacharelado),Noturno,AC,AC,False,,,False,,86.54,128.71,2020-2022,2020,2022,3,Direito (Bacharelado) | Darcy Ribeiro,Direito (Bacharelado) | Noturno,Direito (Bacharelado) | AC,Direito (Bacharelado) | Darcy Ribeiro | Noturno,Direito (Bacharelado) | AC | Darcy Ribeiro,Direito (Bacharelado) | AC | Noturno
2020-2022,2022,Darcy Ribeiro,Educação Física (Bacharelado),Diurno,EP_R1_PPI,EP_R1_PPI,True,R1,PPI,False,1.5,-54.13,-26.608,2020-2022,2020,2022,3,Educação Física (Bacharelado) | Darcy Ribeiro,Educação Física (Bacharelado) | Diurno,Educação Física (Bacharelado) | EP_R1_PPI,Educação Física (Bacharelado) | Darcy Ribeiro | Diurno,Educação Física (Bacharelado) | EP_R1_PPI | Darcy Ribeiro,Educação Física (Bacharelado) | EP_R1_PPI | Diurno
2020-2022,2022,Darcy Ribeiro,Educação Física (Bacharelado),Diurno,EP_R1_NPPI,EP_R1_NPPI,True,R1,NPPI,False,1.5,-28.061,11.714,2020-2022,2020,2022,3,Educação Física (Bacharelado) | Darcy Ribeiro,Educação Física (Bacharelado) | Diurno,Educação Física (Bacharelado) | EP_R1_NPPI,Educação Física (Bacharelado) | Darcy Ribeiro | Diurno,Educação Física (Bacharelado) | EP_R1_NPPI | Darcy Ribeiro,Educação Física (Bacharelado) | EP_R1_NPPI | Diurno
2020-2022,2022,Darcy Ribeiro,Educação Física (Bacharelado),Diurno,EP_R2_PPI,EP_R2_PPI,True,R2,PPI,False,1.5,-40.481,-3.232,2020-2022,2020,2022,3,Educação Física (Bacharelado) | Darcy Ribeiro,Educação Física (Bacharelado) | Diurno,Educação Física (Bacharelado) | EP_R2_PPI,Educação Física (Bacharelado) | Darcy Ribeiro | Diurno,Educação Física (Bacharelado) | EP_R2_PPI | Darcy Ribeiro,Educação Física (Bacharelado) | EP_R2_PPI | Diurno
2020-2022,2022,Darcy Ribeiro,Educação Física (Bacharelado),Diurno,EP_R2_NPPI,EP_R2_NPPI,True,R2,NPPI,False,1.5,-29.762,44.154,2020-2022,2020,2022,3,Educação Física (Bacharelado) | Darcy Ribeiro,Educação Física (Bacharelado) | Diurno,Educação Física (Bacharelado) | EP_R2_NPPI,Educação Física (Bacharelado) | Darcy Ribeiro | Diurno,Educação Física (Bacharelado) | EP_R2_NPPI | Darcy Ribeiro,Educação Física (Bacharelado) | EP_R2_NPPI | Diurno
2020-2022,2022,Darcy Ribeiro,Educação Física (Bacharelado),Diurno,CN,CN,False,,NEGROS,False,,16.093,16.093,2020-2022,2020,2022,3,Educação Física (Bacharelado) | Darcy Ribeiro,Educação Física (Bacharelado) | Diurno,Educação Física (Bacharelado) | CN,Educação Física (Bacharelado) | Darcy Ribeiro | Diurno,Educação Física (Bacharelado) | CN | Darcy Ribeiro,Educação Física (Bacharelado) | CN | Diurno
2020-2022,2022,Darcy Ribeiro,Educação Física (Bacharelado),Diurno,AC,AC,False,,,False,,11.455,53.752,2020-2022,2020,2022,3,Educação Física (Bacharelado) | Darcy Ribeiro,Educação Física (Bacharelado) | Diurno,Educação Física (Bacharelado) | AC,Educação Física (Bacharelado) | Darcy Ribeiro | Diurno,Educação Física (Bacharelado) | AC | Darcy Ribeiro,Educação Física (Bacharelado) | AC | Diurno
2020-2022,2022,Darcy Ribeiro,Educação Física (Licenciatura),Diurno,EP_R1_PPI,EP_R1_PPI,True,R1,PPI,False,1.5,-55.945,-28.09,2020-2022,2020,2022,3,Educação Física (Licenciatura) | Darcy Ribeiro,Educação Física (Licenciatura) | Diurno,Educação Física (Licenciatura) | EP_R1_PPI,Educação Física (Licenciatura) | Darcy Ribeiro | Diurno,Educação Física (Licenciatura) | EP_R1_PPI | Darcy Ribeiro,Educação Física (Licenciatura) | EP_R1_PPI | Diurno
2020-2022,2022,Darcy Ribeiro,Educação Física (Licenciatura),Diurno,EP_R1_NPPI,EP_R1_NPPI,True,R1,NPPI,False,1.5,-92.355,-73.207,2020-2022,2020,2022,3,Educação Física (Licenciatura) | Darcy Ribeiro,Educação Física (Licenciatura) | Diurno,Educação Física (Licenciatura) | EP_R1_NPPI,Educação Física (Licenciatura) | Darcy Ribeiro | Diurno,Educação Física (Licenciatura) | EP_R1_NPPI | Darcy Ribeiro,Educação Física (Licenciatura) | EP_R1_NPPI | Diurno
2020-2022,2022,Darcy Ribeiro,Educação Física (Licenciatura),Diurno,EP_R2_PPI,EP_R2_PPI,True,R2,PPI,False,1.5,-70.465,-42.643,2020-2022,2020,2022,3,Educação Física (Licenciatura) | Darcy Ribeiro,Educação Física (Licenciatura) | Diurno,Educação Física (Licenciatura) | EP_R2_PPI,Educação Física (Licenciatura) | Darcy Ribeiro | Diurno,Educação Física (Licenciatura) | EP_R2_PPI | Darcy Ribeiro,Educação Física (Licenciatura) | EP_R2_PPI | Diurno
2020-2022,2022,Darcy Ribeiro,Educação Física (Licenciatura),Diurno,EP_R2_NPPI,EP_R2_NPPI,True,R2,NPPI,False,1.5,-14.459,13.1,2020-2022,2020,2022,3,Educação Física (Licenciatura) | Darcy Ribeiro,Educação Física (Licenciatura) | Diurno,Educação Física (Licenciatura) | EP_R2_NPPI,Educação Física (Licenciatura) | Darcy Ribeiro | Diurno,Educação Física (Licenciatura) | EP_R2_NPPI | Darcy Ribeiro,Educação Física (Licenciatura) | EP_R2_NPPI | Diurno
2020-2022,2022,Darcy Ribeiro,Educação Física (Licenciatura),Diurno,CN,CN,False,,NEGROS,False,,-2.82,-2.82,2020-2022,2020,2022,3,Educação Física (Licenciatura) | Darcy Ribeiro,Educação Física (Licenciatura) | Diurno,Educação Física (Licenciatura) | CN,Educação Física (Licenciatura) | Darcy Ribeiro | Diurno,Educação Física (Licenciatura) | CN | Darcy Ribeiro,Educação Física (Licenciatura) | CN | Diurno
2020-2022,2022,Darcy Ribeiro,Educação Física (Licenciatura),Diurno,AC,AC,False,,,False,,-10.111,20.985,2020-2022,2020,2022,3,Educação Física (Licenciatura) | Darcy Ribeiro,Educação Física (Licenciatura) | Diurno,Educação Física (Licenciatura) | AC,Educação Física (Licenciatura) | Darcy Ribeiro | Diurno,Educação Física (Licenciatura) | AC | Darcy Ribeiro,Educação Física (Licenciatura) | AC | Diurno
2020-2022,2022,Darcy Ribeiro,Enfermagem (Bacharelado),Diurno,EP_R1_PPI,EP_R1_PPI,True,R1,PPI,False,1.5,17.032,48.519,2020-2022,2020,2022,3,Enfermagem (Bacharelado) | Darcy Ribeiro,Enfermagem (Bacharelado) | Diurno,Enfermagem (Bacharelado) | EP_R1_PPI,Enfermagem (Bacharelado) | Darcy Ribeiro | Diurno,Enfermagem (Bacharelado) | EP_R1_PPI | Darcy Ribeiro,Enfermagem (Bacharelado) | EP_R1_PPI | Diurno
2020-2022,2022,Darcy Ribeiro,Enfermagem (Bacharelado),Diurno,EP_R1_NPPI,EP_R1_NPPI,True,R1,NPPI,False,1.5,9.678,12.691,2020-2022,2020,2022,3,Enfermagem (Bacharelado) | Darcy Ribeiro,Enfermagem (Bacharelado) | Diurno,Enfermagem (Bacharelado) | EP_R1_NPPI,Enfermagem (Bacharelado) | Darcy Ribeiro | Diurno,Enfermagem (Bacharelado) | EP_R1_NPPI | Darcy Ribeiro,Enfermagem (Bacharelado) | EP_R1_NPPI | Diurno
2020-2022,2022,Darcy Ribeiro,Enfermagem (Bacharelado),Diurno,EP_R2_PPI,EP_R2_PPI,True,R2,PPI,False,1.5,9.318,19.495,2020-2022,2020,2022,3,Enfermagem (Bacharelado) | Darcy Ribeiro,Enfermagem (Bacharelado) | Diurno,Enfermagem (Bacharelado) | EP_R2_PPI,Enfermagem (Bacharelado) | Darcy Ribeiro | Diurno,Enfermagem (Bacharelado) | EP_R2_PPI | Darcy Ribeiro,Enfermagem (Bacharelado) | EP_R2_PPI | Diurno
2020-2022,2022,Darcy Ribeiro,Enfermagem (Bacharelado),Diurno,EP_R2_NPPI,EP_R2_NPPI,True,R2,NPPI,False,1.5,61.872,75.478,2020-2022,2020,2022,3,Enfermagem (Bacharelado) | Darcy Ribeiro,Enfermagem (Bacharelado) | Diurno,Enfermagem (Bacharelado) | EP_R2_NPPI,Enfermagem (Bacharelado) | Darcy Ribeiro | Diurno,Enfermagem (Bacharelado) | EP_R2_NPPI | Darcy Ribeiro,Enfermagem (Bacharelado) | EP_R2_NPPI | Diurno
2020-2022,2022,Darcy Ribeiro,Enfermagem (Bacharelado),Diurno,CN,CN,False,,NEGROS,False,,49.514,49.514,2020-2022,2020,2022,3,Enfermagem (Bacharelado) | Darcy Ribeiro,Enfermagem (Bacharelado) | Diurno,Enfermagem (Bacharelado) | CN,Enfermagem (Bacharelado) | Darcy Ribeiro | Diurno,Enfermagem (Bacharelado) | CN | Darcy Ribeiro,Enfermagem (Bacharelado) | CN | Diurno
2020-2022,2022,Darcy Ribeiro,Enfermagem (Bacharelado),Diurno,AC,AC,False,,,False,,48.594,73.121,2020-2022,2020,2022,3,Enfermagem (Bacharelado) | Darcy Ribeiro,Enfermagem (Bacharelado) | Diurno,Enfermagem (Bacharelado) | AC,Enfermagem (Bacharelado) | Darcy Ribeiro | Diurno,Enfermagem (Bacharelado) | AC | Darcy Ribeiro,Enfermagem (Bacharelado) | AC | Diurno
2020-2022,2022,Darcy Ribeiro,Engenharia Ambiental (Bacharelado),Diurno,EP_R1_NPPI,EP_R1_NPPI,True,R1,NPPI,False,1.5,65.209,65.209,2020-2022,2020,2022,3,Engenharia Ambiental (Bacharelado) | Darcy Ribeiro,Engenharia Ambiental (Bacharelado) | Diurno,Engenharia Ambiental (Bacharelado) | EP_R1_NPPI,Engenharia Ambiental (Bacharelado) | Darcy Ribeiro | Diurno,Engenharia Ambiental (Bacharelado) | EP_R1_NPPI | Darcy Ribeiro,Engenharia Ambiental (Bacharelado) | EP_R1_NPPI | Diurno
2020-2022,2022,Darcy Ribeiro,Engenharia Ambiental (Bacharelado),Diurno,EP_R2_PPI,EP_R2_PPI,True,R2,PPI,False,1.5,-56.495,68.61,2020-2022,2020,2022,3,Engenharia Ambiental (Bacharelado) | Darcy Ribeiro,Engenharia Ambiental (Bacharelado) | Diurno,Engenharia Ambiental (Bacharelado) | EP_R2_PPI,Engenharia Ambiental (Bacharelado) | Darcy Ribeiro | Diurno,Engenharia Ambiental (Bacharelado) | EP_R2_PPI | Darcy Ribeiro,Engenharia Ambiental (Bacharelado) | EP_R2_PPI | Diurno
2020-2022,2022,Darcy Ribeiro,Engenharia Ambiental (Bacharelado),Diurno,CN,CN,False,,NEGROS,False,,7.046,7.046,2020-2022,2020,2022,3,Engenharia Ambiental (Bacharelado) | Darcy Ribeiro,Engenharia Ambiental (Bacharelado) | Diurno,Engenharia Ambiental (Bacharelado) | CN,Engenharia Ambiental (Bacharelado) | Darcy Ribeiro | Diurno,Engenharia Ambiental (Bacharelado) | CN | Darcy Ribeiro,Engenharia Ambiental (Bacharelado) | CN | Diurno
2020-2022,2022,Darcy Ribeiro,Engenharia Ambiental (Bacharelado),Diurno,AC,AC,False,,,False,,-7.834,139.431,2020-2022,2020,2022,3,Engenharia Ambiental (Bacharelado) | Darcy Ribeiro,Engenharia Ambiental (Bacharelado) | Diurno,Engenharia Ambiental (Bacharelado) | AC,Engenharia Ambiental (Bacharelado) | Darcy Ribeiro | Diurno,Engenharia Ambiental (Bacharelado) | AC | Darcy Ribeiro,Engenharia Ambiental (Bacharelado) | AC | Diurno
2020-2022,2022,Darcy Ribeiro,Engenharia Civil (Bacharelado),Diurno,EP_R1_PPI,EP_R1_PPI,True,R1,PPI,False,1.5,-39.011,-21.766,2020-2022,2020,2022,3,Engenharia Civil (Bacharelado) | Darcy Ribeiro,Engenharia Civil (Bacharelado) | Diurno,Engenharia Civil (Bacharelado) | EP_R1_PPI,Engenharia Civil (Bacharelado) | Darcy Ribeiro | Diurno,Engenharia Civil (Bacharelado) | EP_R1_PPI | Darcy Ribeiro,Engenharia Civil (Bacharelado) | EP_R1_PPI | Diurno
2020-2022,2022,Darcy Ribeiro,Engenharia Civil (Bacharelado),Diurno,EP_R2_PPI,EP_R2_PPI,True,R2,PPI,False,1.5,-43.065,-7.167,2020-2022,2020,2022,3,Engenharia Civil (Bacharelado) | Darcy Ribeiro,Engenharia Civil (Bacharelado) | Diurno,Engenharia Civil (Bacharelado) | EP_R2_PPI,Engenharia Civil (Bacharelado) | Darcy Ribeiro | Diurno,Engenharia Civil (Bacharelado) | EP_R2_PPI | Darcy Ribeiro,Engenharia Civil (Bacharelado) | EP_R2_PPI | Diurno
2020-2022,2022,Darcy Ribeiro,Engenharia Civil (Bacharelado),Diurno,EP_R2_NPPI,EP_R2_NPPI,True,R2,NPPI,False,1.5,-16.627,82.763,2020-2022,2020,2022,3,Engenharia Civil (Bacharelado) | Darcy Ribeiro,Engenharia Civil (Bacharelado) | Diurno,Engenharia Civil (Bacharelado) | EP_R2_NPPI,Engenharia Civil (Bacharelado) | Darcy Ribeiro | Diurno,Engenharia Civil (Bacharelado) | EP_R2_NPPI | Darcy Ribeiro,Engenharia Civil (Bacharelado) | EP_R2_NPPI | Diurno
2020-2022,2022,Darcy Ribeiro,Engenharia Civil (Bacharelado),Diurno,CN,CN,False,,NEGROS,False,,-48.61,-48.61,2020-2022,2020,2022,3,Engenharia Civil (Bacharelado) | Darcy Ribeiro,Engenharia Civil (Bacharelado) | Diurno,Engenharia Civil (Bacharelado) | CN,Engenharia Civil (Bacharelado) | Darcy Ribeiro | Diurno,Engenharia Civil (Bacharelado) | CN | Darcy Ribeiro,Engenharia Civil (Bacharelado) | CN | Diurno
2020-2022,2022,Darcy Ribeiro,Engenharia Civil (Bacharelado),Diurno,AC,AC,False,,,False,,-14.958,126.978,2020-2022,2020,2022,3,Engenharia Civil (Bacharelado) | Darcy Ribeiro,Engenharia Civil (Bacharelado) | Diurno,Engenharia Civil (Bacharelado) | AC,Engenharia Civil (Bacharelado) | Darcy Ribeiro | Diurno,Engenharia Civil (Bacharelado) | AC | Darcy Ribeiro,Engenharia Civil (Bacharelado) | AC | Diurno
2020-2022,2022,Darcy Ribeiro,Engenharia Elétrica (Bacharelado),Diurno,EP_R1_PPI,EP_R1_PPI,True,R1,PPI,False,1.5,0.067,0.067,2020-2022,2020,2022,3,Engenharia Elétrica (Bacharelado) | Darcy Ribeiro,Engenharia Elétrica (Bacharelado) | Diurno,Engenharia Elétrica (Bacharelado) | EP_R1_PPI,Engenharia Elétrica (Bacharelado) | Darcy Ribeiro | Diurno,Engenharia Elétrica (Bacharelado) | EP_R1_PPI | Darcy Ribeiro,Engenharia Elétrica (Bacharelado) | EP_R1_PPI | Diurno
2020-2022,2022,Darcy Ribeiro,Engenharia Elétrica (Bacharelado),Diurno,EP_R2_PPI,EP_R2_PPI,True,R2,PPI,False,1.5,-9.239,33.9,2020-2022,2020,2022,3,Engenharia Elétrica (Bacharelado) | Darcy Ribeiro,Engenharia Elétrica (Bacharelado) | Diurno,Engenharia Elétrica (Bacharelado) | EP_R2_PPI,Engenharia Elétrica (Bacharelado) | Darcy Ribeiro | Diurno,Engenharia Elétrica (Bacharelado) | EP_R2_PPI | Darcy Ribeiro,Engenharia Elétrica (Bacharelado) | EP_R2_PPI | Diurno
2020-2022,2022,Darcy Ribeiro,Engenharia Elétrica (Bacharelado),Diurno,EP_R2_NPPI,EP_R2_NPPI,True,R2,NPPI,False,1.5,-20.364,135.211,2020-2022,2020,2022,3,Engenharia Elétrica (Bacharelado) | Darcy Ribeiro,Engenharia Elétrica (Bacharelado) | Diurno,Engenharia Elétrica (Bacharelado) | EP_R2_NPPI,Engenharia Elétrica (Bacharelado) | Darcy Ribeiro | Diurno,Engenharia Elétrica (Bacharelado) | EP_R2_NPPI | Darcy Ribeiro,Engenharia Elétrica (Bacharelado) | EP_R2_NPPI | Diurno
2020-2022,2022,Darcy Ribeiro,Engenharia Elétrica (Bacharelado),Diurno,CN,CN,False,,NEGROS,False,,77.957,77.957,2020-2022,2020,2022,3,Engenharia Elétrica (Bacharelado) | Darcy Ribeiro,Engenharia Elétrica (Bacharelado) | Diurno,Engenharia Elétrica (Bacharelado) | CN,Engenharia Elétrica (Bacharelado) | Darcy Ribeiro | Diurno,Engenharia Elétrica (Bacharelado) | CN | Darcy Ribeiro,Engenharia Elétrica (Bacharelado) | CN | Diurno
2020-2022,2022,Darcy Ribeiro,Engenharia Elétrica (Bacharelado),Diurno,AC,AC,False,,,False,,41.135,163.248,2020-2022,2020,2022,3,Engenharia Elétrica (Bacharelado) | Darcy Ribeiro,Engenharia Elétrica (Bacharelado) | Diurno,Engenharia Elétrica (Bacharelado) | AC,Engenharia Elétrica (Bacharelado) | Darcy Ribeiro | Diurno,Engenharia Elétrica (Bacharelado) | AC | Darcy Ribeiro,Engenharia Elétrica (Bacharelado) | AC | Diurno
2020-2022,2022,Darcy Ribeiro,Engenharia Florestal (Bacharelado),Diurno,EP_R1_NPPI,EP_R1_NPPI,True,R1,NPPI,False,1.5,-15.457,9.613,2020-2022,2020,2022,3,Engenharia Florestal (Bacharelado) | Darcy Ribeiro,Engenharia Florestal (Bacharelado) | Diurno,Engenharia Florestal (Bacharelado) | EP_R1_NPPI,Engenharia Florestal (Bacharelado) | Darcy Ribeiro | Diurno,Engenharia Florestal (Bacharelado) | EP_R1_NPPI | Darcy Ribeiro,Engenharia Florestal (Bacharelado) | EP_R1_NPPI | Diurno
2020-2022,2022,Darcy Ribeiro,Engenharia Florestal (Bacharelado),Diurno,EP_R2_PPI,EP_R2_PPI,True,R2,PPI,False,1.5,-50.84,-13.077,2020-2022,2020,2022,3,Engenharia Florestal (Bacharelado) | Darcy Ribeiro,Engenharia Florestal (Bacharelado) | Diurno,Engenharia Florestal (Bacharelado) | EP_R2_PPI,Engenharia Florestal (Bacharelado) | Darcy Ribeiro | Diurno,Engenharia Florestal (Bacharelado) | EP_R2_PPI | Darcy Ribeiro,Engenharia Florestal (Bacharelado) | EP_R2_PPI | Diurno
2020-2022,2022,Darcy Ribeiro,Engenharia Florestal (Bacharelado),Diurno,EP_R2_NPPI,EP_R2_NPPI,True,R2,NPPI,False,1.5,-52.846,-50.215,2020-2022,2020,2022,3,Engenharia Florestal (Bacharelado) | Darcy Ribeiro,Engenharia Florestal (Bacharelado) | Diurno,Engenharia Florestal (Bacharelado) | EP_R2_NPPI,Engenharia Florestal (Bacharelado) | Darcy Ribeiro | Diurno,Engenharia Florestal (Bacharelado) | EP_R2_NPPI | Darcy Ribeiro,Engenharia Florestal (Bacharelado) | EP_R2_NPPI | Diurno
2020-2022,2022,Darcy Ribeiro,Engenharia Florestal (Bacharelado),Diurno,CN,CN,False,,NEGROS,False,,-21.139,-21.139,2020-2022,2020,2022,3,Engenharia Florestal (Bacharelado) | Darcy Ribeiro,Engenharia Florestal (Bacharelado) | Diurno,Engenharia Florestal (Bacharelado) | CN,Engenharia Florestal (Bacharelado) | Darcy Ribeiro | Diurno,Engenharia Florestal (Bacharelado) | CN | Darcy Ribeiro,Engenharia Florestal (Bacharelado) | CN | Diurno
2020-2022,2022,Darcy Ribeiro,Engenharia Florestal (Bacharelado),Diurno,AC,AC,False,,,False,,-50.298,54.606,2020-2022,2020,2022,3,Engenharia Florestal (Bacharelado) | Darcy Ribeiro,Engenharia Florestal (Bacharelado) | Diurno,Engenharia Florestal (Bacharelado) | AC,Engenharia Florestal (Bacharelado) | Darcy Ribeiro | Diurno,Engenharia Florestal (Bacharelado) | AC | Darcy Ribeiro,Engenharia Florestal (Bacharelado) | AC | Diurno
2020-2022,2022,Darcy Ribeiro,Engenharia Mecatrônica (Bacharelado),Diurno,EP_R1_PPI,EP_R1_PPI,True,R1,PPI,False,1.5,-24.504,59.809,2020-2022,2020,2022,3,Engenharia Mecatrônica (Bacharelado) | Darcy Ribeiro,Engenharia Mecatrônica (Bacharelado) | Diurno,Engenharia Mecatrônica (Bacharelado) | EP_R1_PPI,Engenharia Mecatrônica (Bacharelado) | Darcy Ribeiro | Diurno,Engenharia Mecatrônica (Bacharelado) | EP_R1_PPI | Darcy Ribeiro,Engenharia Mecatrônica (Bacharelado) | EP_R1_PPI | Diurno
2020-2022,2022,Darcy Ribeiro,Engenharia Mecatrônica (Bacharelado),Diurno,EP_R1_NPPI,EP_R1_NPPI,True,R1,NPPI,False,1.5,-42.409,-41.277,2020-2022,2020,2022,3,Engenharia Mecatrônica (Bacharelado) | Darcy Ribeiro,Engenharia Mecatrônica (Bacharelado) | Diurno,Engenharia Mecatrônica (Bacharelado) | EP_R1_NPPI,Engenharia Mecatrônica (Bacharelado) | Darcy Ribeiro | Diurno,Engenharia Mecatrônica (Bacharelado) | EP_R1_NPPI | Darcy Ribeiro,Engenharia Mecatrônica (Bacharelado) | EP_R1_NPPI | Diurno
2020-2022,2022,Darcy Ribeiro,Engenharia Mecatrônica (Bacharelado),Diurno,EP_R2_PPI,EP_R2_PPI,True,R2,PPI,False,1.5,1.944,1.944,2020-2022,2020,2022,3,Engenharia Mecatrônica (Bacharelado) | Darcy Ribeiro,Engenharia Mecatrônica (Bacharelado) | Diurno,Engenharia Mecatrônica (Bacharelado) | EP_R2_PPI,Engenharia Mecatrônica (Bacharelado) | Darcy Ribeiro | Diurno,Engenharia Mecatrônica (Bacharelado) | EP_R2_PPI | Darcy Ribeiro,Engenharia Mecatrônica (Bacharelado) | EP_R2_PPI | Diurno
2020-2022,2022,Darcy Ribeiro,Engenharia Mecatrônica (Bacharelado),Diurno,EP_R2_NPPI,EP_R2_NPPI,True,R2,NPPI,False,1.5,-41.875,43.548,2020-2022,2020,2022,3,Engenharia Mecatrônica (Bacharelado) | Darcy Ribeiro,Engenharia Mecatrônica (Bacharelado) | Diurno,Engenharia Mecatrônica (Bacharelado) | EP_R2_NPPI,Engenharia Mecatrônica (Bacharelado) | Darcy Ribeiro | Diurno,Engenharia Mecatrônica (Bacharelado) | EP_R2_NPPI | Darcy Ribeiro,Engenharia Mecatrônica (Bacharelado) | EP_R2_NPPI | Diurno
2020-2022,2022,Darcy Ribeiro,Engenharia Mecatrônica (Bacharelado),Diurno,CN,CN,False,,NEGROS,False,,53.035,53.035,2020-2022,2020,2022,3,Engenharia Mecatrônica (Bacharelado) | Darcy Ribeiro,Engenharia Mecatrônica (Bacharelado) | Diurno,Engenharia Mecatrônica (Bacharelado) | CN,Engenharia Mecatrônica (Bacharelado) | Darcy Ribeiro | Diurno,Engenharia Mecatrônica (Bacharelado) | CN | Darcy Ribeiro,Engenharia Mecatrônica (Bacharelado) | CN | Diurno
2020-2022,2022,Darcy Ribeiro,Engenharia Mecatrônica (Bacharelado),Diurno,AC,AC,False,,,False,,116.231,162.86,2020-2022,2020,2022,3,Engenharia Mecatrônica (Bacharelado) | Darcy Ribeiro,Engenharia Mecatrônica (Bacharelado) | Diurno,Engenharia Mecatrônica (Bacharelado) | AC,Engenharia Mecatrônica (Bacharelado) | Darcy Ribeiro | Diurno,Engenharia Mecatrônica (Bacharelado) | AC | Darcy Ribeiro,Engenharia Mecatrônica (Bacharelado) | AC | Diurno
2020-2022,2022,Darcy Ribeiro,Engenharia Mecânica (Bacharelado),Diurno,EP_R1_PPI,EP_R1_PPI,True,R1,PPI,False,1.5,-34.593,-30.996,2020-2022,2020,2022,3,Engenharia Mecânica (Bacharelado) | Darcy Ribeiro,Engenharia Mecânica (Bacharelado) | Diurno,Engenharia Mecânica (Bacharelado) | EP_R1_PPI,Engenharia Mecânica (Bacharelado) | Darcy Ribeiro | Diurno,Engenharia Mecânica (Bacharelado) | EP_R1_PPI | Darcy Ribeiro,Engenharia Mecânica (Bacharelado) | EP_R1_PPI | Diurno
2020-2022,2022,Darcy Ribeiro,Engenharia Mecânica (Bacharelado),Diurno,EP_R2_PPI,EP_R2_PPI,True,R2,PPI,False,1.5,-84.626,-77.546,2020-2022,2020,2022,3,Engenharia Mecânica (Bacharelado) | Darcy Ribeiro,Engenharia Mecânica (Bacharelado) | Diurno,Engenharia Mecânica (Bacharelado) | EP_R2_PPI,Engenharia Mecânica (Bacharelado) | Darcy Ribeiro | Diurno,Engenharia Mecânica (Bacharelado) | EP_R2_PPI | Darcy Ribeiro,Engenharia Mecânica (Bacharelado) | EP_R2_PPI | Diurno
2020-2022,2022,Darcy Ribeiro,Engenharia Mecânica (Bacharelado),Diurno,EP_R2_NPPI,EP_R2_NPPI,True,R2,NPPI,False,1.5,-12.021,70.474,2020-2022,2020,2022,3,Engenharia Mecânica (Bacharelado) | Darcy Ribeiro,Engenharia Mecânica (Bacharelado) | Diurno,Engenharia Mecânica (Bacharelado) | EP_R2_NPPI,Engenharia Mecânica (Bacharelado) | Darcy Ribeiro | Diurno,Engenharia Mecânica (Bacharelado) | EP_R2_NPPI | Darcy Ribeiro,Engenharia Mecânica (Bacharelado) | EP_R2_NPPI | Diurno
2020-2022,2022,Darcy Ribeiro,Engenharia Mecânica (Bacharelado),Diurno,CN,CN,False,,NEGROS,False,,12.814,12.814,2020-2022,2020,2022,3,Engenharia Mecânica (Bacharelado) | Darcy Ribeiro,Engenharia Mecânica (Bacharelado) | Diurno,Engenharia Mecânica (Bacharelado) | CN,Engenharia Mecânica (Bacharelado) | Darcy Ribeiro | Diurno,Engenharia Mecânica (Bacharelado) | CN | Darcy Ribeiro,Engenharia Mecânica (Bacharelado) | CN | Diurno
2020-2022,2022,Darcy Ribeiro,Engenharia Mecânica (Bacharelado),Diurno,AC,AC,False,,,False,,58.439,154.863,2020-2022,2020,2022,3,Engenharia Mecânica (Bacharelado) | Darcy Ribeiro,Engenharia Mecânica (Bacharelado) | Diurno,Engenharia Mecânica (Bacharelado) | AC,Engenharia Mecânica (Bacharelado) | Darcy Ribeiro | Diurno,Engenharia Mecânica (Bacharelado) | AC | Darcy Ribeiro,Engenharia Mecânica (Bacharelado) | AC | Diurno
2020-2022,2022,Darcy Ribeiro,Engenharia Química (Bacharelado),Diurno,EP_R1_PPI,EP_R1_PPI,True,R1,PPI,False,1.5,5.172,46.146,2020-2022,2020,2022,3,Engenharia Química (Bacharelado) | Darcy Ribeiro,Engenharia Química (Bacharelado) | Diurno,Engenharia Química (Bacharelado) | EP_R1_PPI,Engenharia Química (Bacharelado) | Darcy Ribeiro | Diurno,Engenharia Química (Bacharelado) | EP_R1_PPI | Darcy Ribeiro,Engenharia Química (Bacharelado) | EP_R1_PPI | Diurno
2020-2022,2022,Darcy Ribeiro,Engenharia Química (Bacharelado),Diurno,EP_R1_NPPI,EP_R1_NPPI,True,R1,NPPI,False,1.5,-43.682,-43.682,2020-2022,2020,2022,3,Engenharia Química (Bacharelado) | Darcy Ribeiro,Engenharia Química (Bacharelado) | Diurno,Engenharia Química (Bacharelado) | EP_R1_NPPI,Engenharia Química (Bacharelado) | Darcy Ribeiro | Diurno,Engenharia Química (Bacharelado) | EP_R1_NPPI | Darcy Ribeiro,Engenharia Química (Bacharelado) | EP_R1_NPPI | Diurno
2020-2022,2022,Darcy Ribeiro,Engenharia Química (Bacharelado),Diurno,EP_R2_PPI,EP_R2_PPI,True,R2,PPI,False,1.5,30.811,59.008,2020-2022,2020,2022,3,Engenharia Química (Bacharelado) | Darcy Ribeiro,Engenharia Química (Bacharelado) | Diurno,Engenharia Química (Bacharelado) | EP_R2_PPI,Engenharia Química (Bacharelado) | Darcy Ribeiro | Diurno,Engenharia Química (Bacharelado) | EP_R2_PPI | Darcy Ribeiro,Engenharia Química (Bacharelado) | EP_R2_PPI | Diurno
2020-2022,2022,Darcy Ribeiro,Engenharia Química (Bacharelado),Diurno,EP_R2_NPPI,EP_R2_NPPI,True,R2,NPPI,False,1.5,51.7,79.292,2020-2022,2020,2022,3,Engenharia Química (Bacharelado) | Darcy Ribeiro,Engenharia Química (Bacharelado) | Diurno,Engenharia Química (Bacharelado) | EP_R2_NPPI,Engenharia Química (Bacharelado) | Darcy Ribeiro | Diurno,Engenharia Química (Bacharelado) | EP_R2_NPPI | Darcy Ribeiro,Engenharia Química (Bacharelado) | EP_R2_NPPI | Diurno
2020-2022,2022,Darcy Ribeiro,Engenharia Química (Bacharelado),Diurno,AC,AC,False,,,False,,59.512,108.454,2020-2022,2020,2022,3,Engenharia Química (Bacharelado) | Darcy Ribeiro,Engenharia Química (Bacharelado) | Diurno,Engenharia Química (Bacharelado) | AC,Engenharia Química (Bacharelado) | Darcy Ribeiro | Diurno,Engenharia Química (Bacharelado) | AC | Darcy Ribeiro,Engenharia Química (Bacharelado) | AC | Diurno
2020-2022,2022,Darcy Ribeiro,Engenharia de Computação (Bacharelado),Diurno,EP_R1_PPI,EP_R1_PPI,True,R1,PPI,False,1.5,-0.447,35.476,2020-2022,2020,2022,3,Engenharia de Computação (Bacharelado) | Darcy Ribeiro,Engenharia de Computação (Bacharelado) | Diurno,Engenharia de Computação (Bacharelado) | EP_R1_PPI,Engenharia de Computação (Bacharelado) | Darcy Ribeiro | Diurno,Engenharia de Computação (Bacharelado) | EP_R1_PPI | Darcy Ribeiro,Engenharia de Computação (Bacharelado) | EP_R1_PPI | Diurno
2020-2022,2022,Darcy Ribeiro,Engenharia de Computação (Bacharelado),Diurno,EP_R1_NPPI,EP_R1_NPPI,True,R1,NPPI,False,1.5,-52.218,-10.159,2020-2022,2020,2022,3,Engenharia de Computação (Bacharelado) | Darcy Ribeiro,Engenharia de Computação (Bacharelado) | Diurno,Engenharia de Computação (Bacharelado) | EP_R1_NPPI,Engenharia de Computação (Bacharelado) | Darcy Ribeiro | Diurno,Engenharia de Computação (Bacharelado) | EP_R1_NPPI | Darcy Ribeiro,Engenharia de Computação (Bacharelado) | EP_R1_NPPI | Diurno
2020-2022,2022,Darcy Ribeiro,Engenharia de Computação (Bacharelado),Diurno,EP_R2_PPI,EP_R2_PPI,True,R2,PPI,False,1.5,12.403,47.079,2020-2022,2020,2022,3,Engenharia de Computação (Bacharelado) | Darcy Ribeiro,Engenharia de Computação (Bacharelado) | Diurno,Engenharia de Computação (Bacharelado) | EP_R2_PPI,Engenharia de Computação (Bacharelado) | Darcy Ribeiro | Diurno,Engenharia de Computação (Bacharelado) | EP_R2_PPI | Darcy Ribeiro,Engenharia de Computação (Bacharelado) | EP_R2_PPI | Diurno
2020-2022,2022,Darcy Ribeiro,Engenharia de Computação (Bacharelado),Diurno,EP_R2_NPPI,EP_R2_NPPI,True,R2,NPPI,False,1.5,132.082,142.531,2020-2022,2020,2022,3,Engenharia de Computação (Bacharelado) | Darcy Ribeiro,Engenharia de Computação (Bacharelado) | Diurno,Engenharia de Computação (Bacharelado) | EP_R2_NPPI,Engenharia de Computação (Bacharelado) | Darcy Ribeiro | Diurno,Engenharia de Computação (Bacharelado) | EP_R2_NPPI | Darcy Ribeiro,Engenharia de Computação (Bacharelado) | EP_R2_NPPI | Diurno
2020-2022,2022,Darcy Ribeiro,Engenharia de Computação (Bacharelado),Diurno,CN,CN,False,,NEGROS,False,,44.324,44.324,2020-2022,2020,2022,3,Engenharia de Computação (Bacharelado) | Darcy Ribeiro,Engenharia de Computação (Bacharelado) | Diurno,Engenharia de Computação (Bacharelado) | CN,Engenharia de Computação (Bacharelado) | Darcy Ribeiro | Diurno,Engenharia de Computação (Bacharelado) | CN | Darcy Ribeiro,Engenharia de Computação (Bacharelado) | CN | Diurno
2020-2022,2022,Darcy Ribeiro,Engenharia de Computação (Bacharelado),Diurno,AC,AC,False,,,False,,120.321,160.318,2020-2022,2020,2022,3,Engenharia de Computação (Bacharelado) | Darcy Ribeiro,Engenharia de Computação (Bacharelado) | Diurno,Engenharia de Computação (Bacharelado) | AC,Engenharia de Computação (Bacharelado) | Darcy Ribeiro | Diurno,Engenharia de Computação (Bacharelado) | AC | Darcy Ribeiro,Engenharia de Computação (Bacharelado) | AC | Diurno
2020-2022,2022,Darcy Ribeiro,Engenharia de Produção (Bacharelado),Noturno,EP_R1_PPI,EP_R1_PPI,True,R1,PPI,False,1.5,11.401,11.401,2020-2022,2020,2022,3,Engenharia de Produção (Bacharelado) | Darcy Ribeiro,Engenharia de Produção (Bacharelado) | Noturno,Engenharia de Produção (Bacharelado) | EP_R1_PPI,Engenharia de Produção (Bacharelado) | Darcy Ribeiro | Noturno,Engenharia de Produção (Bacharelado) | EP_R1_PPI | Darcy Ribeiro,Engenharia de Produção (Bacharelado) | EP_R1_PPI | Noturno
2020-2022,2022,Darcy Ribeiro,Engenharia de Produção (Bacharelado),Noturno,CN,CN,False,,NEGROS,False,,27.336,27.336,2020-2022,2020,2022,3,Engenharia de Produção (Bacharelado) | Darcy Ribeiro,Engenharia de Produção (Bacharelado) | Noturno,Engenharia de Produção (Bacharelado) | CN,Engenharia de Produção (Bacharelado) | Darcy Ribeiro | Noturno,Engenharia de Produção (Bacharelado) | CN | Darcy Ribeiro,Engenharia de Produção (Bacharelado) | CN | Noturno
2020-2022,2022,Darcy Ribeiro,Engenharia de Produção (Bacharelado),Noturno,AC,AC,False,,,False,,38.913,159.558,2020-2022,2020,2022,3,Engenharia de Produção (Bacharelado) | Darcy Ribeiro,Engenharia de Produção (Bacharelado) | Noturno,Engenharia de Produção (Bacharelado) | AC,Engenharia de Produção (Bacharelado) | Darcy Ribeiro | Noturno,Engenharia de Produção (Bacharelado) | AC | Darcy Ribeiro,Engenharia de Produção (Bacharelado) | AC | Noturno
2020-2022,2022,Darcy Ribeiro,Engenharia de Redes de Comunicação (Bacharelado),Diurno,EP_R2_NPPI,EP_R2_NPPI,True,R2,NPPI,False,1.5,-49.0,-49.0,2020-2022,2020,2022,3,Engenharia de Redes de Comunicação (Bacharelado) | Darcy Ribeiro,Engenharia de Redes de Comunicação (Bacharelado) | Diurno,Engenharia de Redes de Comunicação (Bacharelado) | EP_R2_NPPI,Engenharia de Redes de Comunicação (Bacharelado) | Darcy Ribeiro | Diurno,Engenharia de Redes de Comunicação (Bacharelado) | EP_R2_NPPI | Darcy Ribeiro,Engenharia de Redes de Comunicação (Bacharelado) | EP_R2_NPPI | Diurno
2020-2022,2022,Darcy Ribeiro,Engenharia de Redes de Comunicação (Bacharelado),Diurno,CN,CN,False,,NEGROS,False,,67.472,67.472,2020-2022,2020,2022,3,Engenharia de Redes de Comunicação (Bacharelado) | Darcy Ribeiro,Engenharia de Redes de Comunicação (Bacharelado) | Diurno,Engenharia de Redes de Comunicação (Bacharelado) | CN,Engenharia de Redes de Comunicação (Bacharelado) | Darcy Ribeiro | Diurno,Engenharia de Redes de Comunicação (Bacharelado) | CN | Darcy Ribeiro,Engenharia de Redes de Comunicação (Bacharelado) | CN | Diurno
2020-2022,2022,Darcy Ribeiro,Engenharia de Redes de Comunicação (Bacharelado),Diurno,AC,AC,False,,,False,,-37.069,84.551,2020-2022,2020,2022,3,Engenharia de Redes de Comunicação (Bacharelado) | Darcy Ribeiro,Engenharia de Redes de Comunicação (Bacharelado) | Diurno,Engenharia de Redes de Comunicação (Bacharelado) | AC,Engenharia de Redes de Comunicação (Bacharelado) | Darcy Ribeiro | Diurno,Engenharia de Redes de Comunicação (Bacharelado) | AC | Darcy Ribeiro,Engenharia de Redes de Comunicação (Bacharelado) | AC | Diurno
2020-2022,2022,Darcy Ribeiro,Estatística (Bacharelado),Diurno,EP_R1_NPPI,EP_R1_NPPI,True,R1,NPPI,False,1.5,-32.737,-32.737,2020-2022,2020,2022,3,Estatística (Bacharelado) | Darcy Ribeiro,Estatística (Bacharelado) | Diurno,Estatística (Bacharelado) | EP_R1_NPPI,Estatística (Bacharelado) | Darcy Ribeiro | Diurno,Estatística (Bacharelado) | EP_R1_NPPI | Darcy Ribeiro,Estatística (Bacharelado) | EP_R1_NPPI | Diurno
2020-2022,2022,Darcy Ribeiro,Estatística (Bacharelado),Diurno,EP_R2_NPPI,EP_R2_NPPI,True,R2,NPPI,False,1.5,-49.618,5.697,2020-2022,2020,2022,3,Estatística (Bacharelado) | Darcy Ribeiro,Estatística (Bacharelado) | Diurno,Estatística (Bacharelado) | EP_R2_NPPI,Estatística (Bacharelado) | Darcy Ribeiro | Diurno,Estatística (Bacharelado) | EP_R2_NPPI | Darcy Ribeiro,Estatística (Bacharelado) | EP_R2_NPPI | Diurno
2020-2022,2022,Darcy Ribeiro,Estatística (Bacharelado),Diurno,AC,AC,False,,,False,,10.445,122.669,2020-2022,2020,2022,3,Estatística (Bacharelado) | Darcy Ribeiro,Estatística (Bacharelado) | Diurno,Estatística (Bacharelado) | AC,Estatística (Bacharelado) | Darcy Ribeiro | Diurno,Estatística (Bacharelado) | AC | Darcy Ribeiro,Estatística (Bacharelado) | AC | Diurno
2020-2022,2022,Darcy Ribeiro,Farmácia (Bacharelado),Diurno,EP_R1_PPI,EP_R1_PPI,True,R1,PPI,False,1.5,-4.013,-0.12,2020-2022,2020,2022,3,Farmácia (Bacharelado) | Darcy Ribeiro,Farmácia (Bacharelado) | Diurno,Farmácia (Bacharelado) | EP_R1_PPI,Farmácia (Bacharelado) | Darcy Ribeiro | Diurno,Farmácia (Bacharelado) | EP_R1_PPI | Darcy Ribeiro,Farmácia (Bacharelado) | EP_R1_PPI | Diurno
2020-2022,2022,Darcy Ribeiro,Farmácia (Bacharelado),Diurno,EP_R1_NPPI,EP_R1_NPPI,True,R1,NPPI,False,1.5,-14.318,-8.04,2020-2022,2020,2022,3,Farmácia (Bacharelado) | Darcy Ribeiro,Farmácia (Bacharelado) | Diurno,Farmácia (Bacharelado) | EP_R1_NPPI,Farmácia (Bacharelado) | Darcy Ribeiro | Diurno,Farmácia (Bacharelado) | EP_R1_NPPI | Darcy Ribeiro,Farmácia (Bacharelado) | EP_R1_NPPI | Diurno
2020-2022,2022,Darcy Ribeiro,Farmácia (Bacharelado),Diurno,EP_R2_PPI,EP_R2_PPI,True,R2,PPI,False,1.5,-18.29,26.718,2020-2022,2020,2022,3,Farmácia (Bacharelado) | Darcy Ribeiro,Farmácia (Bacharelado) | Diurno,Farmácia (Bacharelado) | EP_R2_PPI,Farmácia (Bacharelado) | Darcy Ribeiro | Diurno,Farmácia (Bacharelado) | EP_R2_PPI | Darcy Ribeiro,Farmácia (Bacharelado) | EP_R2_PPI | Diurno
2020-2022,2022,Darcy Ribeiro,Farmácia (Bacharelado),Diurno,EP_R2_NPPI,EP_R2_NPPI,True,R2,NPPI,False,1.5,72.441,79.533,2020-2022,2020,2022,3,Farmácia (Bacharelado) | Darcy Ribeiro,Farmácia (Bacharelado) | Diurno,Farmácia (Bacharelado) | EP_R2_NPPI,Farmácia (Bacharelado) | Darcy Ribeiro | Diurno,Farmácia (Bacharelado) | EP_R2_NPPI | Darcy Ribeiro,Farmácia (Bacharelado) | EP_R2_NPPI | Diurno
2020-2022,2022,Darcy Ribeiro,Farmácia (Bacharelado),Diurno,CN,CN,False,,NEGROS,False,,-29.349,-29.349,2020-2022,2020,2022,3,Farmácia (Bacharelado) | Darcy Ribeiro,Farmácia (Bacharelado) | Diurno,Farmácia (Bacharelado) | CN,Farmácia (Bacharelado) | Darcy Ribeiro | Diurno,Farmácia (Bacharelado) | CN | Darcy Ribeiro,Farmácia (Bacharelado) | CN | Diurno
2020-2022,2022,Darcy Ribeiro,Farmácia (Bacharelado),Diurno,AC,AC,False,,,False,,57.242,101.253,2020-2022,2020,2022,3,Farmácia (Bacharelado) | Darcy Ribeiro,Farmácia (Bacharelado) | Diurno,Farmácia (Bacharelado) | AC,Farmácia (Bacharelado) | Darcy Ribeiro | Diurno,Farmácia (Bacharelado) | AC | Darcy Ribeiro,Farmácia (Bacharelado) | AC | Diurno
2020-2022,2022,Darcy Ribeiro,Farmácia (Bacharelado),Noturno,EP_R1_PPI,EP_R1_PPI,True,R1,PPI,False,1.5,-12.46,40.572,2020-2022,2020,2022,3,Farmácia (Bacharelado) | Darcy Ribeiro,Farmácia (Bacharelado) | Noturno,Farmácia (Bacharelado) | EP_R1_PPI,Farmácia (Bacharelado) | Darcy Ribeiro | Noturno,Farmácia (Bacharelado) | EP_R1_PPI | Darcy Ribeiro,Farmácia (Bacharelado) | EP_R1_PPI | Noturno
2020-2022,2022,Darcy Ribeiro,Farmácia (Bacharelado),Noturno,EP_R1_NPPI,EP_R1_NPPI,True,R1,NPPI,False,1.5,-23.033,12.84,2020-2022,2020,2022,3,Farmácia (Bacharelado) | Darcy Ribeiro,Farmácia (Bacharelado) | Noturno,Farmácia (Bacharelado) | EP_R1_NPPI,Farmácia (Bacharelado) | Darcy Ribeiro | Noturno,Farmácia (Bacharelado) | EP_R1_NPPI | Darcy Ribeiro,Farmácia (Bacharelado) | EP_R1_NPPI | Noturno
2020-2022,2022,Darcy Ribeiro,Farmácia (Bacharelado),Noturno,EP_R2_PPI,EP_R2_PPI,True,R2,PPI,False,1.5,-48.92,-1.44,2020-2022,2020,2022,3,Farmácia (Bacharelado) | Darcy Ribeiro,Farmácia (Bacharelado) | Noturno,Farmácia (Bacharelado) | EP_R2_PPI,Farmácia (Bacharelado) | Darcy Ribeiro | Noturno,Farmácia (Bacharelado) | EP_R2_PPI | Darcy Ribeiro,Farmácia (Bacharelado) | EP_R2_PPI | Noturno
2020-2022,2022,Darcy Ribeiro,Farmácia (Bacharelado),Noturno,EP_R2_NPPI,EP_R2_NPPI,True,R2,NPPI,False,1.5,13.926,13.926,2020-2022,2020,2022,3,Farmácia (Bacharelado) | Darcy Ribeiro,Farmácia (Bacharelado) | Noturno,Farmácia (Bacharelado) | EP_R2_NPPI,Farmácia (Bacharelado) | Darcy Ribeiro | Noturno,Farmácia (Bacharelado) | EP_R2_NPPI | Darcy Ribeiro,Farmácia (Bacharelado) | EP_R2_NPPI | Noturno
2020-2022,2022,Darcy Ribeiro,Farmácia (Bacharelado),Noturno,CN,CN,False,,NEGROS,False,,27.978,27.978,2020-2022,2020,2022,3,Farmácia (Bacharelado) | Darcy Ribeiro,Farmácia (Bacharelado) | Noturno,Farmácia (Bacharelado) | CN,Farmácia (Bacharelado) | Darcy Ribeiro | Noturno,Farmácia (Bacharelado) | CN | Darcy Ribeiro,Farmácia (Bacharelado) | CN | Noturno
2020-2022,2022,Darcy Ribeiro,Farmácia (Bacharelado),Noturno,AC,AC,False,,,False,,1.833,15.434,2020-2022,2020,2022,3,Farmácia (Bacharelado) | Darcy Ribeiro,Farmácia (Bacharelado) | Noturno,Farmácia (Bacharelado) | AC,Farmácia (Bacharelado) | Darcy Ribeiro | Noturno,Farmácia (Bacharelado) | AC | Darcy Ribeiro,Farmácia (Bacharelado) | AC | Noturno
2020-2022,2022,Darcy Ribeiro,Filosofia (Bacharelado/Licenciatura),Diurno,EP_R1_PPI,EP_R1_PPI,True,R1,PPI,False,1.5,-55.356,-55.356,2020-2022,2020,2022,3,Filosofia (Bacharelado/Licenciatura) | Darcy Ribeiro,Filosofia (Bacharelado/Licenciatura) | Diurno,Filosofia (Bacharelado/Licenciatura) | EP_R1_PPI,Filosofia (Bacharelado/Licenciatura) | Darcy Ribeiro | Diurno,Filosofia (Bacharelado/Licenciatura) | EP_R1_PPI | Darcy Ribeiro,Filosofia (Bacharelado/Licenciatura) | EP_R1_PPI | Diurno
2020-2022,2022,Darcy Ribeiro,Filosofia (Bacharelado/Licenciatura),Diurno,EP_R2_PPI,EP_R2_PPI,True,R2,PPI,False,1.5,-24.861,-18.079,2020-2022,2020,2022,3,Filosofia (Bacharelado/Licenciatura) | Darcy Ribeiro,Filosofia (Bacharelado/Licenciatura) | Diurno,Filosofia (Bacharelado/Licenciatura) | EP_R2_PPI,Filosofia (Bacharelado/Licenciatura) | Darcy Ribeiro | Diurno,Filosofia (Bacharelado/Licenciatura) | EP_R2_PPI | Darcy Ribeiro,Filosofia (Bacharelado/Licenciatura) | EP_R2_PPI | Diurno
2020-2022,2022,Darcy Ribeiro,Filosofia (Bacharelado/Licenciatura),Diurno,EP_R2_NPPI,EP_R2_NPPI,True,R2,NPPI,False,1.5,-36.86,29.673,2020-2022,2020,2022,3,Filosofia (Bacharelado/Licenciatura) | Darcy Ribeiro,Filosofia (Bacharelado/Licenciatura) | Diurno,Filosofia (Bacharelado/Licenciatura) | EP_R2_NPPI,Filosofia (Bacharelado/Licenciatura) | Darcy Ribeiro | Diurno,Filosofia (Bacharelado/Licenciatura) | EP_R2_NPPI | Darcy Ribeiro,Filosofia (Bacharelado/Licenciatura) | EP_R2_NPPI | Diurno
2020-2022,2022,Darcy Ribeiro,Filosofia (Bacharelado/Licenciatura),Diurno,AC,AC,False,,,False,,-65.778,92.933,2020-2022,2020,2022,3,Filosofia (Bacharelado/Licenciatura) | Darcy Ribeiro,Filosofia (Bacharelado/Licenciatura) | Diurno,Filosofia (Bacharelado/Licenciatura) | AC,Filosofia (Bacharelado/Licenciatura) | Darcy Ribeiro | Diurno,Filosofia (Bacharelado/Licenciatura) | AC | Darcy Ribeiro,Filosofia (Bacharelado/Licenciatura) | AC | Diurno
2020-2022,2022,Darcy Ribeiro,Filosofia (Licenciatura),Noturno,EP_R2_PPI,EP_R2_PPI,True,R2,PPI,False,1.5,-20.759,-20.759,2020-2022,2020,2022,3,Filosofia (Licenciatura) | Darcy Ribeiro,Filosofia (Licenciatura) | Noturno,Filosofia (Licenciatura) | EP_R2_PPI,Filosofia (Licenciatura) | Darcy Ribeiro | Noturno,Filosofia (Licenciatura) | EP_R2_PPI | Darcy Ribeiro,Filosofia (Licenciatura) | EP_R2_PPI | Noturno
2020-2022,2022,Darcy Ribeiro,Filosofia (Licenciatura),Noturno,AC,AC,False,,,False,,-30.212,2.725,2020-2022,2020,2022,3,Filosofia (Licenciatura) | Darcy Ribeiro,Filosofia (Licenciatura) | Noturno,Filosofia (Licenciatura) | AC,Filosofia (Licenciatura) | Darcy Ribeiro | Noturno,Filosofia (Licenciatura) | AC | Darcy Ribeiro,Filosofia (Licenciatura) | AC | Noturno
2020-2022,2022,Darcy Ribeiro,Física (Bacharelado),Diurno,EP_R1_PPI,EP_R1_PPI,True,R1,PPI,False,1.5,72.767,72.767,2020-2022,2020,2022,3,Física (Bacharelado) | Darcy Ribeiro,Física (Bacharelado) | Diurno,Física (Bacharelado) | EP_R1_PPI,Física (Bacharelado) | Darcy Ribeiro | Diurno,Física (Bacharelado) | EP_R1_PPI | Darcy Ribeiro,Física (Bacharelado) | EP_R1_PPI | Diurno
2020-2022,2022,Darcy Ribeiro,Física (Bacharelado),Diurno,EP_R1_NPPI,EP_R1_NPPI,True,R1,NPPI,False,1.5,-20.071,43.762,2020-2022,2020,2022,3,Física (Bacharelado) | Darcy Ribeiro,Física (Bacharelado) | Diurno,Física (Bacharelado) | EP_R1_NPPI,Física (Bacharelado) | Darcy Ribeiro | Diurno,Física (Bacharelado) | EP_R1_NPPI | Darcy Ribeiro,Física (Bacharelado) | EP_R1_NPPI | Diurno
2020-2022,2022,Darcy Ribeiro,Física (Bacharelado),Diurno,EP_R2_PPI,EP_R2_PPI,True,R2,PPI,False,1.5,-19.355,-19.355,2020-2022,2020,2022,3,Física (Bacharelado) | Darcy Ribeiro,Física (Bacharelado) | Diurno,Física (Bacharelado) | EP_R2_PPI,Física (Bacharelado) | Darcy Ribeiro | Diurno,Física (Bacharelado) | EP_R2_PPI | Darcy Ribeiro,Física (Bacharelado) | EP_R2_PPI | Diurno
2020-2022,2022,Darcy Ribeiro,Física (Bacharelado),Diurno,EP_R2_NPPI,EP_R2_NPPI,True,R2,NPPI,False,1.5,-72.92,99.501,2020-2022,2020,2022,3,Física (Bacharelado) | Darcy Ribeiro,Física (Bacharelado) | Diurno,Física (Bacharelado) | EP_R2_NPPI,Física (Bacharelado) | Darcy Ribeiro | Diurno,Física (Bacharelado) | EP_R2_NPPI | Darcy Ribeiro,Física (Bacharelado) | EP_R2_NPPI | Diurno
2020-2022,2022,Darcy Ribeiro,Física (Bacharelado),Diurno,CN,CN,False,,NEGROS,False,,60.143,60.143,2020-2022,2020,2022,3,Física (Bacharelado) | Darcy Ribeiro,Física (Bacharelado) | Diurno,Física (Bacharelado) | CN,Física (Bacharelado) | Darcy Ribeiro | Diurno,Física (Bacharelado) | CN | Darcy Ribeiro,Física (Bacharelado) | CN | Diurno
2020-2022,2022,Darcy Ribeiro,Física (Bacharelado),Diurno,AC,AC,False,,,False,,18.948,130.469,2020-2022,2020,2022,3,Física (Bacharelado) | Darcy Ribeiro,Física (Bacharelado) | Diurno,Física (Bacharelado) | AC,Física (Bacharelado) | Darcy Ribeiro | Diurno,Física (Bacharelado) | AC | Darcy Ribeiro,Física (Bacharelado) | AC | Diurno
2020-2022,2022,Darcy Ribeiro,Física (Licenciatura),Noturno,EP_R1_NPPI,EP_R1_NPPI,True,R1,NPPI,False,1.5,-59.91,26.842,2020-2022,2020,2022,3,Física (Licenciatura) | Darcy Ribeiro,Física (Licenciatura) | Noturno,Física (Licenciatura) | EP_R1_NPPI,Física (Licenciatura) | Darcy Ribeiro | Noturno,Física (Licenciatura) | EP_R1_NPPI | Darcy Ribeiro,Física (Licenciatura) | EP_R1_NPPI | Noturno
2020-2022,2022,Darcy Ribeiro,Física (Licenciatura),Noturno,CN,CN,False,,NEGROS,False,,-46.226,-46.226,2020-2022,2020,2022,3,Física (Licenciatura) | Darcy Ribeiro,Física (Licenciatura) | Noturno,Física (Licenciatura) | CN,Física (Licenciatura) | Darcy Ribeiro | Noturno,Física (Licenciatura) | CN | Darcy Ribeiro,Física (Licenciatura) | CN | Noturno
2020-2022,2022,Darcy Ribeiro,Física (Licenciatura),Noturno,AC,AC,False,,,False,,-76.547,52.384,2020-2022,2020,2022,3,Física (Licenciatura) | Darcy Ribeiro,Física (Licenciatura) | Noturno,Física (Licenciatura) | AC,Física (Licenciatura) | Darcy Ribeiro | Noturno,Física (Licenciatura) | AC | Darcy Ribeiro,Física (Licenciatura) | AC | Noturno
2020-2022,2022,Darcy Ribeiro,Geofísica (Bacharelado),Diurno,EP_R1_PPI,EP_R1_PPI,True,R1,PPI,False,1.5,-16.259,-16.259,2020-2022,2020,2022,3,Geofísica (Bacharelado) | Darcy Ribeiro,Geofísica (Bacharelado) | Diurno,Geofísica (Bacharelado) | EP_R1_PPI,Geofísica (Bacharelado) | Darcy Ribeiro | Diurno,Geofísica (Bacharelado) | EP_R1_PPI | Darcy Ribeiro,Geofísica (Bacharelado) | EP_R1_PPI | Diurno
2020-2022,2022,Darcy Ribeiro,Geofísica (Bacharelado),Diurno,EP_R1_NPPI,EP_R1_NPPI,True,R1,NPPI,False,1.5,-40.118,-40.118,2020-2022,2020,2022,3,Geofísica (Bacharelado) | Darcy Ribeiro,Geofísica (Bacharelado) | Diurno,Geofísica (Bacharelado) | EP_R1_NPPI,Geofísica (Bacharelado) | Darcy Ribeiro | Diurno,Geofísica (Bacharelado) | EP_R1_NPPI | Darcy Ribeiro,Geofísica (Bacharelado) | EP_R1_NPPI | Diurno
2020-2022,2022,Darcy Ribeiro,Geofísica (Bacharelado),Diurno,AC,AC,False,,,False,,-30.09,113.042,2020-2022,2020,2022,3,Geofísica (Bacharelado) | Darcy Ribeiro,Geofísica (Bacharelado) | Diurno,Geofísica (Bacharelado) | AC,Geofísica (Bacharelado) | Darcy Ribeiro | Diurno,Geofísica (Bacharelado) | AC | Darcy Ribeiro,Geofísica (Bacharelado) | AC | Diurno
2020-2022,2022,Darcy Ribeiro,Geografia (Bacharelado/Licenciatura),Diurno,EP_R1_NPPI,EP_R1_NPPI,True,R1,NPPI,False,1.5,-35.349,-13.749,2020-2022,2020,2022,3,Geografia (Bacharelado/Licenciatura) | Darcy Ribeiro,Geografia (Bacharelado/Licenciatura) | Diurno,Geografia (Bacharelado/Licenciatura) | EP_R1_NPPI,Geografia (Bacharelado/Licenciatura) | Darcy Ribeiro | Diurno,Geografia (Bacharelado/Licenciatura) | EP_R1_NPPI | Darcy Ribeiro,Geografia (Bacharelado/Licenciatura) | EP_R1_NPPI | Diurno
2020-2022,2022,Darcy Ribeiro,Geografia (Bacharelado/Licenciatura),Diurno,EP_R2_PPI,EP_R2_PPI,True,R2,PPI,False,1.5,-16.626,-16.626,2020-2022,2020,2022,3,Geografia (Bacharelado/Licenciatura) | Darcy Ribeiro,Geografia (Bacharelado/Licenciatura) | Diurno,Geografia (Bacharelado/Licenciatura) | EP_R2_PPI,Geografia (Bacharelado/Licenciatura) | Darcy Ribeiro | Diurno,Geografia (Bacharelado/Licenciatura) | EP_R2_PPI | Darcy Ribeiro,Geografia (Bacharelado/Licenciatura) | EP_R2_PPI | Diurno
2020-2022,2022,Darcy Ribeiro,Geografia (Bacharelado/Licenciatura),Diurno,AC,AC,False,,,False,,-23.824,96.723,2020-2022,2020,2022,3,Geografia (Bacharelado/Licenciatura) | Darcy Ribeiro,Geografia (Bacharelado/Licenciatura) | Diurno,Geografia (Bacharelado/Licenciatura) | AC,Geografia (Bacharelado/Licenciatura) | Darcy Ribeiro | Diurno,Geografia (Bacharelado/Licenciatura) | AC | Darcy Ribeiro,Geografia (Bacharelado/Licenciatura) | AC | Diurno
2020-2022,2022,Darcy Ribeiro,Geologia (Bacharelado),Diurno,EP_R1_PPI,EP_R1_PPI,True,R1,PPI,False,1.5,-14.615,-14.615,2020-2022,2020,2022,3,Geologia (Bacharelado) | Darcy Ribeiro,Geologia (Bacharelado) | Diurno,Geologia (Bacharelado) | EP_R1_PPI,Geologia (Bacharelado) | Darcy Ribeiro | Diurno,Geologia (Bacharelado) | EP_R1_PPI | Darcy Ribeiro,Geologia (Bacharelado) | EP_R1_PPI | Diurno
2020-2022,2022,Darcy Ribeiro,Geologia (Bacharelado),Diurno,EP_R2_PPI,EP_R2_PPI,True,R2,PPI,False,1.5,-34.358,-10.741,2020-2022,2020,2022,3,Geologia (Bacharelado) | Darcy Ribeiro,Geologia (Bacharelado) | Diurno,Geologia (Bacharelado) | EP_R2_PPI,Geologia (Bacharelado) | Darcy Ribeiro | Diurno,Geologia (Bacharelado) | EP_R2_PPI | Darcy Ribeiro,Geologia (Bacharelado) | EP_R2_PPI | Diurno
2020-2022,2022,Darcy Ribeiro,Geologia (Bacharelado),Diurno,CN,CN,False,,NEGROS,False,,-36.67,-36.67,2020-2022,2020,2022,3,Geologia (Bacharelado) | Darcy Ribeiro,Geologia (Bacharelado) | Diurno,Geologia (Bacharelado) | CN,Geologia (Bacharelado) | Darcy Ribeiro | Diurno,Geologia (Bacharelado) | CN | Darcy Ribeiro,Geologia (Bacharelado) | CN | Diurno
2020-2022,2022,Darcy Ribeiro,Geologia (Bacharelado),Diurno,AC,AC,False,,,False,,-54.123,77.924,2020-2022,2020,2022,3,Geologia (Bacharelado) | Darcy Ribeiro,Geologia (Bacharelado) | Diurno,Geologia (Bacharelado) | AC,Geologia (Bacharelado) | Darcy Ribeiro | Diurno,Geologia (Bacharelado) | AC | Darcy Ribeiro,Geologia (Bacharelado) | AC | Diurno
2020-2022,2022,Darcy Ribeiro,Gestão de Agronegócio (Bacharelado),Noturno,AC,AC,False,,,False,,-60.214,-19.741,2020-2022,2020,2022,3,Gestão de Agronegócio (Bacharelado) | Darcy Ribeiro,Gestão de Agronegócio (Bacharelado) | Noturno,Gestão de Agronegócio (Bacharelado) | AC,Gestão de Agronegócio (Bacharelado) | Darcy Ribeiro | Noturno,Gestão de Agronegócio (Bacharelado) | AC | Darcy Ribeiro,Gestão de Agronegócio (Bacharelado) | AC | Noturno
2020-2022,2022,Darcy Ribeiro,Gestão de Políticas Públicas (Bacharelado),Noturno,EP_R1_PPI,EP_R1_PPI,True,R1,PPI,False,1.5,-45.045,-45.045,2020-2022,2020,2022,3,Gestão de Políticas Públicas (Bacharelado) | Darcy Ribeiro,Gestão de Políticas Públicas (Bacharelado) | Noturno,Gestão de Políticas Públicas (Bacharelado) | EP_R1_PPI,Gestão de Políticas Públicas (Bacharelado) | Darcy Ribeiro | Noturno,Gestão de Políticas Públicas (Bacharelado) | EP_R1_PPI | Darcy Ribeiro,Gestão de Políticas Públicas (Bacharelado) | EP_R1_PPI | Noturno
2020-2022,2022,Darcy Ribeiro,Gestão de Políticas Públicas (Bacharelado),Noturno,EP_R1_NPPI,EP_R1_NPPI,True,R1,NPPI,False,1.5,-40.811,-40.811,2020-2022,2020,2022,3,Gestão de Políticas Públicas (Bacharelado) | Darcy Ribeiro,Gestão de Políticas Públicas (Bacharelado) | Noturno,Gestão de Políticas Públicas (Bacharelado) | EP_R1_NPPI,Gestão de Políticas Públicas (Bacharelado) | Darcy Ribeiro | Noturno,Gestão de Políticas Públicas (Bacharelado) | EP_R1_NPPI | Darcy Ribeiro,Gestão de Políticas Públicas (Bacharelado) | EP_R1_NPPI | Noturno
2020-2022,2022,Darcy Ribeiro,Gestão de Políticas Públicas (Bacharelado),Noturno,EP_R2_NPPI,EP_R2_NPPI,True,R2,NPPI,False,1.5,-26.029,-6.666,2020-2022,2020,2022,3,Gestão de Políticas Públicas (Bacharelado) | Darcy Ribeiro,Gestão de Políticas Públicas (Bacharelado) | Noturno,Gestão de Políticas Públicas (Bacharelado) | EP_R2_NPPI,Gestão de Políticas Públicas (Bacharelado) | Darcy Ribeiro | Noturno,Gestão de Políticas Públicas (Bacharelado) | EP_R2_NPPI | Darcy Ribeiro,Gestão de Políticas Públicas (Bacharelado) | EP_R2_NPPI | Noturno
2020-2022,2022,Darcy Ribeiro,Gestão de Políticas Públicas (Bacharelado),Noturno,CN,CN,False,,NEGROS,False,,-18.676,-18.676,2020-2022,2020,2022,3,Gestão de Políticas Públicas (Bacharelado) | Darcy Ribeiro,Gestão de Políticas Públicas (Bacharelado) | Noturno,Gestão de Políticas Públicas (Bacharelado) | CN,Gestão de Políticas Públicas (Bacharelado) | Darcy Ribeiro | Noturno,Gestão de Políticas Públicas (Bacharelado) | CN | Darcy Ribeiro,Gestão de Políticas Públicas (Bacharelado) | CN | Noturno
2020-2022,2022,Darcy Ribeiro,Gestão de Políticas Públicas (Bacharelado),Noturno,AC,AC,False,,,False,,-65.744,40.755,2020-2022,2020,2022,3,Gestão de Políticas Públicas (Bacharelado) | Darcy Ribeiro,Gestão de Políticas Públicas (Bacharelado) | Noturno,Gestão de Políticas Públicas (Bacharelado) | AC,Gestão de Políticas Públicas (Bacharelado) | Darcy Ribeiro | Noturno,Gestão de Políticas Públicas (Bacharelado) | AC | Darcy Ribeiro,Gestão de Políticas Públicas (Bacharelado) | AC | Noturno
2020-2022,2022,Darcy Ribeiro,História (Bacharelado/Licenciatura),Diurno,EP_R1_PPI,EP_R1_PPI,True,R1,PPI,False,1.5,-7.038,38.18,2020-2022,2020,2022,3,História (Bacharelado/Licenciatura) | Darcy Ribeiro,História (Bacharelado/Licenciatura) | Diurno,História (Bacharelado/Licenciatura) | EP_R1_PPI,História (Bacharelado/Licenciatura) | Darcy Ribeiro | Diurno,História (Bacharelado/Licenciatura) | EP_R1_PPI | Darcy Ribeiro,História (Bacharelado/Licenciatura) | EP_R1_PPI | Diurno
2020-2022,2022,Darcy Ribeiro,História (Bacharelado/Licenciatura),Diurno,EP_R1_NPPI,EP_R1_NPPI,True,R1,NPPI,False,1.5,-9.575,-2.267,2020-2022,2020,2022,3,História (Bacharelado/Licenciatura) | Darcy Ribeiro,História (Bacharelado/Licenciatura) | Diurno,História (Bacharelado/Licenciatura) | EP_R1_NPPI,História (Bacharelado/Licenciatura) | Darcy Ribeiro | Diurno,História (Bacharelado/Licenciatura) | EP_R1_NPPI | Darcy Ribeiro,História (Bacharelado/Licenciatura) | EP_R1_NPPI | Diurno
2020-2022,2022,Darcy Ribeiro,História (Bacharelado/Licenciatura),Diurno,EP_R2_PPI,EP_R2_PPI,True,R2,PPI,False,1.5,-35.056,-16.391,2020-2022,2020,2022,3,História (Bacharelado/Licenciatura) | Darcy Ribeiro,História (Bacharelado/Licenciatura) | Diurno,História (Bacharelado/Licenciatura) | EP_R2_PPI,História (Bacharelado/Licenciatura) | Darcy Ribeiro | Diurno,História (Bacharelado/Licenciatura) | EP_R2_PPI | Darcy Ribeiro,História (Bacharelado/Licenciatura) | EP_R2_PPI | Diurno
2020-2022,2022,Darcy Ribeiro,História (Bacharelado/Licenciatura),Diurno,EP_R2_NPPI,EP_R2_NPPI,True,R2,NPPI,False,1.5,19.641,34.497,2020-2022,2020,2022,3,História (Bacharelado/Licenciatura) | Darcy Ribeiro,História (Bacharelado/Licenciatura) | Diurno,História (Bacharelado/Licenciatura) | EP_R2_NPPI,História (Bacharelado/Licenciatura) | Darcy Ribeiro | Diurno,História (Bacharelado/Licenciatura) | EP_R2_NPPI | Darcy Ribeiro,História (Bacharelado/Licenciatura) | EP_R2_NPPI | Diurno
2020-2022,2022,Darcy Ribeiro,História (Bacharelado/Licenciatura),Diurno,CN,CN,False,,NEGROS,False,,-36.358,-36.358,2020-2022,2020,2022,3,História (Bacharelado/Licenciatura) | Darcy Ribeiro,História (Bacharelado/Licenciatura) | Diurno,História (Bacharelado/Licenciatura) | CN,História (Bacharelado/Licenciatura) | Darcy Ribeiro | Diurno,História (Bacharelado/Licenciatura) | CN | Darcy Ribeiro,História (Bacharelado/Licenciatura) | CN | Diurno
2020-2022,2022,Darcy Ribeiro,História (Bacharelado/Licenciatura),Diurno,AC,AC,False,,,False,,41.891,79.295,2020-2022,2020,2022,3,História (Bacharelado/Licenciatura) | Darcy Ribeiro,História (Bacharelado/Licenciatura) | Diurno,História (Bacharelado/Licenciatura) | AC,História (Bacharelado/Licenciatura) | Darcy Ribeiro | Diurno,História (Bacharelado/Licenciatura) | AC | Darcy Ribeiro,História (Bacharelado/Licenciatura) | AC | Diurno
2020-2022,2022,Darcy Ribeiro,História (Licenciatura),Noturno,EP_R1_PPI,EP_R1_PPI,True,R1,PPI,False,1.5,-43.023,-43.023,2020-2022,2020,2022,3,História (Licenciatura) | Darcy Ribeiro,História (Licenciatura) | Noturno,História (Licenciatura) | EP_R1_PPI,História (Licenciatura) | Darcy Ribeiro | Noturno,História (Licenciatura) | EP_R1_PPI | Darcy Ribeiro,História (Licenciatura) | EP_R1_PPI | Noturno
2020-2022,2022,Darcy Ribeiro,História (Licenciatura),Noturno,EP_R1_NPPI,EP_R1_NPPI,True,R1,NPPI,False,1.5,9.29,9.29,2020-2022,2020,2022,3,História (Licenciatura) | Darcy Ribeiro,História (Licenciatura) | Noturno,História (Licenciatura) | EP_R1_NPPI,História (Licenciatura) | Darcy Ribeiro | Noturno,História (Licenciatura) | EP_R1_NPPI | Darcy Ribeiro,História (Licenciatura) | EP_R1_NPPI | Noturno
2020-2022,2022,Darcy Ribeiro,História (Licenciatura),Noturno,EP_R2_PPI,EP_R2_PPI,True,R2,PPI,False,1.5,-24.296,-9.636,2020-2022,2020,2022,3,História (Licenciatura) | Darcy Ribeiro,História (Licenciatura) | Noturno,História (Licenciatura) | EP_R2_PPI,História (Licenciatura) | Darcy Ribeiro | Noturno,História (Licenciatura) | EP_R2_PPI | Darcy Ribeiro,História (Licenciatura) | EP_R2_PPI | Noturno
2020-2022,2022,Darcy Ribeiro,História (Licenciatura),Noturno,AC,AC,False,,,False,,-67.087,59.169,2020-2022,2020,2022,3,História (Licenciatura) | Darcy Ribeiro,História (Licenciatura) | Noturno,História (Licenciatura) | AC,História (Licenciatura) | Darcy Ribeiro | Noturno,História (Licenciatura) | AC | Darcy Ribeiro,História (Licenciatura) | AC | Noturno
2020-2022,2022,Darcy Ribeiro,Japonês (Licenciatura),Noturno,EP_R2_NPPI,EP_R2_NPPI,True,R2,NPPI,False,1.5,-19.674,-19.674,2020-2022,2020,2022,3,Japonês (Licenciatura) | Darcy Ribeiro,Japonês (Licenciatura) | Noturno,Japonês (Licenciatura) | EP_R2_NPPI,Japonês (Licenciatura) | Darcy Ribeiro | Noturno,Japonês (Licenciatura) | EP_R2_NPPI | Darcy Ribeiro,Japonês (Licenciatura) | EP_R2_NPPI | Noturno
2020-2022,2022,Darcy Ribeiro,Japonês (Licenciatura),Noturno,CN,CN,False,,NEGROS,False,,-59.483,-59.483,2020-2022,2020,2022,3,Japonês (Licenciatura) | Darcy Ribeiro,Japonês (Licenciatura) | Noturno,Japonês (Licenciatura) | CN,Japonês (Licenciatura) | Darcy Ribeiro | Noturno,Japonês (Licenciatura) | CN | Darcy Ribeiro,Japonês (Licenciatura) | CN | Noturno
2020-2022,2022,Darcy Ribeiro,Japonês (Licenciatura),Noturno,AC,AC,False,,,False,,-53.013,-0.264,2020-2022,2020,2022,3,Japonês (Licenciatura) | Darcy Ribeiro,Japonês (Licenciatura) | Noturno,Japonês (Licenciatura) | AC,Japonês (Licenciatura) | Darcy Ribeiro | Noturno,Japonês (Licenciatura) | AC | Darcy Ribeiro,Japonês (Licenciatura) | AC | Noturno
2020-2022,2022,Darcy Ribeiro,Jornalismo (Bacharelado),Diurno,EP_R1_PPI,EP_R1_PPI,True,R1,PPI,False,1.5,-36.033,-15.391,2020-2022,2020,2022,3,Jornalismo (Bacharelado) | Darcy Ribeiro,Jornalismo (Bacharelado) | Diurno,Jornalismo (Bacharelado) | EP_R1_PPI,Jornalismo (Bacharelado) | Darcy Ribeiro | Diurno,Jornalismo (Bacharelado) | EP_R1_PPI | Darcy Ribeiro,Jornalismo (Bacharelado) | EP_R1_PPI | Diurno
2020-2022,2022,Darcy Ribeiro,Jornalismo (Bacharelado),Diurno,EP_R1_NPPI,EP_R1_NPPI,True,R1,NPPI,False,1.5,1.728,1.728,2020-2022,2020,2022,3,Jornalismo (Bacharelado) | Darcy Ribeiro,Jornalismo (Bacharelado) | Diurno,Jornalismo (Bacharelado) | EP_R1_NPPI,Jornalismo (Bacharelado) | Darcy Ribeiro | Diurno,Jornalismo (Bacharelado) | EP_R1_NPPI | Darcy Ribeiro,Jornalismo (Bacharelado) | EP_R1_NPPI | Diurno
2020-2022,2022,Darcy Ribeiro,Jornalismo (Bacharelado),Diurno,EP_R2_PPI,EP_R2_PPI,True,R2,PPI,False,1.5,-13.155,4.752,2020-2022,2020,2022,3,Jornalismo (Bacharelado) | Darcy Ribeiro,Jornalismo (Bacharelado) | Diurno,Jornalismo (Bacharelado) | EP_R2_PPI,Jornalismo (Bacharelado) | Darcy Ribeiro | Diurno,Jornalismo (Bacharelado) | EP_R2_PPI | Darcy Ribeiro,Jornalismo (Bacharelado) | EP_R2_PPI | Diurno
2020-2022,2022,Darcy Ribeiro,Jornalismo (Bacharelado),Diurno,EP_R2_NPPI,EP_R2_NPPI,True,R2,NPPI,False,1.5,66.914,66.914,2020-2022,2020,2022,3,Jornalismo (Bacharelado) | Darcy Ribeiro,Jornalismo (Bacharelado) | Diurno,Jornalismo (Bacharelado) | EP_R2_NPPI,Jornalismo (Bacharelado) | Darcy Ribeiro | Diurno,Jornalismo (Bacharelado) | EP_R2_NPPI | Darcy Ribeiro,Jornalismo (Bacharelado) | EP_R2_NPPI | Diurno
2020-2022,2022,Darcy Ribeiro,Jornalismo (Bacharelado),Diurno,CN,CN,False,,NEGROS,False,,29.956,29.956,2020-2022,2020,2022,3,Jornalismo (Bacharelado) | Darcy Ribeiro,Jornalismo (Bacharelado) | Diurno,Jornalismo (Bacharelado) | CN,Jornalismo (Bacharelado) | Darcy Ribeiro | Diurno,Jornalismo (Bacharelado) | CN | Darcy Ribeiro,Jornalismo (Bacharelado) | CN | Diurno
2020-2022,2022,Darcy Ribeiro,Jornalismo (Bacharelado),Diurno,AC,AC,False,,,False,,81.218,107.228,2020-2022,2020,2022,3,Jornalismo (Bacharelado) | Darcy Ribeiro,Jornalismo (Bacharelado) | Diurno,Jornalismo (Bacharelado) | AC,Jornalismo (Bacharelado) | Darcy Ribeiro | Diurno,Jornalismo (Bacharelado) | AC | Darcy Ribeiro,Jornalismo (Bacharelado) | AC | Diurno
2020-2022,2022,Darcy Ribeiro,Letras - Espanhol (Licenciatura),Noturno,EP_R2_PPI,EP_R2_PPI,True,R2,PPI,False,1.5,-38.583,-38.583,2020-2022,2020,2022,3,Letras - Espanhol (Licenciatura) | Darcy Ribeiro,Letras - Espanhol (Licenciatura) | Noturno,Letras - Espanhol (Licenciatura) | EP_R2_PPI,Letras - Espanhol (Licenciatura) | Darcy Ribeiro | Noturno,Letras - Espanhol (Licenciatura) | EP_R2_PPI | Darcy Ribeiro,Letras - Espanhol (Licenciatura) | EP_R2_PPI | Noturno
2020-2022,2022,Darcy Ribeiro,Letras - Espanhol (Licenciatura),Noturno,EP_R2_NPPI,EP_R2_NPPI,True,R2,NPPI,False,1.5,-47.192,21.384,2020-2022,2020,2022,3,Letras - Espanhol (Licenciatura) | Darcy Ribeiro,Letras - Espanhol (Licenciatura) | Noturno,Letras - Espanhol (Licenciatura) | EP_R2_NPPI,Letras - Espanhol (Licenciatura) | Darcy Ribeiro | Noturno,Letras - Espanhol (Licenciatura) | EP_R2_NPPI | Darcy Ribeiro,Letras - Espanhol (Licenciatura) | EP_R2_NPPI | Noturno
2020-2022,2022,Darcy Ribeiro,Letras - Espanhol (Licenciatura),Noturno,AC,AC,False,,,False,,-71.142,-27.428,2020-2022,2020,2022,3,Letras - Espanhol (Licenciatura) | Darcy Ribeiro,Letras - Espanhol (Licenciatura) | Noturno,Letras - Espanhol (Licenciatura) | AC,Letras - Espanhol (Licenciatura) | Darcy Ribeiro | Noturno,Letras - Espanhol (Licenciatura) | AC | Darcy Ribeiro,Letras - Espanhol (Licenciatura) | AC | Noturno
2020-2022,2022,Darcy Ribeiro,Letras - Francês (Bacharelado/Licenciatura),Diurno,EP_R2_PPI,EP_R2_PPI,True,R2,PPI,False,1.5,-80.307,-20.312,2020-2022,2020,2022,3,Letras - Francês (Bacharelado/Licenciatura) | Darcy Ribeiro,Letras - Francês (Bacharelado/Licenciatura) | Diurno,Letras - Francês (Bacharelado/Licenciatura) | EP_R2_PPI,Letras - Francês (Bacharelado/Licenciatura) | Darcy Ribeiro | Diurno,Letras - Francês (Bacharelado/Licenciatura) | EP_R2_PPI | Darcy Ribeiro,Letras - Francês (Bacharelado/Licenciatura) | EP_R2_PPI | Diurno
2020-2022,2022,Darcy Ribeiro,Letras - Francês (Bacharelado/Licenciatura),Diurno,AC,AC,False,,,False,,-62.811,-4.072,2020-2022,2020,2022,3,Letras - Francês (Bacharelado/Licenciatura) | Darcy Ribeiro,Letras - Francês (Bacharelado/Licenciatura) | Diurno,Letras - Francês (Bacharelado/Licenciatura) | AC,Letras - Francês (Bacharelado/Licenciatura) | Darcy Ribeiro | Diurno,Letras - Francês (Bacharelado/Licenciatura) | AC | Darcy Ribeiro,Letras - Francês (Bacharelado/Licenciatura) | AC | Diurno
2020-2022,2022,Darcy Ribeiro,Letras - Inglês (Bacharelado/Licenciatura),Diurno,EP_R1_PPI,EP_R1_PPI,True,R1,PPI,False,1.5,-30.613,2.775,2020-2022,2020,2022,3,Letras - Inglês (Bacharelado/Licenciatura) | Darcy Ribeiro,Letras - Inglês (Bacharelado/Licenciatura) | Diurno,Letras - Inglês (Bacharelado/Licenciatura) | EP_R1_PPI,Letras - Inglês (Bacharelado/Licenciatura) | Darcy Ribeiro | Diurno,Letras - Inglês (Bacharelado/Licenciatura) | EP_R1_PPI | Darcy Ribeiro,Letras - Inglês (Bacharelado/Licenciatura) | EP_R1_PPI | Diurno
2020-2022,2022,Darcy Ribeiro,Letras - Inglês (Bacharelado/Licenciatura),Diurno,EP_R1_NPPI,EP_R1_NPPI,True,R1,NPPI,False,1.5,-12.715,-12.715,2020-2022,2020,2022,3,Letras - Inglês (Bacharelado/Licenciatura) | Darcy Ribeiro,Letras - Inglês (Bacharelado/Licenciatura) | Diurno,Letras - Inglês (Bacharelado/Licenciatura) | EP_R1_NPPI,Letras - Inglês (Bacharelado/Licenciatura) | Darcy Ribeiro | Diurno,Letras - Inglês (Bacharelado/Licenciatura) | EP_R1_NPPI | Darcy Ribeiro,Letras - Inglês (Bacharelado/Licenciatura) | EP_R1_NPPI | Diurno
2020-2022,2022,Darcy Ribeiro,Letras - Inglês (Bacharelado/Licenciatura),Diurno,EP_R2_PPI,EP_R2_PPI,True,R2,PPI,False,1.5,4.915,43.669,2020-2022,2020,2022,3,Letras - Inglês (Bacharelado/Licenciatura) | Darcy Ribeiro,Letras - Inglês (Bacharelado/Licenciatura) | Diurno,Letras - Inglês (Bacharelado/Licenciatura) | EP_R2_PPI,Letras - Inglês (Bacharelado/Licenciatura) | Darcy Ribeiro | Diurno,Letras - Inglês (Bacharelado/Licenciatura) | EP_R2_PPI | Darcy Ribeiro,Letras - Inglês (Bacharelado/Licenciatura) | EP_R2_PPI | Diurno
2020-2022,2022,Darcy Ribeiro,Letras - Inglês (Bacharelado/Licenciatura),Diurno,EP_R2_NPPI,EP_R2_NPPI,True,R2,NPPI,False,1.5,30.669,30.669,2020-2022,2020,2022,3,Letras - Inglês (Bacharelado/Licenciatura) | Darcy Ribeiro,Letras - Inglês (Bacharelado/Licenciatura) | Diurno,Letras - Inglês (Bacharelado/Licenciatura) | EP_R2_NPPI,Letras - Inglês (Bacharelado/Licenciatura) | Darcy Ribeiro | Diurno,Letras - Inglês (Bacharelado/Licenciatura) | EP_R2_NPPI | Darcy Ribeiro,Letras - Inglês (Bacharelado/Licenciatura) | EP_R2_NPPI | Diurno
2020-2022,2022,Darcy Ribeiro,Letras - Inglês (Bacharelado/Licenciatura),Diurno,CN,CN,False,,NEGROS,False,,26.727,26.727,2020-2022,2020,2022,3,Letras - Inglês (Bacharelado/Licenciatura) | Darcy Ribeiro,Letras - Inglês (Bacharelado/Licenciatura) | Diurno,Letras - Inglês (Bacharelado/Licenciatura) | CN,Letras - Inglês (Bacharelado/Licenciatura) | Darcy Ribeiro | Diurno,Letras - Inglês (Bacharelado/Licenciatura) | CN | Darcy Ribeiro,Letras - Inglês (Bacharelado/Licenciatura) | CN | Diurno
2020-2022,2022,Darcy Ribeiro,Letras - Inglês (Bacharelado/Licenciatura),Diurno,AC,AC,False,,,False,,22.431,60.504,2020-2022,2020,2022,3,Letras - Inglês (Bacharelado/Licenciatura) | Darcy Ribeiro,Letras - Inglês (Bacharelado/Licenciatura) | Diurno,Letras - Inglês (Bacharelado/Licenciatura) | AC,Letras - Inglês (Bacharelado/Licenciatura) | Darcy Ribeiro | Diurno,Letras - Inglês (Bacharelado/Licenciatura) | AC | Darcy Ribeiro,Letras - Inglês (Bacharelado/Licenciatura) | AC | Diurno
2020-2022,2022,Darcy Ribeiro,Letras - Português (Bacharelado/Licenciatura),Diurno,EP_R1_PPI,EP_R1_PPI,True,R1,PPI,False,1.5,-3.737,-3.737,2020-2022,2020,2022,3,Letras - Português (Bacharelado/Licenciatura) | Darcy Ribeiro,Letras - Português (Bacharelado/Licenciatura) | Diurno,Letras - Português (Bacharelado/Licenciatura) | EP_R1_PPI,Letras - Português (Bacharelado/Licenciatura) | Darcy Ribeiro | Diurno,Letras - Português (Bacharelado/Licenciatura) | EP_R1_PPI | Darcy Ribeiro,Letras - Português (Bacharelado/Licenciatura) | EP_R1_PPI | Diurno
2020-2022,2022,Darcy Ribeiro,Letras - Português (Bacharelado/Licenciatura),Diurno,EP_R1_NPPI,EP_R1_NPPI,True,R1,NPPI,False,1.5,-16.142,30.504,2020-2022,2020,2022,3,Letras - Português (Bacharelado/Licenciatura) | Darcy Ribeiro,Letras - Português (Bacharelado/Licenciatura) | Diurno,Letras - Português (Bacharelado/Licenciatura) | EP_R1_NPPI,Letras - Português (Bacharelado/Licenciatura) | Darcy Ribeiro | Diurno,Letras - Português (Bacharelado/Licenciatura) | EP_R1_NPPI | Darcy Ribeiro,Letras - Português (Bacharelado/Licenciatura) | EP_R1_NPPI | Diurno
2020-2022,2022,Darcy Ribeiro,Letras - Português (Bacharelado/Licenciatura),Diurno,EP_R2_PPI,EP_R2_PPI,True,R2,PPI,False,1.5,-75.985,-51.065,2020-2022,2020,2022,3,Letras - Português (Bacharelado/Licenciatura) | Darcy Ribeiro,Letras - Português (Bacharelado/Licenciatura) | Diurno,Letras - Português (Bacharelado/Licenciatura) | EP_R2_PPI,Letras - Português (Bacharelado/Licenciatura) | Darcy Ribeiro | Diurno,Letras - Português (Bacharelado/Licenciatura) | EP_R2_PPI | Darcy Ribeiro,Letras - Português (Bacharelado/Licenciatura) | EP_R2_PPI | Diurno
2020-2022,2022,Darcy Ribeiro,Letras - Português (Bacharelado/Licenciatura),Diurno,EP_R2_NPPI,EP_R2_NPPI,True,R2,NPPI,False,1.5,20.613,20.613,2020-2022,2020,2022,3,Letras - Português (Bacharelado/Licenciatura) | Darcy Ribeiro,Letras - Português (Bacharelado/Licenciatura) | Diurno,Letras - Português (Bacharelado/Licenciatura) | EP_R2_NPPI,Letras - Português (Bacharelado/Licenciatura) | Darcy Ribeiro | Diurno,Letras - Português (Bacharelado/Licenciatura) | EP_R2_NPPI | Darcy Ribeiro,Letras - Português (Bacharelado/Licenciatura) | EP_R2_NPPI | Diurno
2020-2022,2022,Darcy Ribeiro,Letras - Português (Bacharelado/Licenciatura),Diurno,CN,CN,False,,NEGROS,False,,5.699,5.699,2020-2022,2020,2022,3,Letras - Português (Bacharelado/Licenciatura) | Darcy Ribeiro,Letras - Português (Bacharelado/Licenciatura) | Diurno,Letras - Português (Bacharelado/Licenciatura) | CN,Letras - Português (Bacharelado/Licenciatura) | Darcy Ribeiro | Diurno,Letras - Português (Bacharelado/Licenciatura) | CN | Darcy Ribeiro,Letras - Português (Bacharelado/Licenciatura) | CN | Diurno
2020-2022,2022,Darcy Ribeiro,Letras - Português (Bacharelado/Licenciatura),Diurno,AC,AC,False,,,False,,33.307,56.705,2020-2022,2020,2022,3,Letras - Português (Bacharelado/Licenciatura) | Darcy Ribeiro,Letras - Português (Bacharelado/Licenciatura) | Diurno,Letras - Português (Bacharelado/Licenciatura) | AC,Letras - Português (Bacharelado/Licenciatura) | Darcy Ribeiro | Diurno,Letras - Português (Bacharelado/Licenciatura) | AC | Darcy Ribeiro,Letras - Português (Bacharelado/Licenciatura) | AC | Diurno
2020-2022,2022,Darcy Ribeiro,Letras - Português (Licenciatura),Noturno,EP_R1_PPI,EP_R1_PPI,True,R1,PPI,False,1.5,-39.823,-20.991,2020-2022,2020,2022,3,Letras - Português (Licenciatura) | Darcy Ribeiro,Letras - Português (Licenciatura) | Noturno,Letras - Português (Licenciatura) | EP_R1_PPI,Letras - Português (Licenciatura) | Darcy Ribeiro | Noturno,Letras - Português (Licenciatura) | EP_R1_PPI | Darcy Ribeiro,Letras - Português (Licenciatura) | EP_R1_PPI | Noturno
2020-2022,2022,Darcy Ribeiro,Letras - Português (Licenciatura),Noturno,EP_R1_NPPI,EP_R1_NPPI,True,R1,NPPI,False,1.5,-55.127,-54.044,2020-2022,2020,2022,3,Letras - Português (Licenciatura) | Darcy Ribeiro,Letras - Português (Licenciatura) | Noturno,Letras - Português (Licenciatura) | EP_R1_NPPI,Letras - Português (Licenciatura) | Darcy Ribeiro | Noturno,Letras - Português (Licenciatura) | EP_R1_NPPI | Darcy Ribeiro,Letras - Português (Licenciatura) | EP_R1_NPPI | Noturno
2020-2022,2022,Darcy Ribeiro,Letras - Português (Licenciatura),Noturno,EP_R2_PPI,EP_R2_PPI,True,R2,PPI,False,1.5,-13.532,-13.532,2020-2022,2020,2022,3,Letras - Português (Licenciatura) | Darcy Ribeiro,Letras - Português (Licenciatura) | Noturno,Letras - Português (Licenciatura) | EP_R2_PPI,Letras - Português (Licenciatura) | Darcy Ribeiro | Noturno,Letras - Português (Licenciatura) | EP_R2_PPI | Darcy Ribeiro,Letras - Português (Licenciatura) | EP_R2_PPI | Noturno
2020-2022,2022,Darcy Ribeiro,Letras - Português (Licenciatura),Noturno,EP_R2_NPPI,EP_R2_NPPI,True,R2,NPPI,False,1.5,-21.451,5.24,2020-2022,2020,2022,3,Letras - Português (Licenciatura) | Darcy Ribeiro,Letras - Português (Licenciatura) | Noturno,Letras - Português (Licenciatura) | EP_R2_NPPI,Letras - Português (Licenciatura) | Darcy Ribeiro | Noturno,Letras - Português (Licenciatura) | EP_R2_NPPI | Darcy Ribeiro,Letras - Português (Licenciatura) | EP_R2_NPPI | Noturno
2020-2022,2022,Darcy Ribeiro,Letras - Português (Licenciatura),Noturno,AC,AC,False,,,False,,-79.901,72.722,2020-2022,2020,2022,3,Letras - Português (Licenciatura) | Darcy Ribeiro,Letras - Português (Licenciatura) | Noturno,Letras - Português (Licenciatura) | AC,Letras - Português (Licenciatura) | Darcy Ribeiro | Noturno,Letras - Português (Licenciatura) | AC | Darcy Ribeiro,Letras - Português (Licenciatura) | AC | Noturno
2020-2022,2022,Darcy Ribeiro,Letras – Português do Brasil como Segunda Língua (Licenciatura),Diurno,EP_R1_PPI,EP_R1_PPI,True,R1,PPI,False,1.5,-55.76,-55.76,2020-2022,2020,2022,3,Letras – Português do Brasil como Segunda Língua (Licenciatura) | Darcy Ribeiro,Letras – Português do Brasil como Segunda Língua (Licenciatura) | Diurno,Letras – Português do Brasil como Segunda Língua (Licenciatura) | EP_R1_PPI,Letras – Português do Brasil como Segunda Língua (Licenciatura) | Darcy Ribeiro | Diurno,Letras – Português do Brasil como Segunda Língua (Licenciatura) | EP_R1_PPI | Darcy Ribeiro,Letras – Português do Brasil como Segunda Língua (Licenciatura) | EP_R1_PPI | Diurno
2020-2022,2022,Darcy Ribeiro,Letras – Português do Brasil como Segunda Língua (Licenciatura),Diurno,EP_R2_PPI,EP_R2_PPI,True,R2,PPI,False,1.5,3.895,3.895,2020-2022,2020,2022,3,Letras – Português do Brasil como Segunda Língua (Licenciatura) | Darcy Ribeiro,Letras – Português do Brasil como Segunda Língua (Licenciatura) | Diurno,Letras – Português do Brasil como Segunda Língua (Licenciatura) | EP_R2_PPI,Letras – Português do Brasil como Segunda Língua (Licenciatura) | Darcy Ribeiro | Diurno,Letras – Português do Brasil como Segunda Língua (Licenciatura) | EP_R2_PPI | Darcy Ribeiro,Letras – Português do Brasil como Segunda Língua (Licenciatura) | EP_R2_PPI | Diurno
2020-2022,2022,Darcy Ribeiro,Letras – Português do Brasil como Segunda Língua (Licenciatura),Diurno,EP_R2_NPPI,EP_R2_NPPI,True,R2,NPPI,False,1.5,-4.691,-4.691,2020-2022,2020,2022,3,Letras – Português do Brasil como Segunda Língua (Licenciatura) | Darcy Ribeiro,Letras – Português do Brasil como Segunda Língua (Licenciatura) | Diurno,Letras – Português do Brasil como Segunda Língua (Licenciatura) | EP_R2_NPPI,Letras – Português do Brasil como Segunda Língua (Licenciatura) | Darcy Ribeiro | Diurno,Letras – Português do Brasil como Segunda Língua (Licenciatura) | EP_R2_NPPI | Darcy Ribeiro,Letras – Português do Brasil como Segunda Língua (Licenciatura) | EP_R2_NPPI | Diurno
2020-2022,2022,Darcy Ribeiro,Letras – Português do Brasil como Segunda Língua (Licenciatura),Diurno,CN,CN,False,,NEGROS,False,,-27.202,-27.202,2020-2022,2020,2022,3,Letras – Português do Brasil como Segunda Língua (Licenciatura) | Darcy Ribeiro,Letras – Português do Brasil como Segunda Língua (Licenciatura) | Diurno,Letras – Português do Brasil como Segunda Língua (Licenciatura) | CN,Letras – Português do Brasil como Segunda Língua (Licenciatura) | Darcy Ribeiro | Diurno,Letras – Português do Brasil como Segunda Língua (Licenciatura) | CN | Darcy Ribeiro,Letras – Português do Brasil como Segunda Língua (Licenciatura) | CN | Diurno
2020-2022,2022,Darcy Ribeiro,Letras – Português do Brasil como Segunda Língua (Licenciatura),Diurno,AC,AC,False,,,False,,-30.519,48.382,2020-2022,2020,2022,3,Letras – Português do Brasil como Segunda Língua (Licenciatura) | Darcy Ribeiro,Letras – Português do Brasil como Segunda Língua (Licenciatura) | Diurno,Letras – Português do Brasil como Segunda Língua (Licenciatura) | AC,Letras – Português do Brasil como Segunda Língua (Licenciatura) | Darcy Ribeiro | Diurno,Letras – Português do Brasil como Segunda Língua (Licenciatura) | AC | Darcy Ribeiro,Letras – Português do Brasil como Segunda Língua (Licenciatura) | AC | Diurno
2020-2022,2022,Darcy Ribeiro,Letras – Tradução – Espanhol (Bacharelado),Noturno,AC,AC,False,,,False,,-80.944,-52.043,2020-2022,2020,2022,3,Letras – Tradução – Espanhol (Bacharelado) | Darcy Ribeiro,Letras – Tradução – Espanhol (Bacharelado) | Noturno,Letras – Tradução – Espanhol (Bacharelado) | AC,Letras – Tradução – Espanhol (Bacharelado) | Darcy Ribeiro | Noturno,Letras – Tradução – Espanhol (Bacharelado) | AC | Darcy Ribeiro,Letras – Tradução – Espanhol (Bacharelado) | AC | Noturno
2020-2022,2022,Darcy Ribeiro,Letras – Tradução – Francês (Bacharelado),Diurno,AC,AC,False,,,False,,-75.823,8.992,2020-2022,2020,2022,3,Letras – Tradução – Francês (Bacharelado) | Darcy Ribeiro,Letras – Tradução – Francês (Bacharelado) | Diurno,Letras – Tradução – Francês (Bacharelado) | AC,Letras – Tradução – Francês (Bacharelado) | Darcy Ribeiro | Diurno,Letras – Tradução – Francês (Bacharelado) | AC | Darcy Ribeiro,Letras – Tradução – Francês (Bacharelado) | AC | Diurno
2020-2022,2022,Darcy Ribeiro,Letras – Tradução – Inglês (Bacharelado),Diurno,EP_R1_PPI,EP_R1_PPI,True,R1,PPI,False,1.5,-61.692,-35.869,2020-2022,2020,2022,3,Letras – Tradução – Inglês (Bacharelado) | Darcy Ribeiro,Letras – Tradução – Inglês (Bacharelado) | Diurno,Letras – Tradução – Inglês (Bacharelado) | EP_R1_PPI,Letras – Tradução – Inglês (Bacharelado) | Darcy Ribeiro | Diurno,Letras – Tradução – Inglês (Bacharelado) | EP_R1_PPI | Darcy Ribeiro,Letras – Tradução – Inglês (Bacharelado) | EP_R1_PPI | Diurno
2020-2022,2022,Darcy Ribeiro,Letras – Tradução – Inglês (Bacharelado),Diurno,EP_R1_NPPI,EP_R1_NPPI,True,R1,NPPI,False,1.5,21.242,21.242,2020-2022,2020,2022,3,Letras – Tradução – Inglês (Bacharelado) | Darcy Ribeiro,Letras – Tradução – Inglês (Bacharelado) | Diurno,Letras – Tradução – Inglês (Bacharelado) | EP_R1_NPPI,Letras – Tradução – Inglês (Bacharelado) | Darcy Ribeiro | Diurno,Letras – Tradução – Inglês (Bacharelado) | EP_R1_NPPI | Darcy Ribeiro,Letras – Tradução – Inglês (Bacharelado) | EP_R1_NPPI | Diurno
2020-2022,2022,Darcy Ribeiro,Letras – Tradução – Inglês (Bacharelado),Diurno,EP_R2_PPI,EP_R2_PPI,True,R2,PPI,False,1.5,-62.082,1.315,2020-2022,2020,2022,3,Letras – Tradução – Inglês (Bacharelado) | Darcy Ribeiro,Letras – Tradução – Inglês (Bacharelado) | Diurno,Letras – Tradução – Inglês (Bacharelado) | EP_R2_PPI,Letras – Tradução – Inglês (Bacharelado) | Darcy Ribeiro | Diurno,Letras – Tradução – Inglês (Bacharelado) | EP_R2_PPI | Darcy Ribeiro,Letras – Tradução – Inglês (Bacharelado) | EP_R2_PPI | Diurno
2020-2022,2022,Darcy Ribeiro,Letras – Tradução – Inglês (Bacharelado),Diurno,EP_R2_NPPI,EP_R2_NPPI,True,R2,NPPI,False,1.5,2.713,2.713,2020-2022,2020,2022,3,Letras – Tradução – Inglês (Bacharelado) | Darcy Ribeiro,Letras – Tradução – Inglês (Bacharelado) | Diurno,Letras – Tradução – Inglês (Bacharelado) | EP_R2_NPPI,Letras – Tradução – Inglês (Bacharelado) | Darcy Ribeiro | Diurno,Letras – Tradução – Inglês (Bacharelado) | EP_R2_NPPI | Darcy Ribeiro,Letras – Tradução – Inglês (Bacharelado) | EP_R2_NPPI | Diurno
2020-2022,2022,Darcy Ribeiro,Letras – Tradução – Inglês (Bacharelado),Diurno,CN,CN,False,,NEGROS,False,,-3.039,-3.039,2020-2022,2020,2022,3,Letras – Tradução – Inglês (Bacharelado) | Darcy Ribeiro,Letras – Tradução – Inglês (Bacharelado) | Diurno,Letras – Tradução – Inglês (Bacharelado) | CN,Letras – Tradução – Inglês (Bacharelado) | Darcy Ribeiro | Diurno,Letras – Tradução – Inglês (Bacharelado) | CN | Darcy Ribeiro,Letras – Tradução – Inglês (Bacharelado) | CN | Diurno
2020-2022,2022,Darcy Ribeiro,Letras – Tradução – Inglês (Bacharelado),Diurno,AC,AC,False,,,False,,13.43,119.299,2020-2022,2020,2022,3,Letras – Tradução – Inglês (Bacharelado) | Darcy Ribeiro,Letras – Tradução – Inglês (Bacharelado) | Diurno,Letras – Tradução – Inglês (Bacharelado) | AC,Letras – Tradução – Inglês (Bacharelado) | Darcy Ribeiro | Diurno,Letras – Tradução – Inglês (Bacharelado) | AC | Darcy Ribeiro,Letras – Tradução – Inglês (Bacharelado) | AC | Diurno
2020-2022,2022,Darcy Ribeiro,Línguas Estrangeiras Aplicadas (Bacharelado),Diurno,EP_R2_PPI,EP_R2_PPI,True,R2,PPI,False,1.5,-76.629,5.904,2020-2022,2020,2022,3,Línguas Estrangeiras Aplicadas (Bacharelado) | Darcy Ribeiro,Línguas Estrangeiras Aplicadas (Bacharelado) | Diurno,Línguas Estrangeiras Aplicadas (Bacharelado) | EP_R2_PPI,Línguas Estrangeiras Aplicadas (Bacharelado) | Darcy Ribeiro | Diurno,Línguas Estrangeiras Aplicadas (Bacharelado) | EP_R2_PPI | Darcy Ribeiro,Línguas Estrangeiras Aplicadas (Bacharelado) | EP_R2_PPI | Diurno
2020-2022,2022,Darcy Ribeiro,Línguas Estrangeiras Aplicadas (Bacharelado),Diurno,EP_R2_NPPI,EP_R2_NPPI,True,R2,NPPI,False,1.5,-2.629,16.552,2020-2022,2020,2022,3,Línguas Estrangeiras Aplicadas (Bacharelado) | Darcy Ribeiro,Línguas Estrangeiras Aplicadas (Bacharelado) | Diurno,Línguas Estrangeiras Aplicadas (Bacharelado) | EP_R2_NPPI,Línguas Estrangeiras Aplicadas (Bacharelado) | Darcy Ribeiro | Diurno,Línguas Estrangeiras Aplicadas (Bacharelado) | EP_R2_NPPI | Darcy Ribeiro,Línguas Estrangeiras Aplicadas (Bacharelado) | EP_R2_NPPI | Diurno
2020-2022,2022,Darcy Ribeiro,Línguas Estrangeiras Aplicadas (Bacharelado),Diurno,CN,CN,False,,NEGROS,False,,44.585,44.585,2020-2022,2020,2022,3,Línguas Estrangeiras Aplicadas (Bacharelado) | Darcy Ribeiro,Línguas Estrangeiras Aplicadas (Bacharelado) | Diurno,Línguas Estrangeiras Aplicadas (Bacharelado) | CN,Línguas Estrangeiras Aplicadas (Bacharelado) | Darcy Ribeiro | Diurno,Línguas Estrangeiras Aplicadas (Bacharelado) | CN | Darcy Ribeiro,Línguas Estrangeiras Aplicadas (Bacharelado) | CN | Diurno
2020-2022,2022,Darcy Ribeiro,Línguas Estrangeiras Aplicadas (Bacharelado),Diurno,AC,AC,False,,,False,,-32.749,50.344,2020-2022,2020,2022,3,Línguas Estrangeiras Aplicadas (Bacharelado) | Darcy Ribeiro,Línguas Estrangeiras Aplicadas (Bacharelado) | Diurno,Línguas Estrangeiras Aplicadas (Bacharelado) | AC,Línguas Estrangeiras Aplicadas (Bacharelado) | Darcy Ribeiro | Diurno,Línguas Estrangeiras Aplicadas (Bacharelado) | AC | Darcy Ribeiro,Línguas Estrangeiras Aplicadas (Bacharelado) | AC | Diurno
2020-2022,2022,Darcy Ribeiro,Matemática (Bacharelado/Licenciatura),Diurno,EP_R1_PPI,EP_R1_PPI,True,R1,PPI,False,1.5,-64.581,-22.149,2020-2022,2020,2022,3,Matemática (Bacharelado/Licenciatura) | Darcy Ribeiro,Matemática (Bacharelado/Licenciatura) | Diurno,Matemática (Bacharelado/Licenciatura) | EP_R1_PPI,Matemática (Bacharelado/Licenciatura) | Darcy Ribeiro | Diurno,Matemática (Bacharelado/Licenciatura) | EP_R1_PPI | Darcy Ribeiro,Matemática (Bacharelado/Licenciatura) | EP_R1_PPI | Diurno
2020-2022,2022,Darcy Ribeiro,Matemática (Bacharelado/Licenciatura),Diurno,EP_R1_NPPI,EP_R1_NPPI,True,R1,NPPI,False,1.5,-48.661,16.087,2020-2022,2020,2022,3,Matemática (Bacharelado/Licenciatura) | Darcy Ribeiro,Matemática (Bacharelado/Licenciatura) | Diurno,Matemática (Bacharelado/Licenciatura) | EP_R1_NPPI,Matemática (Bacharelado/Licenciatura) | Darcy Ribeiro | Diurno,Matemática (Bacharelado/Licenciatura) | EP_R1_NPPI | Darcy Ribeiro,Matemática (Bacharelado/Licenciatura) | EP_R1_NPPI | Diurno
2020-2022,2022,Darcy Ribeiro,Matemática (Bacharelado/Licenciatura),Diurno,EP_R2_PPI,EP_R2_PPI,True,R2,PPI,False,1.5,-52.443,31.477,2020-2022,2020,2022,3,Matemática (Bacharelado/Licenciatura) | Darcy Ribeiro,Matemática (Bacharelado/Licenciatura) | Diurno,Matemática (Bacharelado/Licenciatura) | EP_R2_PPI,Matemática (Bacharelado/Licenciatura) | Darcy Ribeiro | Diurno,Matemática (Bacharelado/Licenciatura) | EP_R2_PPI | Darcy Ribeiro,Matemática (Bacharelado/Licenciatura) | EP_R2_PPI | Diurno
2020-2022,2022,Darcy Ribeiro,Matemática (Bacharelado/Licenciatura),Diurno,EP_R2_NPPI,EP_R2_NPPI,True,R2,NPPI,False,1.5,14.603,14.603,2020-2022,2020,2022,3,Matemática (Bacharelado/Licenciatura) | Darcy Ribeiro,Matemática (Bacharelado/Licenciatura) | Diurno,Matemática (Bacharelado/Licenciatura) | EP_R2_NPPI,Matemática (Bacharelado/Licenciatura) | Darcy Ribeiro | Diurno,Matemática (Bacharelado/Licenciatura) | EP_R2_NPPI | Darcy Ribeiro,Matemática (Bacharelado/Licenciatura) | EP_R2_NPPI | Diurno
2020-2022,2022,Darcy Ribeiro,Matemática (Bacharelado/Licenciatura),Diurno,CN,CN,False,,NEGROS,False,,3.005,3.005,2020-2022,2020,2022,3,Matemática (Bacharelado/Licenciatura) | Darcy Ribeiro,Matemática (Bacharelado/Licenciatura) | Diurno,Matemática (Bacharelado/Licenciatura) | CN,Matemática (Bacharelado/Licenciatura) | Darcy Ribeiro | Diurno,Matemática (Bacharelado/Licenciatura) | CN | Darcy Ribeiro,Matemática (Bacharelado/Licenciatura) | CN | Diurno
2020-2022,2022,Darcy Ribeiro,Matemática (Bacharelado/Licenciatura),Diurno,AC,AC,False,,,False,,31.531,86.792,2020-2022,2020,2022,3,Matemática (Bacharelado/Licenciatura) | Darcy Ribeiro,Matemática (Bacharelado/Licenciatura) | Diurno,Matemática (Bacharelado/Licenciatura) | AC,Matemática (Bacharelado/Licenciatura) | Darcy Ribeiro | Diurno,Matemática (Bacharelado/Licenciatura) | AC | Darcy Ribeiro,Matemática (Bacharelado/Licenciatura) | AC | Diurno
2020-2022,2022,Darcy Ribeiro,Matemática (Licenciatura),Noturno,EP_R1_PPI,EP_R1_PPI,True,R1,PPI,False,1.5,23.101,23.101,2020-2022,2020,2022,3,Matemática (Licenciatura) | Darcy Ribeiro,Matemática (Licenciatura) | Noturno,Matemática (Licenciatura) | EP_R1_PPI,Matemática (Licenciatura) | Darcy Ribeiro | Noturno,Matemática (Licenciatura) | EP_R1_PPI | Darcy Ribeiro,Matemática (Licenciatura) | EP_R1_PPI | Noturno
2020-2022,2022,Darcy Ribeiro,Matemática (Licenciatura),Noturno,EP_R2_PPI,EP_R2_PPI,True,R2,PPI,False,1.5,-33.505,-15.931,2020-2022,2020,2022,3,Matemática (Licenciatura) | Darcy Ribeiro,Matemática (Licenciatura) | Noturno,Matemática (Licenciatura) | EP_R2_PPI,Matemática (Licenciatura) | Darcy Ribeiro | Noturno,Matemática (Licenciatura) | EP_R2_PPI | Darcy Ribeiro,Matemática (Licenciatura) | EP_R2_PPI | Noturno
2020-2022,2022,Darcy Ribeiro,Matemática (Licenciatura),Noturno,AC,AC,False,,,False,,-50.656,42.289,2020-2022,2020,2022,3,Matemática (Licenciatura) | Darcy Ribeiro,Matemática (Licenciatura) | Noturno,Matemática (Licenciatura) | AC,Matemática (Licenciatura) | Darcy Ribeiro | Noturno,Matemática (Licenciatura) | AC | Darcy Ribeiro,Matemática (Licenciatura) | AC | Noturno
2020-2022,2022,Darcy Ribeiro,Medicina (Bacharelado),Diurno,EP_R1_PPI,EP_R1_PPI,True,R1,PPI,False,1.5,78.064,138.392,2020-2022,2020,2022,3,Medicina (Bacharelado) | Darcy Ribeiro,Medicina (Bacharelado) | Diurno,Medicina (Bacharelado) | EP_R1_PPI,Medicina (Bacharelado) | Darcy Ribeiro | Diurno,Medicina (Bacharelado) | EP_R1_PPI | Darcy Ribeiro,Medicina (Bacharelado) | EP_R1_PPI | Diurno
2020-2022,2022,Darcy Ribeiro,Medicina (Bacharelado),Diurno,EP_R1_NPPI,EP_R1_NPPI,True,R1,NPPI,False,1.5,95.903,145.179,2020-2022,2020,2022,3,Medicina (Bacharelado) | Darcy Ribeiro,Medicina (Bacharelado) | Diurno,Medicina (Bacharelado) | EP_R1_NPPI,Medicina (Bacharelado) | Darcy Ribeiro | Diurno,Medicina (Bacharelado) | EP_R1_NPPI | Darcy Ribeiro,Medicina (Bacharelado) | EP_R1_NPPI | Diurno
2020-2022,2022,Darcy Ribeiro,Medicina (Bacharelado),Diurno,EP_R2_PPI,EP_R2_PPI,True,R2,PPI,False,1.5,101.507,113.527,2020-2022,2020,2022,3,Medicina (Bacharelado) | Darcy Ribeiro,Medicina (Bacharelado) | Diurno,Medicina (Bacharelado) | EP_R2_PPI,Medicina (Bacharelado) | Darcy Ribeiro | Diurno,Medicina (Bacharelado) | EP_R2_PPI | Darcy Ribeiro,Medicina (Bacharelado) | EP_R2_PPI | Diurno
2020-2022,2022,Darcy Ribeiro,Medicina (Bacharelado),Diurno,EP_R2_NPPI,EP_R2_NPPI,True,R2,NPPI,False,1.5,152.542,173.16,2020-2022,2020,2022,3,Medicina (Bacharelado) | Darcy Ribeiro,Medicina (Bacharelado) | Diurno,Medicina (Bacharelado) | EP_R2_NPPI,Medicina (Bacharelado) | Darcy Ribeiro | Diurno,Medicina (Bacharelado) | EP_R2_NPPI | Darcy Ribeiro,Medicina (Bacharelado) | EP_R2_NPPI | Diurno
2020-2022,2022,Darcy Ribeiro,Medicina (Bacharelado),Diurno,CN,CN,False,,NEGROS,False,,94.772,94.772,2020-2022,2020,2022,3,Medicina (Bacharelado) | Darcy Ribeiro,Medicina (Bacharelado) | Diurno,Medicina (Bacharelado) | CN,Medicina (Bacharelado) | Darcy Ribeiro | Diurno,Medicina (Bacharelado) | CN | Darcy Ribeiro,Medicina (Bacharelado) | CN | Diurno
2020-2022,2022,Darcy Ribeiro,Medicina (Bacharelado),Diurno,AC,AC,False,,,False,,183.5,209.07,2020-2022,2020,2022,3,Medicina (Bacharelado) | Darcy Ribeiro,Medicina (Bacharelado) | Diurno,Medicina (Bacharelado) | AC,Medicina (Bacharelado) | Darcy Ribeiro | Diurno,Medicina (Bacharelado) | AC | Darcy Ribeiro,Medicina (Bacharelado) | AC | Diurno
2020-2022,2022,Darcy Ribeiro,Medicina Veterinária (Bacharelado),Diurno,EP_R1_PPI,EP_R1_PPI,True,R1,PPI,False,1.5,-40.671,36.125,2020-2022,2020,2022,3,Medicina Veterinária (Bacharelado) | Darcy Ribeiro,Medicina Veterinária (Bacharelado) | Diurno,Medicina Veterinária (Bacharelado) | EP_R1_PPI,Medicina Veterinária (Bacharelado) | Darcy Ribeiro | Diurno,Medicina Veterinária (Bacharelado) | EP_R1_PPI | Darcy Ribeiro,Medicina Veterinária (Bacharelado) | EP_R1_PPI | Diurno
2020-2022,2022,Darcy Ribeiro,Medicina Veterinária (Bacharelado),Diurno,EP_R1_NPPI,EP_R1_NPPI,True,R1,NPPI,False,1.5,-58.651,18.192,2020-2022,2020,2022,3,Medicina Veterinária (Bacharelado) | Darcy Ribeiro,Medicina Veterinária (Bacharelado) | Diurno,Medicina Veterinária (Bacharelado) | EP_R1_NPPI,Medicina Veterinária (Bacharelado) | Darcy Ribeiro | Diurno,Medicina Veterinária (Bacharelado) | EP_R1_NPPI | Darcy Ribeiro,Medicina Veterinária (Bacharelado) | EP_R1_NPPI | Diurno
2020-2022,2022,Darcy Ribeiro,Medicina Veterinária (Bacharelado),Diurno,EP_R2_PPI,EP_R2_PPI,True,R2,PPI,False,1.5,35.451,48.048,2020-2022,2020,2022,3,Medicina Veterinária (Bacharelado) | Darcy Ribeiro,Medicina Veterinária (Bacharelado) | Diurno,Medicina Veterinária (Bacharelado) | EP_R2_PPI,Medicina Veterinária (Bacharelado) | Darcy Ribeiro | Diurno,Medicina Veterinária (Bacharelado) | EP_R2_PPI | Darcy Ribeiro,Medicina Veterinária (Bacharelado) | EP_R2_PPI | Diurno
2020-2022,2022,Darcy Ribeiro,Medicina Veterinária (Bacharelado),Diurno,EP_R2_NPPI,EP_R2_NPPI,True,R2,NPPI,False,1.5,60.933,67.731,2020-2022,2020,2022,3,Medicina Veterinária (Bacharelado) | Darcy Ribeiro,Medicina Veterinária (Bacharelado) | Diurno,Medicina Veterinária (Bacharelado) | EP_R2_NPPI,Medicina Veterinária (Bacharelado) | Darcy Ribeiro | Diurno,Medicina Veterinária (Bacharelado) | EP_R2_NPPI | Darcy Ribeiro,Medicina Veterinária (Bacharelado) | EP_R2_NPPI | Diurno
2020-2022,2022,Darcy Ribeiro,Medicina Veterinária (Bacharelado),Diurno,CN,CN,False,,NEGROS,False,,10.471,10.471,2020-2022,2020,2022,3,Medicina Veterinária (Bacharelado) | Darcy Ribeiro,Medicina Veterinária (Bacharelado) | Diurno,Medicina Veterinária (Bacharelado) | CN,Medicina Veterinária (Bacharelado) | Darcy Ribeiro | Diurno,Medicina Veterinária (Bacharelado) | CN | Darcy Ribeiro,Medicina Veterinária (Bacharelado) | CN | Diurno
2020-2022,2022,Darcy Ribeiro,Medicina Veterinária (Bacharelado),Diurno,AC,AC,False,,,False,,68.525,134.95,2020-2022,2020,2022,3,Medicina Veterinária (Bacharelado) | Darcy Ribeiro,Medicina Veterinária (Bacharelado) | Diurno,Medicina Veterinária (Bacharelado) | AC,Medicina Veterinária (Bacharelado) | Darcy Ribeiro | Diurno,Medicina Veterinária (Bacharelado) | AC | Darcy Ribeiro,Medicina Veterinária (Bacharelado) | AC | Diurno
2020-2022,2022,Darcy Ribeiro,Museologia (Bacharelado),Diurno,EP_R2_PPI,EP_R2_PPI,True,R2,PPI,False,1.5,-75.472,-75.472,2020-2022,2020,2022,3,Museologia (Bacharelado) | Darcy Ribeiro,Museologia (Bacharelado) | Diurno,Museologia (Bacharelado) | EP_R2_PPI,Museologia (Bacharelado) | Darcy Ribeiro | Diurno,Museologia (Bacharelado) | EP_R2_PPI | Darcy Ribeiro,Museologia (Bacharelado) | EP_R2_PPI | Diurno
2020-2022,2022,Darcy Ribeiro,Museologia (Bacharelado),Diurno,AC,AC,False,,,False,,-45.669,38.698,2020-2022,2020,2022,3,Museologia (Bacharelado) | Darcy Ribeiro,Museologia (Bacharelado) | Diurno,Museologia (Bacharelado) | AC,Museologia (Bacharelado) | Darcy Ribeiro | Diurno,Museologia (Bacharelado) | AC | Darcy Ribeiro,Museologia (Bacharelado) | AC | Diurno
2020-2022,2022,Darcy Ribeiro,Música (Bacharelado),Diurno,AC,AC,False,,,False,,7.205,35.375,2020-2022,2020,2022,3,Música (Bacharelado) | Darcy Ribeiro,Música (Bacharelado) | Diurno,Música (Bacharelado) | AC,Música (Bacharelado) | Darcy Ribeiro | Diurno,Música (Bacharelado) | AC | Darcy Ribeiro,Música (Bacharelado) | AC | Diurno
2020-2022,2022,Darcy Ribeiro,Música (Licenciatura),Diurno,EP_R2_NPPI,EP_R2_NPPI,True,R2,NPPI,False,1.5,-0.727,-0.727,2020-2022,2020,2022,3,Música (Licenciatura) | Darcy Ribeiro,Música (Licenciatura) | Diurno,Música (Licenciatura) | EP_R2_NPPI,Música (Licenciatura) | Darcy Ribeiro | Diurno,Música (Licenciatura) | EP_R2_NPPI | Darcy Ribeiro,Música (Licenciatura) | EP_R2_NPPI | Diurno
2020-2022,2022,Darcy Ribeiro,Música (Licenciatura),Diurno,AC,AC,False,,,False,,-65.044,-27.39,2020-2022,2020,2022,3,Música (Licenciatura) | Darcy Ribeiro,Música (Licenciatura) | Diurno,Música (Licenciatura) | AC,Música (Licenciatura) | Darcy Ribeiro | Diurno,Música (Licenciatura) | AC | Darcy Ribeiro,Música (Licenciatura) | AC | Diurno
2020-2022,2022,Darcy Ribeiro,Nutrição (Bacharelado),Diurno,EP_R1_PPI,EP_R1_PPI,True,R1,PPI,False,1.5,-31.108,1.452,2020-2022,2020,2022,3,Nutrição (Bacharelado) | Darcy Ribeiro,Nutrição (Bacharelado) | Diurno,Nutrição (Bacharelado) | EP_R1_PPI,Nutrição (Bacharelado) | Darcy Ribeiro | Diurno,Nutrição (Bacharelado) | EP_R1_PPI | Darcy Ribeiro,Nutrição (Bacharelado) | EP_R1_PPI | Diurno
2020-2022,2022,Darcy Ribeiro,Nutrição (Bacharelado),Diurno,EP_R1_NPPI,EP_R1_NPPI,True,R1,NPPI,False,1.5,15.01,15.01,2020-2022,2020,2022,3,Nutrição (Bacharelado) | Darcy Ribeiro,Nutrição (Bacharelado) | Diurno,Nutrição (Bacharelado) | EP_R1_NPPI,Nutrição (Bacharelado) | Darcy Ribeiro | Diurno,Nutrição (Bacharelado) | EP_R1_NPPI | Darcy Ribeiro,Nutrição (Bacharelado) | EP_R1_NPPI | Diurno
2020-2022,2022,Darcy Ribeiro,Nutrição (Bacharelado),Diurno,EP_R2_PPI,EP_R2_PPI,True,R2,PPI,False,1.5,-5.548,45.193,2020-2022,2020,2022,3,Nutrição (Bacharelado) | Darcy Ribeiro,Nutrição (Bacharelado) | Diurno,Nutrição (Bacharelado) | EP_R2_PPI,Nutrição (Bacharelado) | Darcy Ribeiro | Diurno,Nutrição (Bacharelado) | EP_R2_PPI | Darcy Ribeiro,Nutrição (Bacharelado) | EP_R2_PPI | Diurno
2020-2022,2022,Darcy Ribeiro,Nutrição (Bacharelado),Diurno,EP_R2_NPPI,EP_R2_NPPI,True,R2,NPPI,False,1.5,79.99,79.99,2020-2022,2020,2022,3,Nutrição (Bacharelado) | Darcy Ribeiro,Nutrição (Bacharelado) | Diurno,Nutrição (Bacharelado) | EP_R2_NPPI,Nutrição (Bacharelado) | Darcy Ribeiro | Diurno,Nutrição (Bacharelado) | EP_R2_NPPI | Darcy Ribeiro,Nutrição (Bacharelado) | EP_R2_NPPI | Diurno
2020-2022,2022,Darcy Ribeiro,Nutrição (Bacharelado),Diurno,CN,CN,False,,NEGROS,False,,12.194,12.194,2020-2022,2020,2022,3,Nutrição (Bacharelado) | Darcy Ribeiro,Nutrição (Bacharelado) | Diurno,Nutrição (Bacharelado) | CN,Nutrição (Bacharelado) | Darcy Ribeiro | Diurno,Nutrição (Bacharelado) | CN | Darcy Ribeiro,Nutrição (Bacharelado) | CN | Diurno
2020-2022,2022,Darcy Ribeiro,Nutrição (Bacharelado),Diurno,AC,AC,False,,,False,,59.022,91.433,2020-2022,2020,2022,3,Nutrição (Bacharelado) | Darcy Ribeiro,Nutrição (Bacharelado) | Diurno,Nutrição (Bacharelado) | AC,Nutrição (Bacharelado) | Darcy Ribeiro | Diurno,Nutrição (Bacharelado) | AC | Darcy Ribeiro,Nutrição (Bacharelado) | AC | Diurno
2020-2022,2022,Darcy Ribeiro,Odontologia (Bacharelado),Diurno,EP_R1_PPI,EP_R1_PPI,True,R1,PPI,False,1.5,-50.524,21.783,2020-2022,2020,2022,3,Odontologia (Bacharelado) | Darcy Ribeiro,Odontologia (Bacharelado) | Diurno,Odontologia (Bacharelado) | EP_R1_PPI,Odontologia (Bacharelado) | Darcy Ribeiro | Diurno,Odontologia (Bacharelado) | EP_R1_PPI | Darcy Ribeiro,Odontologia (Bacharelado) | EP_R1_PPI | Diurno
2020-2022,2022,Darcy Ribeiro,Odontologia (Bacharelado),Diurno,EP_R1_NPPI,EP_R1_NPPI,True,R1,NPPI,False,1.5,69.514,69.514,2020-2022,2020,2022,3,Odontologia (Bacharelado) | Darcy Ribeiro,Odontologia (Bacharelado) | Diurno,Odontologia (Bacharelado) | EP_R1_NPPI,Odontologia (Bacharelado) | Darcy Ribeiro | Diurno,Odontologia (Bacharelado) | EP_R1_NPPI | Darcy Ribeiro,Odontologia (Bacharelado) | EP_R1_NPPI | Diurno
2020-2022,2022,Darcy Ribeiro,Odontologia (Bacharelado),Diurno,EP_R2_PPI,EP_R2_PPI,True,R2,PPI,False,1.5,50.089,81.807,2020-2022,2020,2022,3,Odontologia (Bacharelado) | Darcy Ribeiro,Odontologia (Bacharelado) | Diurno,Odontologia (Bacharelado) | EP_R2_PPI,Odontologia (Bacharelado) | Darcy Ribeiro | Diurno,Odontologia (Bacharelado) | EP_R2_PPI | Darcy Ribeiro,Odontologia (Bacharelado) | EP_R2_PPI | Diurno
2020-2022,2022,Darcy Ribeiro,Odontologia (Bacharelado),Diurno,EP_R2_NPPI,EP_R2_NPPI,True,R2,NPPI,False,1.5,78.645,78.645,2020-2022,2020,2022,3,Odontologia (Bacharelado) | Darcy Ribeiro,Odontologia (Bacharelado) | Diurno,Odontologia (Bacharelado) | EP_R2_NPPI,Odontologia (Bacharelado) | Darcy Ribeiro | Diurno,Odontologia (Bacharelado) | EP_R2_NPPI | Darcy Ribeiro,Odontologia (Bacharelado) | EP_R2_NPPI | Diurno
2020-2022,2022,Darcy Ribeiro,Odontologia (Bacharelado),Diurno,CN,CN,False,,NEGROS,False,,25.114,25.114,2020-2022,2020,2022,3,Odontologia (Bacharelado) | Darcy Ribeiro,Odontologia (Bacharelado) | Diurno,Odontologia (Bacharelado) | CN,Odontologia (Bacharelado) | Darcy Ribeiro | Diurno,Odontologia (Bacharelado) | CN | Darcy Ribeiro,Odontologia (Bacharelado) | CN | Diurno
2020-2022,2022,Darcy Ribeiro,Odontologia (Bacharelado),Diurno,AC,AC,False,,,False,,97.52,129.466,2020-2022,2020,2022,3,Odontologia (Bacharelado) | Darcy Ribeiro,Odontologia (Bacharelado) | Diurno,Odontologia (Bacharelado) | AC,Odontologia (Bacharelado) | Darcy Ribeiro | Diurno,Odontologia (Bacharelado) | AC | Darcy Ribeiro,Odontologia (Bacharelado) | AC | Diurno
2020-2022,2022,Darcy Ribeiro,Pedagogia (Licenciatura),Diurno,EP_R1_PPI,EP_R1_PPI,True,R1,PPI,False,1.5,-51.346,5.818,2020-2022,2020,2022,3,Pedagogia (Licenciatura) | Darcy Ribeiro,Pedagogia (Licenciatura) | Diurno,Pedagogia (Licenciatura) | EP_R1_PPI,Pedagogia (Licenciatura) | Darcy Ribeiro | Diurno,Pedagogia (Licenciatura) | EP_R1_PPI | Darcy Ribeiro,Pedagogia (Licenciatura) | EP_R1_PPI | Diurno
2020-2022,2022,Darcy Ribeiro,Pedagogia (Licenciatura),Diurno,EP_R1_NPPI,EP_R1_NPPI,True,R1,NPPI,False,1.5,-65.977,-55.588,2020-2022,2020,2022,3,Pedagogia (Licenciatura) | Darcy Ribeiro,Pedagogia (Licenciatura) | Diurno,Pedagogia (Licenciatura) | EP_R1_NPPI,Pedagogia (Licenciatura) | Darcy Ribeiro | Diurno,Pedagogia (Licenciatura) | EP_R1_NPPI | Darcy Ribeiro,Pedagogia (Licenciatura) | EP_R1_NPPI | Diurno
2020-2022,2022,Darcy Ribeiro,Pedagogia (Licenciatura),Diurno,EP_R2_PPI,EP_R2_PPI,True,R2,PPI,False,1.5,-66.478,-2.57,2020-2022,2020,2022,3,Pedagogia (Licenciatura) | Darcy Ribeiro,Pedagogia (Licenciatura) | Diurno,Pedagogia (Licenciatura) | EP_R2_PPI,Pedagogia (Licenciatura) | Darcy Ribeiro | Diurno,Pedagogia (Licenciatura) | EP_R2_PPI | Darcy Ribeiro,Pedagogia (Licenciatura) | EP_R2_PPI | Diurno
2020-2022,2022,Darcy Ribeiro,Pedagogia (Licenciatura),Diurno,EP_R2_NPPI,EP_R2_NPPI,True,R2,NPPI,False,1.5,-13.682,-13.596,2020-2022,2020,2022,3,Pedagogia (Licenciatura) | Darcy Ribeiro,Pedagogia (Licenciatura) | Diurno,Pedagogia (Licenciatura) | EP_R2_NPPI,Pedagogia (Licenciatura) | Darcy Ribeiro | Diurno,Pedagogia (Licenciatura) | EP_R2_NPPI | Darcy Ribeiro,Pedagogia (Licenciatura) | EP_R2_NPPI | Diurno
2020-2022,2022,Darcy Ribeiro,Pedagogia (Licenciatura),Diurno,CN,CN,False,,NEGROS,False,,-41.983,17.019,2020-2022,2020,2022,3,Pedagogia (Licenciatura) | Darcy Ribeiro,Pedagogia (Licenciatura) | Diurno,Pedagogia (Licenciatura) | CN,Pedagogia (Licenciatura) | Darcy Ribeiro | Diurno,Pedagogia (Licenciatura) | CN | Darcy Ribeiro,Pedagogia (Licenciatura) | CN | Diurno
2020-2022,2022,Darcy Ribeiro,Pedagogia (Licenciatura),Diurno,AC,AC,False,,,False,,-9.961,56.526,2020-2022,2020,2022,3,Pedagogia (Licenciatura) | Darcy Ribeiro,Pedagogia (Licenciatura) | Diurno,Pedagogia (Licenciatura) | AC,Pedagogia (Licenciatura) | Darcy Ribeiro | Diurno,Pedagogia (Licenciatura) | AC | Darcy Ribeiro,Pedagogia (Licenciatura) | AC | Diurno
2020-2022,2022,Darcy Ribeiro,Pedagogia (Licenciatura),Noturno,EP_R1_PPI,EP_R1_PPI,True,R1,PPI,False,1.5,-92.488,-19.335,2020-2022,2020,2022,3,Pedagogia (Licenciatura) | Darcy Ribeiro,Pedagogia (Licenciatura) | Noturno,Pedagogia (Licenciatura) | EP_R1_PPI,Pedagogia (Licenciatura) | Darcy Ribeiro | Noturno,Pedagogia (Licenciatura) | EP_R1_PPI | Darcy Ribeiro,Pedagogia (Licenciatura) | EP_R1_PPI | Noturno
2020-2022,2022,Darcy Ribeiro,Pedagogia (Licenciatura),Noturno,EP_R2_PPI,EP_R2_PPI,True,R2,PPI,False,1.5,-14.474,-14.474,2020-2022,2020,2022,3,Pedagogia (Licenciatura) | Darcy Ribeiro,Pedagogia (Licenciatura) | Noturno,Pedagogia (Licenciatura) | EP_R2_PPI,Pedagogia (Licenciatura) | Darcy Ribeiro | Noturno,Pedagogia (Licenciatura) | EP_R2_PPI | Darcy Ribeiro,Pedagogia (Licenciatura) | EP_R2_PPI | Noturno
2020-2022,2022,Darcy Ribeiro,Pedagogia (Licenciatura),Noturno,EP_R2_NPPI,EP_R2_NPPI,True,R2,NPPI,False,1.5,-37.977,-7.157,2020-2022,2020,2022,3,Pedagogia (Licenciatura) | Darcy Ribeiro,Pedagogia (Licenciatura) | Noturno,Pedagogia (Licenciatura) | EP_R2_NPPI,Pedagogia (Licenciatura) | Darcy Ribeiro | Noturno,Pedagogia (Licenciatura) | EP_R2_NPPI | Darcy Ribeiro,Pedagogia (Licenciatura) | EP_R2_NPPI | Noturno
2020-2022,2022,Darcy Ribeiro,Pedagogia (Licenciatura),Noturno,CN,CN,False,,NEGROS,False,,-8.815,-8.815,2020-2022,2020,2022,3,Pedagogia (Licenciatura) | Darcy Ribeiro,Pedagogia (Licenciatura) | Noturno,Pedagogia (Licenciatura) | CN,Pedagogia (Licenciatura) | Darcy Ribeiro | Noturno,Pedagogia (Licenciatura) | CN | Darcy Ribeiro,Pedagogia (Licenciatura) | CN | Noturno
2020-2022,2022,Darcy Ribeiro,Pedagogia (Licenciatura),Noturno,AC,AC,False,,,False,,-82.573,9.451,2020-2022,2020,2022,3,Pedagogia (Licenciatura) | Darcy Ribeiro,Pedagogia (Licenciatura) | Noturno,Pedagogia (Licenciatura) | AC,Pedagogia (Licenciatura) | Darcy Ribeiro | Noturno,Pedagogia (Licenciatura) | AC | Darcy Ribeiro,Pedagogia (Licenciatura) | AC | Noturno
2020-2022,2022,Darcy Ribeiro,Psicologia (Bacharelado / Licenciatura / Psicólogo),Diurno,EP_R1_PPI,EP_R1_PPI,True,R1,PPI,False,1.5,32.086,61.601,2020-2022,2020,2022,3,Psicologia (Bacharelado / Licenciatura / Psicólogo) | Darcy Ribeiro,Psicologia (Bacharelado / Licenciatura / Psicólogo) | Diurno,Psicologia (Bacharelado / Licenciatura / Psicólogo) | EP_R1_PPI,Psicologia (Bacharelado / Licenciatura / Psicólogo) | Darcy Ribeiro | Diurno,Psicologia (Bacharelado / Licenciatura / Psicólogo) | EP_R1_PPI | Darcy Ribeiro,Psicologia (Bacharelado / Licenciatura / Psicólogo) | EP_R1_PPI | Diurno
2020-2022,2022,Darcy Ribeiro,Psicologia (Bacharelado / Licenciatura / Psicólogo),Diurno,EP_R1_NPPI,EP_R1_NPPI,True,R1,NPPI,False,1.5,42.404,44.348,2020-2022,2020,2022,3,Psicologia (Bacharelado / Licenciatura / Psicólogo) | Darcy Ribeiro,Psicologia (Bacharelado / Licenciatura / Psicólogo) | Diurno,Psicologia (Bacharelado / Licenciatura / Psicólogo) | EP_R1_NPPI,Psicologia (Bacharelado / Licenciatura / Psicólogo) | Darcy Ribeiro | Diurno,Psicologia (Bacharelado / Licenciatura / Psicólogo) | EP_R1_NPPI | Darcy Ribeiro,Psicologia (Bacharelado / Licenciatura / Psicólogo) | EP_R1_NPPI | Diurno
2020-2022,2022,Darcy Ribeiro,Psicologia (Bacharelado / Licenciatura / Psicólogo),Diurno,EP_R2_PPI,EP_R2_PPI,True,R2,PPI,False,1.5,20.6,35.048,2020-2022,2020,2022,3,Psicologia (Bacharelado / Licenciatura / Psicólogo) | Darcy Ribeiro,Psicologia (Bacharelado / Licenciatura / Psicólogo) | Diurno,Psicologia (Bacharelado / Licenciatura / Psicólogo) | EP_R2_PPI,Psicologia (Bacharelado / Licenciatura / Psicólogo) | Darcy Ribeiro | Diurno,Psicologia (Bacharelado / Licenciatura / Psicólogo) | EP_R2_PPI | Darcy Ribeiro,Psicologia (Bacharelado / Licenciatura / Psicólogo) | EP_R2_PPI | Diurno
2020-2022,2022,Darcy Ribeiro,Psicologia (Bacharelado / Licenciatura / Psicólogo),Diurno,EP_R2_NPPI,EP_R2_NPPI,True,R2,NPPI,False,1.5,112.073,117.01,2020-2022,2020,2022,3,Psicologia (Bacharelado / Licenciatura / Psicólogo) | Darcy Ribeiro,Psicologia (Bacharelado / Licenciatura / Psicólogo) | Diurno,Psicologia (Bacharelado / Licenciatura / Psicólogo) | EP_R2_NPPI,Psicologia (Bacharelado / Licenciatura / Psicólogo) | Darcy Ribeiro | Diurno,Psicologia (Bacharelado / Licenciatura / Psicólogo) | EP_R2_NPPI | Darcy Ribeiro,Psicologia (Bacharelado / Licenciatura / Psicólogo) | EP_R2_NPPI | Diurno
2020-2022,2022,Darcy Ribeiro,Psicologia (Bacharelado / Licenciatura / Psicólogo),Diurno,CN,CN,False,,NEGROS,False,,56.866,56.866,2020-2022,2020,2022,3,Psicologia (Bacharelado / Licenciatura / Psicólogo) | Darcy Ribeiro,Psicologia (Bacharelado / Licenciatura / Psicólogo) | Diurno,Psicologia (Bacharelado / Licenciatura / Psicólogo) | CN,Psicologia (Bacharelado / Licenciatura / Psicólogo) | Darcy Ribeiro | Diurno,Psicologia (Bacharelado / Licenciatura / Psicólogo) | CN | Darcy Ribeiro,Psicologia (Bacharelado / Licenciatura / Psicólogo) | CN | Diurno
2020-2022,2022,Darcy Ribeiro,Psicologia (Bacharelado / Licenciatura / Psicólogo),Diurno,AC,AC,False,,,False,,105.646,146.501,2020-2022,2020,2022,3,Psicologia (Bacharelado / Licenciatura / Psicólogo) | Darcy Ribeiro,Psicologia (Bacharelado / Licenciatura / Psicólogo) | Diurno,Psicologia (Bacharelado / Licenciatura / Psicólogo) | AC,Psicologia (Bacharelado / Licenciatura / Psicólogo) | Darcy Ribeiro | Diurno,Psicologia (Bacharelado / Licenciatura / Psicólogo) | AC | Darcy Ribeiro,Psicologia (Bacharelado / Licenciatura / Psicólogo) | AC | Diurno
2020-2022,2022,Darcy Ribeiro,Química (Bacharelado),Diurno,EP_R1_PPI,EP_R1_PPI,True,R1,PPI,False,1.5,22.563,26.649,2020-2022,2020,2022,3,Química (Bacharelado) | Darcy Ribeiro,Química (Bacharelado) | Diurno,Química (Bacharelado) | EP_R1_PPI,Química (Bacharelado) | Darcy Ribeiro | Diurno,Química (Bacharelado) | EP_R1_PPI | Darcy Ribeiro,Química (Bacharelado) | EP_R1_PPI | Diurno
2020-2022,2022,Darcy Ribeiro,Química (Bacharelado),Diurno,EP_R1_NPPI,EP_R1_NPPI,True,R1,NPPI,False,1.5,28.834,28.834,2020-2022,2020,2022,3,Química (Bacharelado) | Darcy Ribeiro,Química (Bacharelado) | Diurno,Química (Bacharelado) | EP_R1_NPPI,Química (Bacharelado) | Darcy Ribeiro | Diurno,Química (Bacharelado) | EP_R1_NPPI | Darcy Ribeiro,Química (Bacharelado) | EP_R1_NPPI | Diurno
2020-2022,2022,Darcy Ribeiro,Química (Bacharelado),Diurno,EP_R2_PPI,EP_R2_PPI,True,R2,PPI,False,1.5,-43.672,-43.672,2020-2022,2020,2022,3,Química (Bacharelado) | Darcy Ribeiro,Química (Bacharelado) | Diurno,Química (Bacharelado) | EP_R2_PPI,Química (Bacharelado) | Darcy Ribeiro | Diurno,Química (Bacharelado) | EP_R2_PPI | Darcy Ribeiro,Química (Bacharelado) | EP_R2_PPI | Diurno
2020-2022,2022,Darcy Ribeiro,Química (Bacharelado),Diurno,EP_R2_NPPI,EP_R2_NPPI,True,R2,NPPI,False,1.5,-27.675,-6.451,2020-2022,2020,2022,3,Química (Bacharelado) | Darcy Ribeiro,Química (Bacharelado) | Diurno,Química (Bacharelado) | EP_R2_NPPI,Química (Bacharelado) | Darcy Ribeiro | Diurno,Química (Bacharelado) | EP_R2_NPPI | Darcy Ribeiro,Química (Bacharelado) | EP_R2_NPPI | Diurno
2020-2022,2022,Darcy Ribeiro,Química (Bacharelado),Diurno,AC,AC,False,,,False,,40.202,126.092,2020-2022,2020,2022,3,Química (Bacharelado) | Darcy Ribeiro,Química (Bacharelado) | Diurno,Química (Bacharelado) | AC,Química (Bacharelado) | Darcy Ribeiro | Diurno,Química (Bacharelado) | AC | Darcy Ribeiro,Química (Bacharelado) | AC | Diurno
2020-2022,2022,Darcy Ribeiro,Química (Licenciatura),Noturno,EP_R2_PPI,EP_R2_PPI,True,R2,PPI,False,1.5,-35.787,12.099,2020-2022,2020,2022,3,Química (Licenciatura) | Darcy Ribeiro,Química (Licenciatura) | Noturno,Química (Licenciatura) | EP_R2_PPI,Química (Licenciatura) | Darcy Ribeiro | Noturno,Química (Licenciatura) | EP_R2_PPI | Darcy Ribeiro,Química (Licenciatura) | EP_R2_PPI | Noturno
2020-2022,2022,Darcy Ribeiro,Química (Licenciatura),Noturno,EP_R2_NPPI,EP_R2_NPPI,True,R2,NPPI,False,1.5,-30.664,-30.664,2020-2022,2020,2022,3,Química (Licenciatura) | Darcy Ribeiro,Química (Licenciatura) | Noturno,Química (Licenciatura) | EP_R2_NPPI,Química (Licenciatura) | Darcy Ribeiro | Noturno,Química (Licenciatura) | EP_R2_NPPI | Darcy Ribeiro,Química (Licenciatura) | EP_R2_NPPI | Noturno
2020-2022,2022,Darcy Ribeiro,Química (Licenciatura),Noturno,AC,AC,False,,,False,,0.306,40.6,2020-2022,2020,2022,3,Química (Licenciatura) | Darcy Ribeiro,Química (Licenciatura) | Noturno,Química (Licenciatura) | AC,Química (Licenciatura) | Darcy Ribeiro | Noturno,Química (Licenciatura) | AC | Darcy Ribeiro,Química (Licenciatura) | AC | Noturno
2020-2022,2022,Darcy Ribeiro,Química Tecnológica (Bacharelado),Diurno,EP_R2_PPI,EP_R2_PPI,True,R2,PPI,False,1.5,-30.902,31.362,2020-2022,2020,2022,3,Química Tecnológica (Bacharelado) | Darcy Ribeiro,Química Tecnológica (Bacharelado) | Diurno,Química Tecnológica (Bacharelado) | EP_R2_PPI,Química Tecnológica (Bacharelado) | Darcy Ribeiro | Diurno,Química Tecnológica (Bacharelado) | EP_R2_PPI | Darcy Ribeiro,Química Tecnológica (Bacharelado) | EP_R2_PPI | Diurno
2020-2022,2022,Darcy Ribeiro,Química Tecnológica (Bacharelado),Diurno,EP_R2_NPPI,EP_R2_NPPI,True,R2,NPPI,False,1.5,-20.386,-3.274,2020-2022,2020,2022,3,Química Tecnológica (Bacharelado) | Darcy Ribeiro,Química Tecnológica (Bacharelado) | Diurno,Química Tecnológica (Bacharelado) | EP_R2_NPPI,Química Tecnológica (Bacharelado) | Darcy Ribeiro | Diurno,Química Tecnológica (Bacharelado) | EP_R2_NPPI | Darcy Ribeiro,Química Tecnológica (Bacharelado) | EP_R2_NPPI | Diurno
2020-2022,2022,Darcy Ribeiro,Química Tecnológica (Bacharelado),Diurno,AC,AC,False,,,False,,-56.414,35.844,2020-2022,2020,2022,3,Química Tecnológica (Bacharelado) | Darcy Ribeiro,Química Tecnológica (Bacharelado) | Diurno,Química Tecnológica (Bacharelado) | AC,Química Tecnológica (Bacharelado) | Darcy Ribeiro | Diurno,Química Tecnológica (Bacharelado) | AC | Darcy Ribeiro,Química Tecnológica (Bacharelado) | AC | Diurno
2020-2022,2022,Darcy Ribeiro,Relações Internacionais (Bacharelado),Diurno,EP_R1_PPI,EP_R1_PPI,True,R1,PPI,False,1.5,-27.007,-3.597,2020-2022,2020,2022,3,Relações Internacionais (Bacharelado) | Darcy Ribeiro,Relações Internacionais (Bacharelado) | Diurno,Relações Internacionais (Bacharelado) | EP_R1_PPI,Relações Internacionais (Bacharelado) | Darcy Ribeiro | Diurno,Relações Internacionais (Bacharelado) | EP_R1_PPI | Darcy Ribeiro,Relações Internacionais (Bacharelado) | EP_R1_PPI | Diurno
2020-2022,2022,Darcy Ribeiro,Relações Internacionais (Bacharelado),Diurno,EP_R1_NPPI,EP_R1_NPPI,True,R1,NPPI,False,1.5,18.254,52.21,2020-2022,2020,2022,3,Relações Internacionais (Bacharelado) | Darcy Ribeiro,Relações Internacionais (Bacharelado) | Diurno,Relações Internacionais (Bacharelado) | EP_R1_NPPI,Relações Internacionais (Bacharelado) | Darcy Ribeiro | Diurno,Relações Internacionais (Bacharelado) | EP_R1_NPPI | Darcy Ribeiro,Relações Internacionais (Bacharelado) | EP_R1_NPPI | Diurno
2020-2022,2022,Darcy Ribeiro,Relações Internacionais (Bacharelado),Diurno,EP_R2_PPI,EP_R2_PPI,True,R2,PPI,False,1.5,3.855,54.101,2020-2022,2020,2022,3,Relações Internacionais (Bacharelado) | Darcy Ribeiro,Relações Internacionais (Bacharelado) | Diurno,Relações Internacionais (Bacharelado) | EP_R2_PPI,Relações Internacionais (Bacharelado) | Darcy Ribeiro | Diurno,Relações Internacionais (Bacharelado) | EP_R2_PPI | Darcy Ribeiro,Relações Internacionais (Bacharelado) | EP_R2_PPI | Diurno
2020-2022,2022,Darcy Ribeiro,Relações Internacionais (Bacharelado),Diurno,EP_R2_NPPI,EP_R2_NPPI,True,R2,NPPI,False,1.5,51.189,51.189,2020-2022,2020,2022,3,Relações Internacionais (Bacharelado) | Darcy Ribeiro,Relações Internacionais (Bacharelado) | Diurno,Relações Internacionais (Bacharelado) | EP_R2_NPPI,Relações Internacionais (Bacharelado) | Darcy Ribeiro | Diurno,Relações Internacionais (Bacharelado) | EP_R2_NPPI | Darcy Ribeiro,Relações Internacionais (Bacharelado) | EP_R2_NPPI | Diurno
2020-2022,2022,Darcy Ribeiro,Relações Internacionais (Bacharelado),Diurno,EP_R2_NPPI_PCD,EP_R2_NPPI_PCD,True,R2,NPPI,True,1.5,22.69,22.69,2020-2022,2020,2022,3,Relações Internacionais (Bacharelado) | Darcy Ribeiro,Relações Internacionais (Bacharelado) | Diurno,Relações Internacionais (Bacharelado) | EP_R2_NPPI_PCD,Relações Internacionais (Bacharelado) | Darcy Ribeiro | Diurno,Relações Internacionais (Bacharelado) | EP_R2_NPPI_PCD | Darcy Ribeiro,Relações Internacionais (Bacharelado) | EP_R2_NPPI_PCD | Diurno
2020-2022,2022,Darcy Ribeiro,Relações Internacionais (Bacharelado),Diurno,CN,CN,False,,NEGROS,False,,74.993,74.993,2020-2022,2020,2022,3,Relações Internacionais (Bacharelado) | Darcy Ribeiro,Relações Internacionais (Bacharelado) | Diurno,Relações Internacionais (Bacharelado) | CN,Relações Internacionais (Bacharelado) | Darcy Ribeiro | Diurno,Relações Internacionais (Bacharelado) | CN | Darcy Ribeiro,Relações Internacionais (Bacharelado) | CN | Diurno
2020-2022,2022,Darcy Ribeiro,Relações Internacionais (Bacharelado),Diurno,AC,AC,False,,,False,,95.161,150.831,2020-2022,2020,2022,3,Relações Internacionais (Bacharelado) | Darcy Ribeiro,Relações Internacionais (Bacharelado) | Diurno,Relações Internacionais (Bacharelado) | AC,Relações Internacionais (Bacharelado) | Darcy Ribeiro | Diurno,Relações Internacionais (Bacharelado) | AC | Darcy Ribeiro,Relações Internacionais (Bacharelado) | AC | Diurno
2020-2022,2022,Darcy Ribeiro,Saúde Coletiva (Bacharelado),Noturno,EP_R1_PPI,EP_R1_PPI,True,R1,PPI,False,1.5,-105.487,-105.487,2020-2022,2020,2022,3,Saúde Coletiva (Bacharelado) | Darcy Ribeiro,Saúde Coletiva (Bacharelado) | Noturno,Saúde Coletiva (Bacharelado) | EP_R1_PPI,Saúde Coletiva (Bacharelado) | Darcy Ribeiro | Noturno,Saúde Coletiva (Bacharelado) | EP_R1_PPI | Darcy Ribeiro,Saúde Coletiva (Bacharelado) | EP_R1_PPI | Noturno
2020-2022,2022,Darcy Ribeiro,Saúde Coletiva (Bacharelado),Noturno,AC,AC,False,,,False,,-73.319,-1.649,2020-2022,2020,2022,3,Saúde Coletiva (Bacharelado) | Darcy Ribeiro,Saúde Coletiva (Bacharelado) | Noturno,Saúde Coletiva (Bacharelado) | AC,Saúde Coletiva (Bacharelado) | Darcy Ribeiro | Noturno,Saúde Coletiva (Bacharelado) | AC | Darcy Ribeiro,Saúde Coletiva (Bacharelado) | AC | Noturno
2020-2022,2022,Darcy Ribeiro,Serviço Social (Bacharelado),Diurno,EP_R2_PPI,EP_R2_PPI,True,R2,PPI,False,1.5,-46.944,-3.065,2020-2022,2020,2022,3,Serviço Social (Bacharelado) | Darcy Ribeiro,Serviço Social (Bacharelado) | Diurno,Serviço Social (Bacharelado) | EP_R2_PPI,Serviço Social (Bacharelado) | Darcy Ribeiro | Diurno,Serviço Social (Bacharelado) | EP_R2_PPI | Darcy Ribeiro,Serviço Social (Bacharelado) | EP_R2_PPI | Diurno
2020-2022,2022,Darcy Ribeiro,Serviço Social (Bacharelado),Diurno,EP_R2_NPPI,EP_R2_NPPI,True,R2,NPPI,False,1.5,-56.018,-2.724,2020-2022,2020,2022,3,Serviço Social (Bacharelado) | Darcy Ribeiro,Serviço Social (Bacharelado) | Diurno,Serviço Social (Bacharelado) | EP_R2_NPPI,Serviço Social (Bacharelado) | Darcy Ribeiro | Diurno,Serviço Social (Bacharelado) | EP_R2_NPPI | Darcy Ribeiro,Serviço Social (Bacharelado) | EP_R2_NPPI | Diurno
2020-2022,2022,Darcy Ribeiro,Serviço Social (Bacharelado),Diurno,CN,CN,False,,NEGROS,False,,16.93,16.93,2020-2022,2020,2022,3,Serviço Social (Bacharelado) | Darcy Ribeiro,Serviço Social (Bacharelado) | Diurno,Serviço Social (Bacharelado) | CN,Serviço Social (Bacharelado) | Darcy Ribeiro | Diurno,Serviço Social (Bacharelado) | CN | Darcy Ribeiro,Serviço Social (Bacharelado) | CN | Diurno
2020-2022,2022,Darcy Ribeiro,Serviço Social (Bacharelado),Diurno,AC,AC,False,,,False,,-37.204,18.722,2020-2022,2020,2022,3,Serviço Social (Bacharelado) | Darcy Ribeiro,Serviço Social (Bacharelado) | Diurno,Serviço Social (Bacharelado) | AC,Serviço Social (Bacharelado) | Darcy Ribeiro | Diurno,Serviço Social (Bacharelado) | AC | Darcy Ribeiro,Serviço Social (Bacharelado) | AC | Diurno
2020-2022,2022,Darcy Ribeiro,Serviço Social (Bacharelado),Noturno,EP_R1_NPPI,EP_R1_NPPI,True,R1,NPPI,False,1.5,-53.956,-53.956,2020-2022,2020,2022,3,Serviço Social (Bacharelado) | Darcy Ribeiro,Serviço Social (Bacharelado) | Noturno,Serviço Social (Bacharelado) | EP_R1_NPPI,Serviço Social (Bacharelado) | Darcy Ribeiro | Noturno,Serviço Social (Bacharelado) | EP_R1_NPPI | Darcy Ribeiro,Serviço Social (Bacharelado) | EP_R1_NPPI | Noturno
2020-2022,2022,Darcy Ribeiro,Serviço Social (Bacharelado),Noturno,EP_R2_NPPI,EP_R2_NPPI,True,R2,NPPI,False,1.5,-61.615,-61.615,2020-2022,2020,2022,3,Serviço Social (Bacharelado) | Darcy Ribeiro,Serviço Social (Bacharelado) | Noturno,Serviço Social (Bacharelado) | EP_R2_NPPI,Serviço Social (Bacharelado) | Darcy Ribeiro | Noturno,Serviço Social (Bacharelado) | EP_R2_NPPI | Darcy Ribeiro,Serviço Social (Bacharelado) | EP_R2_NPPI | Noturno
2020-2022,2022,Darcy Ribeiro,Serviço Social (Bacharelado),Noturno,CN,CN,False,,NEGROS,False,,-41.755,-41.755,2020-2022,2020,2022,3,Serviço Social (Bacharelado) | Darcy Ribeiro,Serviço Social (Bacharelado) | Noturno,Serviço Social (Bacharelado) | CN,Serviço Social (Bacharelado) | Darcy Ribeiro | Noturno,Serviço Social (Bacharelado) | CN | Darcy Ribeiro,Serviço Social (Bacharelado) | CN | Noturno
2020-2022,2022,Darcy Ribeiro,Serviço Social (Bacharelado),Noturno,AC,AC,False,,,False,,-51.405,9.757,2020-2022,2020,2022,3,Serviço Social (Bacharelado) | Darcy Ribeiro,Serviço Social (Bacharelado) | Noturno,Serviço Social (Bacharelado) | AC,Serviço Social (Bacharelado) | Darcy Ribeiro | Noturno,Serviço Social (Bacharelado) | AC | Darcy Ribeiro,Serviço Social (Bacharelado) | AC | Noturno
2020-2022,2022,Darcy Ribeiro,"Teoria, Crítica e História da Arte (Bacharelado)",Noturno,EP_R2_PPI,EP_R2_PPI,True,R2,PPI,False,1.5,-51.341,-51.341,2020-2022,2020,2022,3,"Teoria, Crítica e História da Arte (Bacharelado) | Darcy Ribeiro","Teoria, Crítica e História da Arte (Bacharelado) | Noturno","Teoria, Crítica e História da Arte (Bacharelado) | EP_R2_PPI","Teoria, Crítica e História da Arte (Bacharelado) | Darcy Ribeiro | Noturno","Teoria, Crítica e História da Arte (Bacharelado) | EP_R2_PPI | Darcy Ribeiro","Teoria, Crítica e História da Arte (Bacharelado) | EP_R2_PPI | Noturno"
2020-2022,2022,Darcy Ribeiro,"Teoria, Crítica e História da Arte (Bacharelado)",Noturno,AC,AC,False,,,False,,-64.852,-7.391,2020-2022,2020,2022,3,"Teoria, Crítica e História da Arte (Bacharelado) | Darcy Ribeiro","Teoria, Crítica e História da Arte (Bacharelado) | Noturno","Teoria, Crítica e História da Arte (Bacharelado) | AC","Teoria, Crítica e História da Arte (Bacharelado) | Darcy Ribeiro | Noturno","Teoria, Crítica e História da Arte (Bacharelado) | AC | Darcy Ribeiro","Teoria, Crítica e História da Arte (Bacharelado) | AC | Noturno"
2020-2022,2022,Darcy Ribeiro,Turismo (Bacharelado),Diurno,EP_R2_NPPI,EP_R2_NPPI,True,R2,NPPI,False,1.5,-20.793,-20.793,2020-2022,2020,2022,3,Turismo (Bacharelado) | Darcy Ribeiro,Turismo (Bacharelado) | Diurno,Turismo (Bacharelado) | EP_R2_NPPI,Turismo (Bacharelado) | Darcy Ribeiro | Diurno,Turismo (Bacharelado) | EP_R2_NPPI | Darcy Ribeiro,Turismo (Bacharelado) | EP_R2_NPPI | Diurno
2020-2022,2022,Darcy Ribeiro,Turismo (Bacharelado),Diurno,CN,CN,False,,NEGROS,False,,-22.832,-22.832,2020-2022,2020,2022,3,Turismo (Bacharelado) | Darcy Ribeiro,Turismo (Bacharelado) | Diurno,Turismo (Bacharelado) | CN,Turismo (Bacharelado) | Darcy Ribeiro | Diurno,Turismo (Bacharelado) | CN | Darcy Ribeiro,Turismo (Bacharelado) | CN | Diurno
2020-2022,2022,Darcy Ribeiro,Turismo (Bacharelado),Diurno,AC,AC,False,,,False,,-83.422,20.419,2020-2022,2020,2022,3,Turismo (Bacharelado) | Darcy Ribeiro,Turismo (Bacharelado) | Diurno,Turismo (Bacharelado) | AC,Turismo (Bacharelado) | Darcy Ribeiro | Diurno,Turismo (Bacharelado) | AC | Darcy Ribeiro,Turismo (Bacharelado) | AC | Diurno
2020-2022,2022,Gama,Engenharias (FGA),Diurno,EP_R1_PPI,EP_R1_PPI,True,R1,PPI,False,1.5,-53.959,47.686,2020-2022,2020,2022,3,Engenharias (FGA) | Gama,Engenharias (FGA) | Diurno,Engenharias (FGA) | EP_R1_PPI,Engenharias (FGA) | Gama | Diurno,Engenharias (FGA) | EP_R1_PPI | Gama,Engenharias (FGA) | EP_R1_PPI | Diurno
2020-2022,2022,Gama,Engenharias (FGA),Diurno,EP_R1_NPPI,EP_R1_NPPI,True,R1,NPPI,False,1.5,-35.606,44.82,2020-2022,2020,2022,3,Engenharias (FGA) | Gama,Engenharias (FGA) | Diurno,Engenharias (FGA) | EP_R1_NPPI,Engenharias (FGA) | Gama | Diurno,Engenharias (FGA) | EP_R1_NPPI | Gama,Engenharias (FGA) | EP_R1_NPPI | Diurno
2020-2022,2022,Gama,Engenharias (FGA),Diurno,EP_R2_PPI,EP_R2_PPI,True,R2,PPI,False,1.5,-64.219,70.524,2020-2022,2020,2022,3,Engenharias (FGA) | Gama,Engenharias (FGA) | Diurno,Engenharias (FGA) | EP_R2_PPI,Engenharias (FGA) | Gama | Diurno,Engenharias (FGA) | EP_R2_PPI | Gama,Engenharias (FGA) | EP_R2_PPI | Diurno
2020-2022,2022,Gama,Engenharias (FGA),Diurno,EP_R2_NPPI,EP_R2_NPPI,True,R2,NPPI,False,1.5,11.743,81.398,2020-2022,2020,2022,3,Engenharias (FGA) | Gama,Engenharias (FGA) | Diurno,Engenharias (FGA) | EP_R2_NPPI,Engenharias (FGA) | Gama | Diurno,Engenharias (FGA) | EP_R2_NPPI | Gama,Engenharias (FGA) | EP_R2_NPPI | Diurno
2020-2022,2022,Gama,Engenharias (FGA),Diurno,CN,CN,False,,NEGROS,False,,24.066,129.802,2020-2022,2020,2022,3,Engenharias (FGA) | Gama,Engenharias (FGA) | Diurno,Engenharias (FGA) | CN,Engenharias (FGA) | Gama | Diurno,Engenharias (FGA) | CN | Gama,Engenharias (FGA) | CN | Diurno
2020-2022,2022,Gama,Engenharias (FGA),Diurno,AC,AC,False,,,False,,50.773,178.331,2020-2022,2020,2022,3,Engenharias (FGA) | Gama,Engenharias (FGA) | Diurno,Engenharias (FGA) | AC,Engenharias (FGA) | Gama | Diurno,Engenharias (FGA) | AC | Gama,Engenharias (FGA) | AC | Diurno
2020-2022,2022,Planaltina,Ciências Naturais (Licenciatura),Diurno,EP_R1_PPI,EP_R1_PPI,True,R1,PPI,False,1.5,-19.534,-19.534,2020-2022,2020,2022,3,Ciências Naturais (Licenciatura) | Planaltina,Ciências Naturais (Licenciatura) | Diurno,Ciências Naturais (Licenciatura) | EP_R1_PPI,Ciências Naturais (Licenciatura) | Planaltina | Diurno,Ciências Naturais (Licenciatura) | EP_R1_PPI | Planaltina,Ciências Naturais (Licenciatura) | EP_R1_PPI | Diurno
2020-2022,2022,Planaltina,Ciências Naturais (Licenciatura),Diurno,EP_R2_PPI,EP_R2_PPI,True,R2,PPI,False,1.5,-36.562,-36.562,2020-2022,2020,2022,3,Ciências Naturais (Licenciatura) | Planaltina,Ciências Naturais (Licenciatura) | Diurno,Ciências Naturais (Licenciatura) | EP_R2_PPI,Ciências Naturais (Licenciatura) | Planaltina | Diurno,Ciências Naturais (Licenciatura) | EP_R2_PPI | Planaltina,Ciências Naturais (Licenciatura) | EP_R2_PPI | Diurno
2020-2022,2022,Planaltina,Ciências Naturais (Licenciatura),Diurno,AC,AC,False,,,False,,-71.509,21.657,2020-2022,2020,2022,3,Ciências Naturais (Licenciatura) | Planaltina,Ciências Naturais (Licenciatura) | Diurno,Ciências Naturais (Licenciatura) | AC,Ciências Naturais (Licenciatura) | Planaltina | Diurno,Ciências Naturais (Licenciatura) | AC | Planaltina,Ciências Naturais (Licenciatura) | AC | Diurno
2020-2022,2022,Planaltina,Ciências Naturais (Licenciatura),Noturno,EP_R2_PPI,EP_R2_PPI,True,R2,PPI,False,1.5,-37.156,-37.156,2020-2022,2020,2022,3,Ciências Naturais (Licenciatura) | Planaltina,Ciências Naturais (Licenciatura) | Noturno,Ciências Naturais (Licenciatura) | EP_R2_PPI,Ciências Naturais (Licenciatura) | Planaltina | Noturno,Ciências Naturais (Licenciatura) | EP_R2_PPI | Planaltina,Ciências Naturais (Licenciatura) | EP_R2_PPI | Noturno
2020-2022,2022,Planaltina,Ciências Naturais (Licenciatura),Noturno,AC,AC,False,,,False,,-62.526,-39.709,2020-2022,2020,2022,3,Ciências Naturais (Licenciatura) | Planaltina,Ciências Naturais (Licenciatura) | Noturno,Ciências Naturais (Licenciatura) | AC,Ciências Naturais (Licenciatura) | Planaltina | Noturno,Ciências Naturais (Licenciatura) | AC | Planaltina,Ciências Naturais (Licenciatura) | AC | Noturno
2020-2022,2022,Planaltina,Gestão Ambiental (Bacharelado),Noturno,EP_R2_NPPI,EP_R2_NPPI,True,R2,NPPI,False,1.5,-10.728,-10.728,2020-2022,2020,2022,3,Gestão Ambiental (Bacharelado) | Planaltina,Gestão Ambiental (Bacharelado) | Noturno,Gestão Ambiental (Bacharelado) | EP_R2_NPPI,Gestão Ambiental (Bacharelado) | Planaltina | Noturno,Gestão Ambiental (Bacharelado) | EP_R2_NPPI | Planaltina,Gestão Ambiental (Bacharelado) | EP_R2_NPPI | Noturno
2020-2022,2022,Planaltina,Gestão Ambiental (Bacharelado),Noturno,AC,AC,False,,,False,,-46.76,31.975,2020-2022,2020,2022,3,Gestão Ambiental (Bacharelado) | Planaltina,Gestão Ambiental (Bacharelado) | Noturno,Gestão Ambiental (Bacharelado) | AC,Gestão Ambiental (Bacharelado) | Planaltina | Noturno,Gestão Ambiental (Bacharelado) | AC | Planaltina,Gestão Ambiental (Bacharelado) | AC | Noturno
2020-2022,2022,Planaltina,Gestão do Agronegócio (Bacharelado),Diurno,CN,CN,False,,NEGROS,False,,-45.106,-45.106,2020-2022,2020,2022,3,Gestão do Agronegócio (Bacharelado) | Planaltina,Gestão do Agronegócio (Bacharelado) | Diurno,Gestão do Agronegócio (Bacharelado) | CN,Gestão do Agronegócio (Bacharelado) | Planaltina | Diurno,Gestão do Agronegócio (Bacharelado) | CN | Planaltina,Gestão do Agronegócio (Bacharelado) | CN | Diurno
2020-2022,2022,Planaltina,Gestão do Agronegócio (Bacharelado),Diurno,AC,AC,False,,,False,,-96.675,4.58,2020-2022,2020,2022,3,Gestão do Agronegócio (Bacharelado) | Planaltina,Gestão do Agronegócio (Bacharelado) | Diurno,Gestão do Agronegócio (Bacharelado) | AC,Gestão do Agronegócio (Bacharelado) | Planaltina | Diurno,Gestão do Agronegócio (Bacharelado) | AC | Planaltina,Gestão do Agronegócio (Bacharelado) | AC | Diurno
2021-2023,2023,Ceilândia,Enfermagem (Bacharelado),Diurno,EP_R1_PPI,EP_R1_PPI,True,R1,PPI,False,1.5,-35.67,-13.949,2021-2023,2021,2023,4,Enfermagem (Bacharelado) | Ceilândia,Enfermagem (Bacharelado) | Diurno,Enfermagem (Bacharelado) | EP_R1_PPI,Enfermagem (Bacharelado) | Ceilândia | Diurno,Enfermagem (Bacharelado) | EP_R1_PPI | Ceilândia,Enfermagem (Bacharelado) | EP_R1_PPI | Diurno
2021-2023,2023,Ceilândia,Enfermagem (Bacharelado),Diurno,EP_R1_NPPI,EP_R1_NPPI,True,R1,NPPI,False,1.5,4.774,52.752,2021-2023,2021,2023,4,Enfermagem (Bacharelado) | Ceilândia,Enfermagem (Bacharelado) | Diurno,Enfermagem (Bacharelado) | EP_R1_NPPI,Enfermagem (Bacharelado) | Ceilândia | Diurno,Enfermagem (Bacharelado) | EP_R1_NPPI | Ceilândia,Enfermagem (Bacharelado) | EP_R1_NPPI | Diurno
2021-2023,2023,Ceilândia,Enfermagem (Bacharelado),Diurno,EP_R2_PPI,EP_R2_PPI,True,R2,PPI,False,1.5,-66.432,-42.493,2021-2023,2021,2023,4,Enfermagem (Bacharelado) | Ceilândia,Enfermagem (Bacharelado) | Diurno,Enfermagem (Bacharelado) | EP_R2_PPI,Enfermagem (Bacharelado) | Ceilândia | Diurno,Enfermagem (Bacharelado) | EP_R2_PPI | Ceilândia,Enfermagem (Bacharelado) | EP_R2_PPI | Diurno
2021-2023,2023,Ceilândia,Enfermagem (Bacharelado),Diurno,EP_R2_NPPI,EP_R2_NPPI,True,R2,NPPI,False,1.5,19.111,35.365,2021-2023,2021,2023,4,Enfermagem (Bacharelado) | Ceilândia,Enfermagem (Bacharelado) | Diurno,Enfermagem (Bacharelado) | EP_R2_NPPI,Enfermagem (Bacharelado) | Ceilândia | Diurno,Enfermagem (Bacharelado) | EP_R2_NPPI | Ceilândia,Enfermagem (Bacharelado) | EP_R2_NPPI | Diurno
2021-2023,2023,Ceilândia,Enfermagem (Bacharelado),Diurno,CN,CN,False,,NEGROS,False,,2.879,2.879,2021-2023,2021,2023,4,Enfermagem (Bacharelado) | Ceilândia,Enfermagem (Bacharelado) | Diurno,Enfermagem (Bacharelado) | CN,Enfermagem (Bacharelado) | Ceilândia | Diurno,Enfermagem (Bacharelado) | CN | Ceilândia,Enfermagem (Bacharelado) | CN | Diurno
2021-2023,2023,Ceilândia,Enfermagem (Bacharelado),Diurno,AC,AC,False,,,False,,40.205,65.958,2021-2023,2021,2023,4,Enfermagem (Bacharelado) | Ceilândia,Enfermagem (Bacharelado) | Diurno,Enfermagem (Bacharelado) | AC,Enfermagem (Bacharelado) | Ceilândia | Diurno,Enfermagem (Bacharelado) | AC | Ceilândia,Enfermagem (Bacharelado) | AC | Diurno
2021-2023,2023,Ceilândia,Farmácia (Bacharelado),Diurno,EP_R1_PPI,EP_R1_PPI,True,R1,PPI,False,1.5,-42.825,-3.477,2021-2023,2021,2023,4,Farmácia (Bacharelado) | Ceilândia,Farmácia (Bacharelado) | Diurno,Farmácia (Bacharelado) | EP_R1_PPI,Farmácia (Bacharelado) | Ceilândia | Diurno,Farmácia (Bacharelado) | EP_R1_PPI | Ceilândia,Farmácia (Bacharelado) | EP_R1_PPI | Diurno
2021-2023,2023,Ceilândia,Farmácia (Bacharelado),Diurno,EP_R1_NPPI,EP_R1_NPPI,True,R1,NPPI,False,1.5,-55.33,-35.599,2021-2023,2021,2023,4,Farmácia (Bacharelado) | Ceilândia,Farmácia (Bacharelado) | Diurno,Farmácia (Bacharelado) | EP_R1_NPPI,Farmácia (Bacharelado) | Ceilândia | Diurno,Farmácia (Bacharelado) | EP_R1_NPPI | Ceilândia,Farmácia (Bacharelado) | EP_R1_NPPI | Diurno
2021-2023,2023,Ceilândia,Farmácia (Bacharelado),Diurno,EP_R2_PPI,EP_R2_PPI,True,R2,PPI,False,1.5,-59.032,1.504,2021-2023,2021,2023,4,Farmácia (Bacharelado) | Ceilândia,Farmácia (Bacharelado) | Diurno,Farmácia (Bacharelado) | EP_R2_PPI,Farmácia (Bacharelado) | Ceilândia | Diurno,Farmácia (Bacharelado) | EP_R2_PPI | Ceilândia,Farmácia (Bacharelado) | EP_R2_PPI | Diurno
2021-2023,2023,Ceilândia,Farmácia (Bacharelado),Diurno,EP_R2_NPPI,EP_R2_NPPI,True,R2,NPPI,False,1.5,-1.811,86.786,2021-2023,2021,2023,4,Farmácia (Bacharelado) | Ceilândia,Farmácia (Bacharelado) | Diurno,Farmácia (Bacharelado) | EP_R2_NPPI,Farmácia (Bacharelado) | Ceilândia | Diurno,Farmácia (Bacharelado) | EP_R2_NPPI | Ceilândia,Farmácia (Bacharelado) | EP_R2_NPPI | Diurno
2021-2023,2023,Ceilândia,Farmácia (Bacharelado),Diurno,CN,CN,False,,NEGROS,False,,11.437,11.437,2021-2023,2021,2023,4,Farmácia (Bacharelado) | Ceilândia,Farmácia (Bacharelado) | Diurno,Farmácia (Bacharelado) | CN,Farmácia (Bacharelado) | Ceilândia | Diurno,Farmácia (Bacharelado) | CN | Ceilândia,Farmácia (Bacharelado) | CN | Diurno
2021-2023,2023,Ceilândia,Farmácia (Bacharelado),Diurno,AC,AC,False,,,False,,11.818,63.743,2021-2023,2021,2023,4,Farmácia (Bacharelado) | Ceilândia,Farmácia (Bacharelado) | Diurno,Farmácia (Bacharelado) | AC,Farmácia (Bacharelado) | Ceilândia | Diurno,Farmácia (Bacharelado) | AC | Ceilândia,Farmácia (Bacharelado) | AC | Diurno
2021-2023,2023,Ceilândia,Fisioterapia (Bacharelado),Diurno,EP_R1_PPI,EP_R1_PPI,True,R1,PPI,False,1.5,-29.528,-6.075,2021-2023,2021,2023,4,Fisioterapia (Bacharelado) | Ceilândia,Fisioterapia (Bacharelado) | Diurno,Fisioterapia (Bacharelado) | EP_R1_PPI,Fisioterapia (Bacharelado) | Ceilândia | Diurno,Fisioterapia (Bacharelado) | EP_R1_PPI | Ceilândia,Fisioterapia (Bacharelado) | EP_R1_PPI | Diurno
2021-2023,2023,Ceilândia,Fisioterapia (Bacharelado),Diurno,EP_R1_NPPI,EP_R1_NPPI,True,R1,NPPI,False,1.5,16.592,40.502,2021-2023,2021,2023,4,Fisioterapia (Bacharelado) | Ceilândia,Fisioterapia (Bacharelado) | Diurno,Fisioterapia (Bacharelado) | EP_R1_NPPI,Fisioterapia (Bacharelado) | Ceilândia | Diurno,Fisioterapia (Bacharelado) | EP_R1_NPPI | Ceilândia,Fisioterapia (Bacharelado) | EP_R1_NPPI | Diurno
2021-2023,2023,Ceilândia,Fisioterapia (Bacharelado),Diurno,EP_R2_PPI,EP_R2_PPI,True,R2,PPI,False,1.5,-56.521,-28.036,2021-2023,2021,2023,4,Fisioterapia (Bacharelado) | Ceilândia,Fisioterapia (Bacharelado) | Diurno,Fisioterapia (Bacharelado) | EP_R2_PPI,Fisioterapia (Bacharelado) | Ceilândia | Diurno,Fisioterapia (Bacharelado) | EP_R2_PPI | Ceilândia,Fisioterapia (Bacharelado) | EP_R2_PPI | Diurno
2021-2023,2023,Ceilândia,Fisioterapia (Bacharelado),Diurno,EP_R2_NPPI,EP_R2_NPPI,True,R2,NPPI,False,1.5,11.653,27.267,2021-2023,2021,2023,4,Fisioterapia (Bacharelado) | Ceilândia,Fisioterapia (Bacharelado) | Diurno,Fisioterapia (Bacharelado) | EP_R2_NPPI,Fisioterapia (Bacharelado) | Ceilândia | Diurno,Fisioterapia (Bacharelado) | EP_R2_NPPI | Ceilândia,Fisioterapia (Bacharelado) | EP_R2_NPPI | Diurno
2021-2023,2023,Ceilândia,Fisioterapia (Bacharelado),Diurno,CN,CN,False,,NEGROS,False,,-9.095,-9.095,2021-2023,2021,2023,4,Fisioterapia (Bacharelado) | Ceilândia,Fisioterapia (Bacharelado) | Diurno,Fisioterapia (Bacharelado) | CN,Fisioterapia (Bacharelado) | Ceilândia | Diurno,Fisioterapia (Bacharelado) | CN | Ceilândia,Fisioterapia (Bacharelado) | CN | Diurno
2021-2023,2023,Ceilândia,Fisioterapia (Bacharelado),Diurno,AC,AC,False,,,False,,31.089,79.217,2021-2023,2021,2023,4,Fisioterapia (Bacharelado) | Ceilândia,Fisioterapia (Bacharelado) | Diurno,Fisioterapia (Bacharelado) | AC,Fisioterapia (Bacharelado) | Ceilândia | Diurno,Fisioterapia (Bacharelado) | AC | Ceilândia,Fisioterapia (Bacharelado) | AC | Diurno
2021-2023,2023,Ceilândia,Fonoaudiologia (Bacharelado),Diurno,EP_R1_PPI,EP_R1_PPI,True,R1,PPI,False,1.5,-68.611,20.447,2021-2023,2021,2023,4,Fonoaudiologia (Bacharelado) | Ceilândia,Fonoaudiologia (Bacharelado) | Diurno,Fonoaudiologia (Bacharelado) | EP_R1_PPI,Fonoaudiologia (Bacharelado) | Ceilândia | Diurno,Fonoaudiologia (Bacharelado) | EP_R1_PPI | Ceilândia,Fonoaudiologia (Bacharelado) | EP_R1_PPI | Diurno
2021-2023,2023,Ceilândia,Fonoaudiologia (Bacharelado),Diurno,EP_R1_NPPI,EP_R1_NPPI,True,R1,NPPI,False,1.5,-27.261,-17.719,2021-2023,2021,2023,4,Fonoaudiologia (Bacharelado) | Ceilândia,Fonoaudiologia (Bacharelado) | Diurno,Fonoaudiologia (Bacharelado) | EP_R1_NPPI,Fonoaudiologia (Bacharelado) | Ceilândia | Diurno,Fonoaudiologia (Bacharelado) | EP_R1_NPPI | Ceilândia,Fonoaudiologia (Bacharelado) | EP_R1_NPPI | Diurno
2021-2023,2023,Ceilândia,Fonoaudiologia (Bacharelado),Diurno,EP_R2_PPI,EP_R2_PPI,True,R2,PPI,False,1.5,-49.838,-49.838,2021-2023,2021,2023,4,Fonoaudiologia (Bacharelado) | Ceilândia,Fonoaudiologia (Bacharelado) | Diurno,Fonoaudiologia (Bacharelado) | EP_R2_PPI,Fonoaudiologia (Bacharelado) | Ceilândia | Diurno,Fonoaudiologia (Bacharelado) | EP_R2_PPI | Ceilândia,Fonoaudiologia (Bacharelado) | EP_R2_PPI | Diurno
2021-2023,2023,Ceilândia,Fonoaudiologia (Bacharelado),Diurno,EP_R2_NPPI,EP_R2_NPPI,True,R2,NPPI,False,1.5,-38.678,34.443,2021-2023,2021,2023,4,Fonoaudiologia (Bacharelado) | Ceilândia,Fonoaudiologia (Bacharelado) | Diurno,Fonoaudiologia (Bacharelado) | EP_R2_NPPI,Fonoaudiologia (Bacharelado) | Ceilândia | Diurno,Fonoaudiologia (Bacharelado) | EP_R2_NPPI | Ceilândia,Fonoaudiologia (Bacharelado) | EP_R2_NPPI | Diurno
2021-2023,2023,Ceilândia,Fonoaudiologia (Bacharelado),Diurno,CN,CN,False,,NEGROS,False,,-21.229,-21.229,2021-2023,2021,2023,4,Fonoaudiologia (Bacharelado) | Ceilândia,Fonoaudiologia (Bacharelado) | Diurno,Fonoaudiologia (Bacharelado) | CN,Fonoaudiologia (Bacharelado) | Ceilândia | Diurno,Fonoaudiologia (Bacharelado) | CN | Ceilândia,Fonoaudiologia (Bacharelado) | CN | Diurno
2021-2023,2023,Ceilândia,Fonoaudiologia (Bacharelado),Diurno,AC,AC,False,,,False,,19.105,64.645,2021-2023,2021,2023,4,Fonoaudiologia (Bacharelado) | Ceilândia,Fonoaudiologia (Bacharelado) | Diurno,Fonoaudiologia (Bacharelado) | AC,Fonoaudiologia (Bacharelado) | Ceilândia | Diurno,Fonoaudiologia (Bacharelado) | AC | Ceilândia,Fonoaudiologia (Bacharelado) | AC | Diurno
2021-2023,2023,Ceilândia,Saúde Coletiva (Bacharelado),Diurno,EP_R1_NPPI,EP_R1_NPPI,True,R1,NPPI,False,1.5,-92.731,-92.731,2021-2023,2021,2023,4,Saúde Coletiva (Bacharelado) | Ceilândia,Saúde Coletiva (Bacharelado) | Diurno,Saúde Coletiva (Bacharelado) | EP_R1_NPPI,Saúde Coletiva (Bacharelado) | Ceilândia | Diurno,Saúde Coletiva (Bacharelado) | EP_R1_NPPI | Ceilândia,Saúde Coletiva (Bacharelado) | EP_R1_NPPI | Diurno
2021-2023,2023,Ceilândia,Saúde Coletiva (Bacharelado),Diurno,EP_R2_NPPI,EP_R2_NPPI,True,R2,NPPI,False,1.5,-42.438,-23.874,2021-2023,2021,2023,4,Saúde Coletiva (Bacharelado) | Ceilândia,Saúde Coletiva (Bacharelado) | Diurno,Saúde Coletiva (Bacharelado) | EP_R2_NPPI,Saúde Coletiva (Bacharelado) | Ceilândia | Diurno,Saúde Coletiva (Bacharelado) | EP_R2_NPPI | Ceilândia,Saúde Coletiva (Bacharelado) | EP_R2_NPPI | Diurno
2021-2023,2023,Ceilândia,Saúde Coletiva (Bacharelado),Diurno,CN,CN,False,,NEGROS,False,,-39.762,-28.877,2021-2023,2021,2023,4,Saúde Coletiva (Bacharelado) | Ceilândia,Saúde Coletiva (Bacharelado) | Diurno,Saúde Coletiva (Bacharelado) | CN,Saúde Coletiva (Bacharelado) | Ceilândia | Diurno,Saúde Coletiva (Bacharelado) | CN | Ceilândia,Saúde Coletiva (Bacharelado) | CN | Diurno
2021-2023,2023,Ceilândia,Saúde Coletiva (Bacharelado),Diurno,AC,AC,False,,,False,,-79.717,25.273,2021-2023,2021,2023,4,Saúde Coletiva (Bacharelado) | Ceilândia,Saúde Coletiva (Bacharelado) | Diurno,Saúde Coletiva (Bacharelado) | AC,Saúde Coletiva (Bacharelado) | Ceilândia | Diurno,Saúde Coletiva (Bacharelado) | AC | Ceilândia,Saúde Coletiva (Bacharelado) | AC | Diurno
2021-2023,2023,Ceilândia,Terapia Ocupacional (Bacharelado),Diurno,EP_R1_PPI,EP_R1_PPI,True,R1,PPI,False,1.5,-16.701,-16.701,2021-2023,2021,2023,4,Terapia Ocupacional (Bacharelado) | Ceilândia,Terapia Ocupacional (Bacharelado) | Diurno,Terapia Ocupacional (Bacharelado) | EP_R1_PPI,Terapia Ocupacional (Bacharelado) | Ceilândia | Diurno,Terapia Ocupacional (Bacharelado) | EP_R1_PPI | Ceilândia,Terapia Ocupacional (Bacharelado) | EP_R1_PPI | Diurno
2021-2023,2023,Ceilândia,Terapia Ocupacional (Bacharelado),Diurno,EP_R1_NPPI,EP_R1_NPPI,True,R1,NPPI,False,1.5,-88.602,-3.99,2021-2023,2021,2023,4,Terapia Ocupacional (Bacharelado) | Ceilândia,Terapia Ocupacional (Bacharelado) | Diurno,Terapia Ocupacional (Bacharelado) | EP_R1_NPPI,Terapia Ocupacional (Bacharelado) | Ceilândia | Diurno,Terapia Ocupacional (Bacharelado) | EP_R1_NPPI | Ceilândia,Terapia Ocupacional (Bacharelado) | EP_R1_NPPI | Diurno
2021-2023,2023,Ceilândia,Terapia Ocupacional (Bacharelado),Diurno,EP_R2_PPI,EP_R2_PPI,True,R2,PPI,False,1.5,-37.682,-4.11,2021-2023,2021,2023,4,Terapia Ocupacional (Bacharelado) | Ceilândia,Terapia Ocupacional (Bacharelado) | Diurno,Terapia Ocupacional (Bacharelado) | EP_R2_PPI,Terapia Ocupacional (Bacharelado) | Ceilândia | Diurno,Terapia Ocupacional (Bacharelado) | EP_R2_PPI | Ceilândia,Terapia Ocupacional (Bacharelado) | EP_R2_PPI | Diurno
2021-2023,2023,Ceilândia,Terapia Ocupacional (Bacharelado),Diurno,EP_R2_NPPI,EP_R2_NPPI,True,R2,NPPI,False,1.5,-46.005,1.824,2021-2023,2021,2023,4,Terapia Ocupacional (Bacharelado) | Ceilândia,Terapia Ocupacional (Bacharelado) | Diurno,Terapia Ocupacional (Bacharelado) | EP_R2_NPPI,Terapia Ocupacional (Bacharelado) | Ceilândia | Diurno,Terapia Ocupacional (Bacharelado) | EP_R2_NPPI | Ceilândia,Terapia Ocupacional (Bacharelado) | EP_R2_NPPI | Diurno
2021-2023,2023,Ceilândia,Terapia Ocupacional (Bacharelado),Diurno,CN,CN,False,,NEGROS,False,,8.543,8.543,2021-2023,2021,2023,4,Terapia Ocupacional (Bacharelado) | Ceilândia,Terapia Ocupacional (Bacharelado) | Diurno,Terapia Ocupacional (Bacharelado) | CN,Terapia Ocupacional (Bacharelado) | Ceilândia | Diurno,Terapia Ocupacional (Bacharelado) | CN | Ceilândia,Terapia Ocupacional (Bacharelado) | CN | Diurno
2021-2023,2023,Ceilândia,Terapia Ocupacional (Bacharelado),Diurno,AC,AC,False,,,False,,-9.621,42.752,2021-2023,2021,2023,4,Terapia Ocupacional (Bacharelado) | Ceilândia,Terapia Ocupacional (Bacharelado) | Diurno,Terapia Ocupacional (Bacharelado) | AC,Terapia Ocupacional (Bacharelado) | Ceilândia | Diurno,Terapia Ocupacional (Bacharelado) | AC | Ceilândia,Terapia Ocupacional (Bacharelado) | AC | Diurno
2021-2023,2023,Darcy Ribeiro,Administração (Bacharelado),Diurno,EP_R1_PPI,EP_R1_PPI,True,R1,PPI,False,1.5,-53.789,-9.772,2021-2023,2021,2023,4,Administração (Bacharelado) | Darcy Ribeiro,Administração (Bacharelado) | Diurno,Administração (Bacharelado) | EP_R1_PPI,Administração (Bacharelado) | Darcy Ribeiro | Diurno,Administração (Bacharelado) | EP_R1_PPI | Darcy Ribeiro,Administração (Bacharelado) | EP_R1_PPI | Diurno
2021-2023,2023,Darcy Ribeiro,Administração (Bacharelado),Diurno,EP_R1_NPPI,EP_R1_NPPI,True,R1,NPPI,False,1.5,-59.221,-21.197,2021-2023,2021,2023,4,Administração (Bacharelado) | Darcy Ribeiro,Administração (Bacharelado) | Diurno,Administração (Bacharelado) | EP_R1_NPPI,Administração (Bacharelado) | Darcy Ribeiro | Diurno,Administração (Bacharelado) | EP_R1_NPPI | Darcy Ribeiro,Administração (Bacharelado) | EP_R1_NPPI | Diurno
2021-2023,2023,Darcy Ribeiro,Administração (Bacharelado),Diurno,EP_R2_PPI,EP_R2_PPI,True,R2,PPI,False,1.5,-51.29,2.093,2021-2023,2021,2023,4,Administração (Bacharelado) | Darcy Ribeiro,Administração (Bacharelado) | Diurno,Administração (Bacharelado) | EP_R2_PPI,Administração (Bacharelado) | Darcy Ribeiro | Diurno,Administração (Bacharelado) | EP_R2_PPI | Darcy Ribeiro,Administração (Bacharelado) | EP_R2_PPI | Diurno
2021-2023,2023,Darcy Ribeiro,Administração (Bacharelado),Diurno,EP_R2_NPPI,EP_R2_NPPI,True,R2,NPPI,False,1.5,13.596,33.653,2021-2023,2021,2023,4,Administração (Bacharelado) | Darcy Ribeiro,Administração (Bacharelado) | Diurno,Administração (Bacharelado) | EP_R2_NPPI,Administração (Bacharelado) | Darcy Ribeiro | Diurno,Administração (Bacharelado) | EP_R2_NPPI | Darcy Ribeiro,Administração (Bacharelado) | EP_R2_NPPI | Diurno
2021-2023,2023,Darcy Ribeiro,Administração (Bacharelado),Diurno,CN,CN,False,,NEGROS,False,,-4.981,44.699,2021-2023,2021,2023,4,Administração (Bacharelado) | Darcy Ribeiro,Administração (Bacharelado) | Diurno,Administração (Bacharelado) | CN,Administração (Bacharelado) | Darcy Ribeiro | Diurno,Administração (Bacharelado) | CN | Darcy Ribeiro,Administração (Bacharelado) | CN | Diurno
2021-2023,2023,Darcy Ribeiro,Administração (Bacharelado),Diurno,AC,AC,False,,,False,,46.485,94.873,2021-2023,2021,2023,4,Administração (Bacharelado) | Darcy Ribeiro,Administração (Bacharelado) | Diurno,Administração (Bacharelado) | AC,Administração (Bacharelado) | Darcy Ribeiro | Diurno,Administração (Bacharelado) | AC | Darcy Ribeiro,Administração (Bacharelado) | AC | Diurno
2021-2023,2023,Darcy Ribeiro,Administração (Bacharelado),Noturno,EP_R1_NPPI,EP_R1_NPPI,True,R1,NPPI,False,1.5,-45.664,6.082,2021-2023,2021,2023,4,Administração (Bacharelado) | Darcy Ribeiro,Administração (Bacharelado) | Noturno,Administração (Bacharelado) | EP_R1_NPPI,Administração (Bacharelado) | Darcy Ribeiro | Noturno,Administração (Bacharelado) | EP_R1_NPPI | Darcy Ribeiro,Administração (Bacharelado) | EP_R1_NPPI | Noturno
2021-2023,2023,Darcy Ribeiro,Administração (Bacharelado),Noturno,EP_R2_NPPI,EP_R2_NPPI,True,R2,NPPI,False,1.5,-63.326,12.204,2021-2023,2021,2023,4,Administração (Bacharelado) | Darcy Ribeiro,Administração (Bacharelado) | Noturno,Administração (Bacharelado) | EP_R2_NPPI,Administração (Bacharelado) | Darcy Ribeiro | Noturno,Administração (Bacharelado) | EP_R2_NPPI | Darcy Ribeiro,Administração (Bacharelado) | EP_R2_NPPI | Noturno
2021-2023,2023,Darcy Ribeiro,Administração (Bacharelado),Noturno,CN,CN,False,,NEGROS,False,,-6.548,-2.003,2021-2023,2021,2023,4,Administração (Bacharelado) | Darcy Ribeiro,Administração (Bacharelado) | Noturno,Administração (Bacharelado) | CN,Administração (Bacharelado) | Darcy Ribeiro | Noturno,Administração (Bacharelado) | CN | Darcy Ribeiro,Administração (Bacharelado) | CN | Noturno
2021-2023,2023,Darcy Ribeiro,Administração (Bacharelado),Noturno,AC,AC,False,,,False,,-17.276,52.003,2021-2023,2021,2023,4,Administração (Bacharelado) | Darcy Ribeiro,Administração (Bacharelado) | Noturno,Administração (Bacharelado) | AC,Administração (Bacharelado) | Darcy Ribeiro | Noturno,Administração (Bacharelado) | AC | Darcy Ribeiro,Administração (Bacharelado) | AC | Noturno
2021-2023,2023,Darcy Ribeiro,Agronomia (Bacharelado),Diurno,EP_R1_PPI,EP_R1_PPI,True,R1,PPI,False,1.5,-64.647,-16.992,2021-2023,2021,2023,4,Agronomia (Bacharelado) | Darcy Ribeiro,Agronomia (Bacharelado) | Diurno,Agronomia (Bacharelado) | EP_R1_PPI,Agronomia (Bacharelado) | Darcy Ribeiro | Diurno,Agronomia (Bacharelado) | EP_R1_PPI | Darcy Ribeiro,Agronomia (Bacharelado) | EP_R1_PPI | Diurno
2021-2023,2023,Darcy Ribeiro,Agronomia (Bacharelado),Diurno,EP_R1_NPPI,EP_R1_NPPI,True,R1,NPPI,False,1.5,-28.599,19.269,2021-2023,2021,2023,4,Agronomia (Bacharelado) | Darcy Ribeiro,Agronomia (Bacharelado) | Diurno,Agronomia (Bacharelado) | EP_R1_NPPI,Agronomia (Bacharelado) | Darcy Ribeiro | Diurno,Agronomia (Bacharelado) | EP_R1_NPPI | Darcy Ribeiro,Agronomia (Bacharelado) | EP_R1_NPPI | Diurno
2021-2023,2023,Darcy Ribeiro,Agronomia (Bacharelado),Diurno,EP_R2_PPI,EP_R2_PPI,True,R2,PPI,False,1.5,-61.917,-4.933,2021-2023,2021,2023,4,Agronomia (Bacharelado) | Darcy Ribeiro,Agronomia (Bacharelado) | Diurno,Agronomia (Bacharelado) | EP_R2_PPI,Agronomia (Bacharelado) | Darcy Ribeiro | Diurno,Agronomia (Bacharelado) | EP_R2_PPI | Darcy Ribeiro,Agronomia (Bacharelado) | EP_R2_PPI | Diurno
2021-2023,2023,Darcy Ribeiro,Agronomia (Bacharelado),Diurno,EP_R2_NPPI,EP_R2_NPPI,True,R2,NPPI,False,1.5,-35.875,1.054,2021-2023,2021,2023,4,Agronomia (Bacharelado) | Darcy Ribeiro,Agronomia (Bacharelado) | Diurno,Agronomia (Bacharelado) | EP_R2_NPPI,Agronomia (Bacharelado) | Darcy Ribeiro | Diurno,Agronomia (Bacharelado) | EP_R2_NPPI | Darcy Ribeiro,Agronomia (Bacharelado) | EP_R2_NPPI | Diurno
2021-2023,2023,Darcy Ribeiro,Agronomia (Bacharelado),Diurno,CN,CN,False,,NEGROS,False,,-86.604,32.518,2021-2023,2021,2023,4,Agronomia (Bacharelado) | Darcy Ribeiro,Agronomia (Bacharelado) | Diurno,Agronomia (Bacharelado) | CN,Agronomia (Bacharelado) | Darcy Ribeiro | Diurno,Agronomia (Bacharelado) | CN | Darcy Ribeiro,Agronomia (Bacharelado) | CN | Diurno
2021-2023,2023,Darcy Ribeiro,Agronomia (Bacharelado),Diurno,AC,AC,False,,,False,,-7.422,85.304,2021-2023,2021,2023,4,Agronomia (Bacharelado) | Darcy Ribeiro,Agronomia (Bacharelado) | Diurno,Agronomia (Bacharelado) | AC,Agronomia (Bacharelado) | Darcy Ribeiro | Diurno,Agronomia (Bacharelado) | AC | Darcy Ribeiro,Agronomia (Bacharelado) | AC | Diurno
2021-2023,2023,Darcy Ribeiro,Arquitetura e Urbanismo (Bacharelado),Diurno,EP_R1_PPI,EP_R1_PPI,True,R1,PPI,False,1.5,-23.28,23.159,2021-2023,2021,2023,4,Arquitetura e Urbanismo (Bacharelado) | Darcy Ribeiro,Arquitetura e Urbanismo (Bacharelado) | Diurno,Arquitetura e Urbanismo (Bacharelado) | EP_R1_PPI,Arquitetura e Urbanismo (Bacharelado) | Darcy Ribeiro | Diurno,Arquitetura e Urbanismo (Bacharelado) | EP_R1_PPI | Darcy Ribeiro,Arquitetura e Urbanismo (Bacharelado) | EP_R1_PPI | Diurno
2021-2023,2023,Darcy Ribeiro,Arquitetura e Urbanismo (Bacharelado),Diurno,EP_R1_NPPI,EP_R1_NPPI,True,R1,NPPI,False,1.5,-14.415,58.507,2021-2023,2021,2023,4,Arquitetura e Urbanismo (Bacharelado) | Darcy Ribeiro,Arquitetura e Urbanismo (Bacharelado) | Diurno,Arquitetura e Urbanismo (Bacharelado) | EP_R1_NPPI,Arquitetura e Urbanismo (Bacharelado) | Darcy Ribeiro | Diurno,Arquitetura e Urbanismo (Bacharelado) | EP_R1_NPPI | Darcy Ribeiro,Arquitetura e Urbanismo (Bacharelado) | EP_R1_NPPI | Diurno
2021-2023,2023,Darcy Ribeiro,Arquitetura e Urbanismo (Bacharelado),Diurno,EP_R2_PPI,EP_R2_PPI,True,R2,PPI,False,1.5,-10.139,15.247,2021-2023,2021,2023,4,Arquitetura e Urbanismo (Bacharelado) | Darcy Ribeiro,Arquitetura e Urbanismo (Bacharelado) | Diurno,Arquitetura e Urbanismo (Bacharelado) | EP_R2_PPI,Arquitetura e Urbanismo (Bacharelado) | Darcy Ribeiro | Diurno,Arquitetura e Urbanismo (Bacharelado) | EP_R2_PPI | Darcy Ribeiro,Arquitetura e Urbanismo (Bacharelado) | EP_R2_PPI | Diurno
2021-2023,2023,Darcy Ribeiro,Arquitetura e Urbanismo (Bacharelado),Diurno,EP_R2_NPPI,EP_R2_NPPI,True,R2,NPPI,False,1.5,59.408,79.914,2021-2023,2021,2023,4,Arquitetura e Urbanismo (Bacharelado) | Darcy Ribeiro,Arquitetura e Urbanismo (Bacharelado) | Diurno,Arquitetura e Urbanismo (Bacharelado) | EP_R2_NPPI,Arquitetura e Urbanismo (Bacharelado) | Darcy Ribeiro | Diurno,Arquitetura e Urbanismo (Bacharelado) | EP_R2_NPPI | Darcy Ribeiro,Arquitetura e Urbanismo (Bacharelado) | EP_R2_NPPI | Diurno
2021-2023,2023,Darcy Ribeiro,Arquitetura e Urbanismo (Bacharelado),Diurno,CN,CN,False,,NEGROS,False,,53.175,53.175,2021-2023,2021,2023,4,Arquitetura e Urbanismo (Bacharelado) | Darcy Ribeiro,Arquitetura e Urbanismo (Bacharelado) | Diurno,Arquitetura e Urbanismo (Bacharelado) | CN,Arquitetura e Urbanismo (Bacharelado) | Darcy Ribeiro | Diurno,Arquitetura e Urbanismo (Bacharelado) | CN | Darcy Ribeiro,Arquitetura e Urbanismo (Bacharelado) | CN | Diurno
2021-2023,2023,Darcy Ribeiro,Arquitetura e Urbanismo (Bacharelado),Diurno,AC,AC,False,,,False,,89.757,125.136,2021-2023,2021,2023,4,Arquitetura e Urbanismo (Bacharelado) | Darcy Ribeiro,Arquitetura e Urbanismo (Bacharelado) | Diurno,Arquitetura e Urbanismo (Bacharelado) | AC,Arquitetura e Urbanismo (Bacharelado) | Darcy Ribeiro | Diurno,Arquitetura e Urbanismo (Bacharelado) | AC | Darcy Ribeiro,Arquitetura e Urbanismo (Bacharelado) | AC | Diurno
2021-2023,2023,Darcy Ribeiro,Arquitetura e Urbanismo (Bacharelado),Noturno,EP_R1_PPI,EP_R1_PPI,True,R1,PPI,False,1.5,-20.256,-20.256,2021-2023,2021,2023,4,Arquitetura e Urbanismo (Bacharelado) | Darcy Ribeiro,Arquitetura e Urbanismo (Bacharelado) | Noturno,Arquitetura e Urbanismo (Bacharelado) | EP_R1_PPI,Arquitetura e Urbanismo (Bacharelado) | Darcy Ribeiro | Noturno,Arquitetura e Urbanismo (Bacharelado) | EP_R1_PPI | Darcy Ribeiro,Arquitetura e Urbanismo (Bacharelado) | EP_R1_PPI | Noturno
2021-2023,2023,Darcy Ribeiro,Arquitetura e Urbanismo (Bacharelado),Noturno,EP_R2_PPI,EP_R2_PPI,True,R2,PPI,False,1.5,-39.05,-39.05,2021-2023,2021,2023,4,Arquitetura e Urbanismo (Bacharelado) | Darcy Ribeiro,Arquitetura e Urbanismo (Bacharelado) | Noturno,Arquitetura e Urbanismo (Bacharelado) | EP_R2_PPI,Arquitetura e Urbanismo (Bacharelado) | Darcy Ribeiro | Noturno,Arquitetura e Urbanismo (Bacharelado) | EP_R2_PPI | Darcy Ribeiro,Arquitetura e Urbanismo (Bacharelado) | EP_R2_PPI | Noturno
2021-2023,2023,Darcy Ribeiro,Arquitetura e Urbanismo (Bacharelado),Noturno,EP_R2_NPPI,EP_R2_NPPI,True,R2,NPPI,False,1.5,-44.019,37.832,2021-2023,2021,2023,4,Arquitetura e Urbanismo (Bacharelado) | Darcy Ribeiro,Arquitetura e Urbanismo (Bacharelado) | Noturno,Arquitetura e Urbanismo (Bacharelado) | EP_R2_NPPI,Arquitetura e Urbanismo (Bacharelado) | Darcy Ribeiro | Noturno,Arquitetura e Urbanismo (Bacharelado) | EP_R2_NPPI | Darcy Ribeiro,Arquitetura e Urbanismo (Bacharelado) | EP_R2_NPPI | Noturno
2021-2023,2023,Darcy Ribeiro,Arquitetura e Urbanismo (Bacharelado),Noturno,CN,CN,False,,NEGROS,False,,-49.856,-49.856,2021-2023,2021,2023,4,Arquitetura e Urbanismo (Bacharelado) | Darcy Ribeiro,Arquitetura e Urbanismo (Bacharelado) | Noturno,Arquitetura e Urbanismo (Bacharelado) | CN,Arquitetura e Urbanismo (Bacharelado) | Darcy Ribeiro | Noturno,Arquitetura e Urbanismo (Bacharelado) | CN | Darcy Ribeiro,Arquitetura e Urbanismo (Bacharelado) | CN | Noturno
2021-2023,2023,Darcy Ribeiro,Arquitetura e Urbanismo (Bacharelado),Noturno,AC,AC,False,,,False,,61.623,87.641,2021-2023,2021,2023,4,Arquitetura e Urbanismo (Bacharelado) | Darcy Ribeiro,Arquitetura e Urbanismo (Bacharelado) | Noturno,Arquitetura e Urbanismo (Bacharelado) | AC,Arquitetura e Urbanismo (Bacharelado) | Darcy Ribeiro | Noturno,Arquitetura e Urbanismo (Bacharelado) | AC | Darcy Ribeiro,Arquitetura e Urbanismo (Bacharelado) | AC | Noturno
2021-2023,2023,Darcy Ribeiro,Arquivologia (Bacharelado),Noturno,EP_R1_NPPI,EP_R1_NPPI,True,R1,NPPI,False,1.5,-30.721,-19.2,2021-2023,2021,2023,4,Arquivologia (Bacharelado) | Darcy Ribeiro,Arquivologia (Bacharelado) | Noturno,Arquivologia (Bacharelado) | EP_R1_NPPI,Arquivologia (Bacharelado) | Darcy Ribeiro | Noturno,Arquivologia (Bacharelado) | EP_R1_NPPI | Darcy Ribeiro,Arquivologia (Bacharelado) | EP_R1_NPPI | Noturno
2021-2023,2023,Darcy Ribeiro,Arquivologia (Bacharelado),Noturno,EP_R2_NPPI,EP_R2_NPPI,True,R2,NPPI,False,1.5,-34.645,-30.382,2021-2023,2021,2023,4,Arquivologia (Bacharelado) | Darcy Ribeiro,Arquivologia (Bacharelado) | Noturno,Arquivologia (Bacharelado) | EP_R2_NPPI,Arquivologia (Bacharelado) | Darcy Ribeiro | Noturno,Arquivologia (Bacharelado) | EP_R2_NPPI | Darcy Ribeiro,Arquivologia (Bacharelado) | EP_R2_NPPI | Noturno
2021-2023,2023,Darcy Ribeiro,Arquivologia (Bacharelado),Noturno,AC,AC,False,,,False,,-55.63,-13.001,2021-2023,2021,2023,4,Arquivologia (Bacharelado) | Darcy Ribeiro,Arquivologia (Bacharelado) | Noturno,Arquivologia (Bacharelado) | AC,Arquivologia (Bacharelado) | Darcy Ribeiro | Noturno,Arquivologia (Bacharelado) | AC | Darcy Ribeiro,Arquivologia (Bacharelado) | AC | Noturno
2021-2023,2023,Darcy Ribeiro,Artes Cênicas (Bacharelado),Diurno,EP_R1_PPI,EP_R1_PPI,True,R1,PPI,False,1.5,-42.49,-42.49,2021-2023,2021,2023,4,Artes Cênicas (Bacharelado) | Darcy Ribeiro,Artes Cênicas (Bacharelado) | Diurno,Artes Cênicas (Bacharelado) | EP_R1_PPI,Artes Cênicas (Bacharelado) | Darcy Ribeiro | Diurno,Artes Cênicas (Bacharelado) | EP_R1_PPI | Darcy Ribeiro,Artes Cênicas (Bacharelado) | EP_R1_PPI | Diurno
2021-2023,2023,Darcy Ribeiro,Artes Cênicas (Bacharelado),Diurno,EP_R1_NPPI,EP_R1_NPPI,True,R1,NPPI,False,1.5,-64.508,-64.508,2021-2023,2021,2023,4,Artes Cênicas (Bacharelado) | Darcy Ribeiro,Artes Cênicas (Bacharelado) | Diurno,Artes Cênicas (Bacharelado) | EP_R1_NPPI,Artes Cênicas (Bacharelado) | Darcy Ribeiro | Diurno,Artes Cênicas (Bacharelado) | EP_R1_NPPI | Darcy Ribeiro,Artes Cênicas (Bacharelado) | EP_R1_NPPI | Diurno
2021-2023,2023,Darcy Ribeiro,Artes Cênicas (Bacharelado),Diurno,EP_R2_PPI,EP_R2_PPI,True,R2,PPI,False,1.5,-58.968,-58.968,2021-2023,2021,2023,4,Artes Cênicas (Bacharelado) | Darcy Ribeiro,Artes Cênicas (Bacharelado) | Diurno,Artes Cênicas (Bacharelado) | EP_R2_PPI,Artes Cênicas (Bacharelado) | Darcy Ribeiro | Diurno,Artes Cênicas (Bacharelado) | EP_R2_PPI | Darcy Ribeiro,Artes Cênicas (Bacharelado) | EP_R2_PPI | Diurno
2021-2023,2023,Darcy Ribeiro,Artes Cênicas (Bacharelado),Diurno,EP_R2_NPPI,EP_R2_NPPI,True,R2,NPPI,False,1.5,-6.534,-6.534,2021-2023,2021,2023,4,Artes Cênicas (Bacharelado) | Darcy Ribeiro,Artes Cênicas (Bacharelado) | Diurno,Artes Cênicas (Bacharelado) | EP_R2_NPPI,Artes Cênicas (Bacharelado) | Darcy Ribeiro | Diurno,Artes Cênicas (Bacharelado) | EP_R2_NPPI | Darcy Ribeiro,Artes Cênicas (Bacharelado) | EP_R2_NPPI | Diurno
2021-2023,2023,Darcy Ribeiro,Artes Cênicas (Bacharelado),Diurno,AC,AC,False,,,False,,9.492,24.387,2021-2023,2021,2023,4,Artes Cênicas (Bacharelado) | Darcy Ribeiro,Artes Cênicas (Bacharelado) | Diurno,Artes Cênicas (Bacharelado) | AC,Artes Cênicas (Bacharelado) | Darcy Ribeiro | Diurno,Artes Cênicas (Bacharelado) | AC | Darcy Ribeiro,Artes Cênicas (Bacharelado) | AC | Diurno
2021-2023,2023,Darcy Ribeiro,Artes Cênicas (Literatura),Diurno,EP_R1_NPPI,EP_R1_NPPI,True,R1,NPPI,False,1.5,-42.056,-5.063,2021-2023,2021,2023,4,Artes Cênicas (Literatura) | Darcy Ribeiro,Artes Cênicas (Literatura) | Diurno,Artes Cênicas (Literatura) | EP_R1_NPPI,Artes Cênicas (Literatura) | Darcy Ribeiro | Diurno,Artes Cênicas (Literatura) | EP_R1_NPPI | Darcy Ribeiro,Artes Cênicas (Literatura) | EP_R1_NPPI | Diurno
2021-2023,2023,Darcy Ribeiro,Artes Cênicas (Literatura),Diurno,AC,AC,False,,,False,,-1.077,21.881,2021-2023,2021,2023,4,Artes Cênicas (Literatura) | Darcy Ribeiro,Artes Cênicas (Literatura) | Diurno,Artes Cênicas (Literatura) | AC,Artes Cênicas (Literatura) | Darcy Ribeiro | Diurno,Artes Cênicas (Literatura) | AC | Darcy Ribeiro,Artes Cênicas (Literatura) | AC | Diurno
2021-2023,2023,Darcy Ribeiro,Artes Cênicas (Literatura),Noturno,AC,AC,False,,,False,,-68.863,25.467,2021-2023,2021,2023,4,Artes Cênicas (Literatura) | Darcy Ribeiro,Artes Cênicas (Literatura) | Noturno,Artes Cênicas (Literatura) | AC,Artes Cênicas (Literatura) | Darcy Ribeiro | Noturno,Artes Cênicas (Literatura) | AC | Darcy Ribeiro,Artes Cênicas (Literatura) | AC | Noturno
2021-2023,2023,Darcy Ribeiro,Artes Visuais (Bacharelado),Diurno,EP_R2_NPPI,EP_R2_NPPI,True,R2,NPPI,False,1.5,-73.314,-3.219,2021-2023,2021,2023,4,Artes Visuais (Bacharelado) | Darcy Ribeiro,Artes Visuais (Bacharelado) | Diurno,Artes Visuais (Bacharelado) | EP_R2_NPPI,Artes Visuais (Bacharelado) | Darcy Ribeiro | Diurno,Artes Visuais (Bacharelado) | EP_R2_NPPI | Darcy Ribeiro,Artes Visuais (Bacharelado) | EP_R2_NPPI | Diurno
2021-2023,2023,Darcy Ribeiro,Artes Visuais (Bacharelado),Diurno,AC,AC,False,,,False,,-13.782,47.739,2021-2023,2021,2023,4,Artes Visuais (Bacharelado) | Darcy Ribeiro,Artes Visuais (Bacharelado) | Diurno,Artes Visuais (Bacharelado) | AC,Artes Visuais (Bacharelado) | Darcy Ribeiro | Diurno,Artes Visuais (Bacharelado) | AC | Darcy Ribeiro,Artes Visuais (Bacharelado) | AC | Diurno
2021-2023,2023,Darcy Ribeiro,Biblioteconomia (Bacharelado),Diurno,EP_R1_NPPI,EP_R1_NPPI,True,R1,NPPI,False,1.5,-15.523,-15.523,2021-2023,2021,2023,4,Biblioteconomia (Bacharelado) | Darcy Ribeiro,Biblioteconomia (Bacharelado) | Diurno,Biblioteconomia (Bacharelado) | EP_R1_NPPI,Biblioteconomia (Bacharelado) | Darcy Ribeiro | Diurno,Biblioteconomia (Bacharelado) | EP_R1_NPPI | Darcy Ribeiro,Biblioteconomia (Bacharelado) | EP_R1_NPPI | Diurno
2021-2023,2023,Darcy Ribeiro,Biblioteconomia (Bacharelado),Diurno,EP_R2_PPI,EP_R2_PPI,True,R2,PPI,False,1.5,-45.652,-45.652,2021-2023,2021,2023,4,Biblioteconomia (Bacharelado) | Darcy Ribeiro,Biblioteconomia (Bacharelado) | Diurno,Biblioteconomia (Bacharelado) | EP_R2_PPI,Biblioteconomia (Bacharelado) | Darcy Ribeiro | Diurno,Biblioteconomia (Bacharelado) | EP_R2_PPI | Darcy Ribeiro,Biblioteconomia (Bacharelado) | EP_R2_PPI | Diurno
2021-2023,2023,Darcy Ribeiro,Biblioteconomia (Bacharelado),Diurno,EP_R2_NPPI,EP_R2_NPPI,True,R2,NPPI,False,1.5,-30.853,22.648,2021-2023,2021,2023,4,Biblioteconomia (Bacharelado) | Darcy Ribeiro,Biblioteconomia (Bacharelado) | Diurno,Biblioteconomia (Bacharelado) | EP_R2_NPPI,Biblioteconomia (Bacharelado) | Darcy Ribeiro | Diurno,Biblioteconomia (Bacharelado) | EP_R2_NPPI | Darcy Ribeiro,Biblioteconomia (Bacharelado) | EP_R2_NPPI | Diurno
2021-2023,2023,Darcy Ribeiro,Biblioteconomia (Bacharelado),Diurno,CN,CN,False,,NEGROS,False,,-34.372,-34.372,2021-2023,2021,2023,4,Biblioteconomia (Bacharelado) | Darcy Ribeiro,Biblioteconomia (Bacharelado) | Diurno,Biblioteconomia (Bacharelado) | CN,Biblioteconomia (Bacharelado) | Darcy Ribeiro | Diurno,Biblioteconomia (Bacharelado) | CN | Darcy Ribeiro,Biblioteconomia (Bacharelado) | CN | Diurno
2021-2023,2023,Darcy Ribeiro,Biblioteconomia (Bacharelado),Diurno,AC,AC,False,,,False,,-82.692,28.164,2021-2023,2021,2023,4,Biblioteconomia (Bacharelado) | Darcy Ribeiro,Biblioteconomia (Bacharelado) | Diurno,Biblioteconomia (Bacharelado) | AC,Biblioteconomia (Bacharelado) | Darcy Ribeiro | Diurno,Biblioteconomia (Bacharelado) | AC | Darcy Ribeiro,Biblioteconomia (Bacharelado) | AC | Diurno
2021-2023,2023,Darcy Ribeiro,Biologia (Bacharelado),Diurno,EP_R1_PPI,EP_R1_PPI,True,R1,PPI,False,1.5,-4.111,3.96,2021-2023,2021,2023,4,Biologia (Bacharelado) | Darcy Ribeiro,Biologia (Bacharelado) | Diurno,Biologia (Bacharelado) | EP_R1_PPI,Biologia (Bacharelado) | Darcy Ribeiro | Diurno,Biologia (Bacharelado) | EP_R1_PPI | Darcy Ribeiro,Biologia (Bacharelado) | EP_R1_PPI | Diurno
2021-2023,2023,Darcy Ribeiro,Biologia (Bacharelado),Diurno,EP_R1_NPPI,EP_R1_NPPI,True,R1,NPPI,False,1.5,11.011,14.473,2021-2023,2021,2023,4,Biologia (Bacharelado) | Darcy Ribeiro,Biologia (Bacharelado) | Diurno,Biologia (Bacharelado) | EP_R1_NPPI,Biologia (Bacharelado) | Darcy Ribeiro | Diurno,Biologia (Bacharelado) | EP_R1_NPPI | Darcy Ribeiro,Biologia (Bacharelado) | EP_R1_NPPI | Diurno
2021-2023,2023,Darcy Ribeiro,Biologia (Bacharelado),Diurno,EP_R2_PPI,EP_R2_PPI,True,R2,PPI,False,1.5,-50.159,-26.927,2021-2023,2021,2023,4,Biologia (Bacharelado) | Darcy Ribeiro,Biologia (Bacharelado) | Diurno,Biologia (Bacharelado) | EP_R2_PPI,Biologia (Bacharelado) | Darcy Ribeiro | Diurno,Biologia (Bacharelado) | EP_R2_PPI | Darcy Ribeiro,Biologia (Bacharelado) | EP_R2_PPI | Diurno
2021-2023,2023,Darcy Ribeiro,Biologia (Bacharelado),Diurno,EP_R2_NPPI,EP_R2_NPPI,True,R2,NPPI,False,1.5,40.429,40.429,2021-2023,2021,2023,4,Biologia (Bacharelado) | Darcy Ribeiro,Biologia (Bacharelado) | Diurno,Biologia (Bacharelado) | EP_R2_NPPI,Biologia (Bacharelado) | Darcy Ribeiro | Diurno,Biologia (Bacharelado) | EP_R2_NPPI | Darcy Ribeiro,Biologia (Bacharelado) | EP_R2_NPPI | Diurno
2021-2023,2023,Darcy Ribeiro,Biologia (Bacharelado),Diurno,EP_R2_NPPI_PCD,EP_R2_NPPI_PCD,True,R2,NPPI,True,1.5,-25.671,-25.671,2021-2023,2021,2023,4,Biologia (Bacharelado) | Darcy Ribeiro,Biologia (Bacharelado) | Diurno,Biologia (Bacharelado) | EP_R2_NPPI_PCD,Biologia (Bacharelado) | Darcy Ribeiro | Diurno,Biologia (Bacharelado) | EP_R2_NPPI_PCD | Darcy Ribeiro,Biologia (Bacharelado) | EP_R2_NPPI_PCD | Diurno
2021-2023,2023,Darcy Ribeiro,Biologia (Bacharelado),Diurno,CN,CN,False,,NEGROS,False,,24.351,24.351,2021-2023,2021,2023,4,Biologia (Bacharelado) | Darcy Ribeiro,Biologia (Bacharelado) | Diurno,Biologia (Bacharelado) | CN,Biologia (Bacharelado) | Darcy Ribeiro | Diurno,Biologia (Bacharelado) | CN | Darcy Ribeiro,Biologia (Bacharelado) | CN | Diurno
2021-2023,2023,Darcy Ribeiro,Biologia (Bacharelado),Diurno,AC,AC,False,,,False,,92.094,139.272,2021-2023,2021,2023,4,Biologia (Bacharelado) | Darcy Ribeiro,Biologia (Bacharelado) | Diurno,Biologia (Bacharelado) | AC,Biologia (Bacharelado) | Darcy Ribeiro | Diurno,Biologia (Bacharelado) | AC | Darcy Ribeiro,Biologia (Bacharelado) | AC | Diurno
2021-2023,2023,Darcy Ribeiro,Biologia (Licenciatura),Noturno,EP_R1_PPI,EP_R1_PPI,True,R1,PPI,False,1.5,-32.04,-17.529,2021-2023,2021,2023,4,Biologia (Licenciatura) | Darcy Ribeiro,Biologia (Licenciatura) | Noturno,Biologia (Licenciatura) | EP_R1_PPI,Biologia (Licenciatura) | Darcy Ribeiro | Noturno,Biologia (Licenciatura) | EP_R1_PPI | Darcy Ribeiro,Biologia (Licenciatura) | EP_R1_PPI | Noturno
2021-2023,2023,Darcy Ribeiro,Biologia (Licenciatura),Noturno,EP_R1_NPPI,EP_R1_NPPI,True,R1,NPPI,False,1.5,-34.27,-8.304,2021-2023,2021,2023,4,Biologia (Licenciatura) | Darcy Ribeiro,Biologia (Licenciatura) | Noturno,Biologia (Licenciatura) | EP_R1_NPPI,Biologia (Licenciatura) | Darcy Ribeiro | Noturno,Biologia (Licenciatura) | EP_R1_NPPI | Darcy Ribeiro,Biologia (Licenciatura) | EP_R1_NPPI | Noturno
2021-2023,2023,Darcy Ribeiro,Biologia (Licenciatura),Noturno,EP_R2_PPI,EP_R2_PPI,True,R2,PPI,False,1.5,-14.417,9.672,2021-2023,2021,2023,4,Biologia (Licenciatura) | Darcy Ribeiro,Biologia (Licenciatura) | Noturno,Biologia (Licenciatura) | EP_R2_PPI,Biologia (Licenciatura) | Darcy Ribeiro | Noturno,Biologia (Licenciatura) | EP_R2_PPI | Darcy Ribeiro,Biologia (Licenciatura) | EP_R2_PPI | Noturno
2021-2023,2023,Darcy Ribeiro,Biologia (Licenciatura),Noturno,EP_R2_NPPI,EP_R2_NPPI,True,R2,NPPI,False,1.5,3.563,3.563,2021-2023,2021,2023,4,Biologia (Licenciatura) | Darcy Ribeiro,Biologia (Licenciatura) | Noturno,Biologia (Licenciatura) | EP_R2_NPPI,Biologia (Licenciatura) | Darcy Ribeiro | Noturno,Biologia (Licenciatura) | EP_R2_NPPI | Darcy Ribeiro,Biologia (Licenciatura) | EP_R2_NPPI | Noturno
2021-2023,2023,Darcy Ribeiro,Biologia (Licenciatura),Noturno,AC,AC,False,,,False,,1.357,67.671,2021-2023,2021,2023,4,Biologia (Licenciatura) | Darcy Ribeiro,Biologia (Licenciatura) | Noturno,Biologia (Licenciatura) | AC,Biologia (Licenciatura) | Darcy Ribeiro | Noturno,Biologia (Licenciatura) | AC | Darcy Ribeiro,Biologia (Licenciatura) | AC | Noturno
2021-2023,2023,Darcy Ribeiro,Biotecnologia (Bacharelado),Diurno,EP_R1_NPPI,EP_R1_NPPI,True,R1,NPPI,False,1.5,-35.358,22.414,2021-2023,2021,2023,4,Biotecnologia (Bacharelado) | Darcy Ribeiro,Biotecnologia (Bacharelado) | Diurno,Biotecnologia (Bacharelado) | EP_R1_NPPI,Biotecnologia (Bacharelado) | Darcy Ribeiro | Diurno,Biotecnologia (Bacharelado) | EP_R1_NPPI | Darcy Ribeiro,Biotecnologia (Bacharelado) | EP_R1_NPPI | Diurno
2021-2023,2023,Darcy Ribeiro,Biotecnologia (Bacharelado),Diurno,EP_R2_PPI,EP_R2_PPI,True,R2,PPI,False,1.5,-25.817,-25.817,2021-2023,2021,2023,4,Biotecnologia (Bacharelado) | Darcy Ribeiro,Biotecnologia (Bacharelado) | Diurno,Biotecnologia (Bacharelado) | EP_R2_PPI,Biotecnologia (Bacharelado) | Darcy Ribeiro | Diurno,Biotecnologia (Bacharelado) | EP_R2_PPI | Darcy Ribeiro,Biotecnologia (Bacharelado) | EP_R2_PPI | Diurno
2021-2023,2023,Darcy Ribeiro,Biotecnologia (Bacharelado),Diurno,EP_R2_NPPI,EP_R2_NPPI,True,R2,NPPI,False,1.5,2.909,28.978,2021-2023,2021,2023,4,Biotecnologia (Bacharelado) | Darcy Ribeiro,Biotecnologia (Bacharelado) | Diurno,Biotecnologia (Bacharelado) | EP_R2_NPPI,Biotecnologia (Bacharelado) | Darcy Ribeiro | Diurno,Biotecnologia (Bacharelado) | EP_R2_NPPI | Darcy Ribeiro,Biotecnologia (Bacharelado) | EP_R2_NPPI | Diurno
2021-2023,2023,Darcy Ribeiro,Biotecnologia (Bacharelado),Diurno,CN,CN,False,,NEGROS,False,,64.75,64.75,2021-2023,2021,2023,4,Biotecnologia (Bacharelado) | Darcy Ribeiro,Biotecnologia (Bacharelado) | Diurno,Biotecnologia (Bacharelado) | CN,Biotecnologia (Bacharelado) | Darcy Ribeiro | Diurno,Biotecnologia (Bacharelado) | CN | Darcy Ribeiro,Biotecnologia (Bacharelado) | CN | Diurno
2021-2023,2023,Darcy Ribeiro,Biotecnologia (Bacharelado),Diurno,AC,AC,False,,,False,,68.301,132.613,2021-2023,2021,2023,4,Biotecnologia (Bacharelado) | Darcy Ribeiro,Biotecnologia (Bacharelado) | Diurno,Biotecnologia (Bacharelado) | AC,Biotecnologia (Bacharelado) | Darcy Ribeiro | Diurno,Biotecnologia (Bacharelado) | AC | Darcy Ribeiro,Biotecnologia (Bacharelado) | AC | Diurno
2021-2023,2023,Darcy Ribeiro,Ciência Política (Bacharelado),Diurno,EP_R1_PPI,EP_R1_PPI,True,R1,PPI,False,1.5,-15.546,-3.077,2021-2023,2021,2023,4,Ciência Política (Bacharelado) | Darcy Ribeiro,Ciência Política (Bacharelado) | Diurno,Ciência Política (Bacharelado) | EP_R1_PPI,Ciência Política (Bacharelado) | Darcy Ribeiro | Diurno,Ciência Política (Bacharelado) | EP_R1_PPI | Darcy Ribeiro,Ciência Política (Bacharelado) | EP_R1_PPI | Diurno
2021-2023,2023,Darcy Ribeiro,Ciência Política (Bacharelado),Diurno,EP_R1_NPPI,EP_R1_NPPI,True,R1,NPPI,False,1.5,-21.736,15.499,2021-2023,2021,2023,4,Ciência Política (Bacharelado) | Darcy Ribeiro,Ciência Política (Bacharelado) | Diurno,Ciência Política (Bacharelado) | EP_R1_NPPI,Ciência Política (Bacharelado) | Darcy Ribeiro | Diurno,Ciência Política (Bacharelado) | EP_R1_NPPI | Darcy Ribeiro,Ciência Política (Bacharelado) | EP_R1_NPPI | Diurno
2021-2023,2023,Darcy Ribeiro,Ciência Política (Bacharelado),Diurno,EP_R2_PPI,EP_R2_PPI,True,R2,PPI,False,1.5,-30.791,5.586,2021-2023,2021,2023,4,Ciência Política (Bacharelado) | Darcy Ribeiro,Ciência Política (Bacharelado) | Diurno,Ciência Política (Bacharelado) | EP_R2_PPI,Ciência Política (Bacharelado) | Darcy Ribeiro | Diurno,Ciência Política (Bacharelado) | EP_R2_PPI | Darcy Ribeiro,Ciência Política (Bacharelado) | EP_R2_PPI | Diurno
2021-2023,2023,Darcy Ribeiro,Ciência Política (Bacharelado),Diurno,EP_R2_NPPI,EP_R2_NPPI,True,R2,NPPI,False,1.5,16.428,22.171,2021-2023,2021,2023,4,Ciência Política (Bacharelado) | Darcy Ribeiro,Ciência Política (Bacharelado) | Diurno,Ciência Política (Bacharelado) | EP_R2_NPPI,Ciência Política (Bacharelado) | Darcy Ribeiro | Diurno,Ciência Política (Bacharelado) | EP_R2_NPPI | Darcy Ribeiro,Ciência Política (Bacharelado) | EP_R2_NPPI | Diurno
2021-2023,2023,Darcy Ribeiro,Ciência Política (Bacharelado),Diurno,CN,CN,False,,NEGROS,False,,59.772,59.772,2021-2023,2021,2023,4,Ciência Política (Bacharelado) | Darcy Ribeiro,Ciência Política (Bacharelado) | Diurno,Ciência Política (Bacharelado) | CN,Ciência Política (Bacharelado) | Darcy Ribeiro | Diurno,Ciência Política (Bacharelado) | CN | Darcy Ribeiro,Ciência Política (Bacharelado) | CN | Diurno
2021-2023,2023,Darcy Ribeiro,Ciência Política (Bacharelado),Diurno,AC,AC,False,,,False,,51.125,76.944,2021-2023,2021,2023,4,Ciência Política (Bacharelado) | Darcy Ribeiro,Ciência Política (Bacharelado) | Diurno,Ciência Política (Bacharelado) | AC,Ciência Política (Bacharelado) | Darcy Ribeiro | Diurno,Ciência Política (Bacharelado) | AC | Darcy Ribeiro,Ciência Política (Bacharelado) | AC | Diurno
2021-2023,2023,Darcy Ribeiro,Ciência da Computação (Bacharelado),Diurno,EP_R1_PPI,EP_R1_PPI,True,R1,PPI,False,1.5,-7.916,6.671,2021-2023,2021,2023,4,Ciência da Computação (Bacharelado) | Darcy Ribeiro,Ciência da Computação (Bacharelado) | Diurno,Ciência da Computação (Bacharelado) | EP_R1_PPI,Ciência da Computação (Bacharelado) | Darcy Ribeiro | Diurno,Ciência da Computação (Bacharelado) | EP_R1_PPI | Darcy Ribeiro,Ciência da Computação (Bacharelado) | EP_R1_PPI | Diurno
2021-2023,2023,Darcy Ribeiro,Ciência da Computação (Bacharelado),Diurno,EP_R1_NPPI,EP_R1_NPPI,True,R1,NPPI,False,1.5,8.992,21.805,2021-2023,2021,2023,4,Ciência da Computação (Bacharelado) | Darcy Ribeiro,Ciência da Computação (Bacharelado) | Diurno,Ciência da Computação (Bacharelado) | EP_R1_NPPI,Ciência da Computação (Bacharelado) | Darcy Ribeiro | Diurno,Ciência da Computação (Bacharelado) | EP_R1_NPPI | Darcy Ribeiro,Ciência da Computação (Bacharelado) | EP_R1_NPPI | Diurno
2021-2023,2023,Darcy Ribeiro,Ciência da Computação (Bacharelado),Diurno,EP_R2_PPI,EP_R2_PPI,True,R2,PPI,False,1.5,53.97,91.909,2021-2023,2021,2023,4,Ciência da Computação (Bacharelado) | Darcy Ribeiro,Ciência da Computação (Bacharelado) | Diurno,Ciência da Computação (Bacharelado) | EP_R2_PPI,Ciência da Computação (Bacharelado) | Darcy Ribeiro | Diurno,Ciência da Computação (Bacharelado) | EP_R2_PPI | Darcy Ribeiro,Ciência da Computação (Bacharelado) | EP_R2_PPI | Diurno
2021-2023,2023,Darcy Ribeiro,Ciência da Computação (Bacharelado),Diurno,EP_R2_NPPI,EP_R2_NPPI,True,R2,NPPI,False,1.5,107.146,124.221,2021-2023,2021,2023,4,Ciência da Computação (Bacharelado) | Darcy Ribeiro,Ciência da Computação (Bacharelado) | Diurno,Ciência da Computação (Bacharelado) | EP_R2_NPPI,Ciência da Computação (Bacharelado) | Darcy Ribeiro | Diurno,Ciência da Computação (Bacharelado) | EP_R2_NPPI | Darcy Ribeiro,Ciência da Computação (Bacharelado) | EP_R2_NPPI | Diurno
2021-2023,2023,Darcy Ribeiro,Ciência da Computação (Bacharelado),Diurno,CN,CN,False,,NEGROS,False,,137.024,137.024,2021-2023,2021,2023,4,Ciência da Computação (Bacharelado) | Darcy Ribeiro,Ciência da Computação (Bacharelado) | Diurno,Ciência da Computação (Bacharelado) | CN,Ciência da Computação (Bacharelado) | Darcy Ribeiro | Diurno,Ciência da Computação (Bacharelado) | CN | Darcy Ribeiro,Ciência da Computação (Bacharelado) | CN | Diurno
2021-2023,2023,Darcy Ribeiro,Ciência da Computação (Bacharelado),Diurno,AC,AC,False,,,False,,143.984,188.751,2021-2023,2021,2023,4,Ciência da Computação (Bacharelado) | Darcy Ribeiro,Ciência da Computação (Bacharelado) | Diurno,Ciência da Computação (Bacharelado) | AC,Ciência da Computação (Bacharelado) | Darcy Ribeiro | Diurno,Ciência da Computação (Bacharelado) | AC | Darcy Ribeiro,Ciência da Computação (Bacharelado) | AC | Diurno
2021-2023,2023,Darcy Ribeiro,Ciências Ambientais (Bacharelado),Noturno,EP_R1_NPPI,EP_R1_NPPI,True,R1,NPPI,False,1.5,-6.827,-6.827,2021-2023,2021,2023,4,Ciências Ambientais (Bacharelado) | Darcy Ribeiro,Ciências Ambientais (Bacharelado) | Noturno,Ciências Ambientais (Bacharelado) | EP_R1_NPPI,Ciências Ambientais (Bacharelado) | Darcy Ribeiro | Noturno,Ciências Ambientais (Bacharelado) | EP_R1_NPPI | Darcy Ribeiro,Ciências Ambientais (Bacharelado) | EP_R1_NPPI | Noturno
2021-2023,2023,Darcy Ribeiro,Ciências Ambientais (Bacharelado),Noturno,EP_R2_PPI,EP_R2_PPI,True,R2,PPI,False,1.5,-51.524,-51.524,2021-2023,2021,2023,4,Ciências Ambientais (Bacharelado) | Darcy Ribeiro,Ciências Ambientais (Bacharelado) | Noturno,Ciências Ambientais (Bacharelado) | EP_R2_PPI,Ciências Ambientais (Bacharelado) | Darcy Ribeiro | Noturno,Ciências Ambientais (Bacharelado) | EP_R2_PPI | Darcy Ribeiro,Ciências Ambientais (Bacharelado) | EP_R2_PPI | Noturno
2021-2023,2023,Darcy Ribeiro,Ciências Ambientais (Bacharelado),Noturno,EP_R2_NPPI,EP_R2_NPPI,True,R2,NPPI,False,1.5,-29.414,-13.823,2021-2023,2021,2023,4,Ciências Ambientais (Bacharelado) | Darcy Ribeiro,Ciências Ambientais (Bacharelado) | Noturno,Ciências Ambientais (Bacharelado) | EP_R2_NPPI,Ciências Ambientais (Bacharelado) | Darcy Ribeiro | Noturno,Ciências Ambientais (Bacharelado) | EP_R2_NPPI | Darcy Ribeiro,Ciências Ambientais (Bacharelado) | EP_R2_NPPI | Noturno
2021-2023,2023,Darcy Ribeiro,Ciências Ambientais (Bacharelado),Noturno,CN,CN,False,,NEGROS,False,,-39.988,-39.988,2021-2023,2021,2023,4,Ciências Ambientais (Bacharelado) | Darcy Ribeiro,Ciências Ambientais (Bacharelado) | Noturno,Ciências Ambientais (Bacharelado) | CN,Ciências Ambientais (Bacharelado) | Darcy Ribeiro | Noturno,Ciências Ambientais (Bacharelado) | CN | Darcy Ribeiro,Ciências Ambientais (Bacharelado) | CN | Noturno
2021-2023,2023,Darcy Ribeiro,Ciências Ambientais (Bacharelado),Noturno,AC,AC,False,,,False,,-51.442,9.203,2021-2023,2021,2023,4,Ciências Ambientais (Bacharelado) | Darcy Ribeiro,Ciências Ambientais (Bacharelado) | Noturno,Ciências Ambientais (Bacharelado) | AC,Ciências Ambientais (Bacharelado) | Darcy Ribeiro | Noturno,Ciências Ambientais (Bacharelado) | AC | Darcy Ribeiro,Ciências Ambientais (Bacharelado) | AC | Noturno
2021-2023,2023,Darcy Ribeiro,Ciências Contábeis (Bacharelado),Diurno,EP_R1_PPI,EP_R1_PPI,True,R1,PPI,False,1.5,-59.857,-59.857,2021-2023,2021,2023,4,Ciências Contábeis (Bacharelado) | Darcy Ribeiro,Ciências Contábeis (Bacharelado) | Diurno,Ciências Contábeis (Bacharelado) | EP_R1_PPI,Ciências Contábeis (Bacharelado) | Darcy Ribeiro | Diurno,Ciências Contábeis (Bacharelado) | EP_R1_PPI | Darcy Ribeiro,Ciências Contábeis (Bacharelado) | EP_R1_PPI | Diurno
2021-2023,2023,Darcy Ribeiro,Ciências Contábeis (Bacharelado),Diurno,EP_R1_NPPI,EP_R1_NPPI,True,R1,NPPI,False,1.5,-49.303,44.815,2021-2023,2021,2023,4,Ciências Contábeis (Bacharelado) | Darcy Ribeiro,Ciências Contábeis (Bacharelado) | Diurno,Ciências Contábeis (Bacharelado) | EP_R1_NPPI,Ciências Contábeis (Bacharelado) | Darcy Ribeiro | Diurno,Ciências Contábeis (Bacharelado) | EP_R1_NPPI | Darcy Ribeiro,Ciências Contábeis (Bacharelado) | EP_R1_NPPI | Diurno
2021-2023,2023,Darcy Ribeiro,Ciências Contábeis (Bacharelado),Diurno,EP_R2_PPI,EP_R2_PPI,True,R2,PPI,False,1.5,-21.687,-21.687,2021-2023,2021,2023,4,Ciências Contábeis (Bacharelado) | Darcy Ribeiro,Ciências Contábeis (Bacharelado) | Diurno,Ciências Contábeis (Bacharelado) | EP_R2_PPI,Ciências Contábeis (Bacharelado) | Darcy Ribeiro | Diurno,Ciências Contábeis (Bacharelado) | EP_R2_PPI | Darcy Ribeiro,Ciências Contábeis (Bacharelado) | EP_R2_PPI | Diurno
2021-2023,2023,Darcy Ribeiro,Ciências Contábeis (Bacharelado),Diurno,EP_R2_NPPI,EP_R2_NPPI,True,R2,NPPI,False,1.5,-50.174,55.242,2021-2023,2021,2023,4,Ciências Contábeis (Bacharelado) | Darcy Ribeiro,Ciências Contábeis (Bacharelado) | Diurno,Ciências Contábeis (Bacharelado) | EP_R2_NPPI,Ciências Contábeis (Bacharelado) | Darcy Ribeiro | Diurno,Ciências Contábeis (Bacharelado) | EP_R2_NPPI | Darcy Ribeiro,Ciências Contábeis (Bacharelado) | EP_R2_NPPI | Diurno
2021-2023,2023,Darcy Ribeiro,Ciências Contábeis (Bacharelado),Diurno,CN,CN,False,,NEGROS,False,,-24.684,3.632,2021-2023,2021,2023,4,Ciências Contábeis (Bacharelado) | Darcy Ribeiro,Ciências Contábeis (Bacharelado) | Diurno,Ciências Contábeis (Bacharelado) | CN,Ciências Contábeis (Bacharelado) | Darcy Ribeiro | Diurno,Ciências Contábeis (Bacharelado) | CN | Darcy Ribeiro,Ciências Contábeis (Bacharelado) | CN | Diurno
2021-2023,2023,Darcy Ribeiro,Ciências Contábeis (Bacharelado),Diurno,AC,AC,False,,,False,,12.567,74.209,2021-2023,2021,2023,4,Ciências Contábeis (Bacharelado) | Darcy Ribeiro,Ciências Contábeis (Bacharelado) | Diurno,Ciências Contábeis (Bacharelado) | AC,Ciências Contábeis (Bacharelado) | Darcy Ribeiro | Diurno,Ciências Contábeis (Bacharelado) | AC | Darcy Ribeiro,Ciências Contábeis (Bacharelado) | AC | Diurno
2021-2023,2023,Darcy Ribeiro,Ciências Contábeis (Bacharelado),Noturno,EP_R1_NPPI,EP_R1_NPPI,True,R1,NPPI,False,1.5,-54.966,-29.047,2021-2023,2021,2023,4,Ciências Contábeis (Bacharelado) | Darcy Ribeiro,Ciências Contábeis (Bacharelado) | Noturno,Ciências Contábeis (Bacharelado) | EP_R1_NPPI,Ciências Contábeis (Bacharelado) | Darcy Ribeiro | Noturno,Ciências Contábeis (Bacharelado) | EP_R1_NPPI | Darcy Ribeiro,Ciências Contábeis (Bacharelado) | EP_R1_NPPI | Noturno
2021-2023,2023,Darcy Ribeiro,Ciências Contábeis (Bacharelado),Noturno,EP_R2_PPI,EP_R2_PPI,True,R2,PPI,False,1.5,-29.321,-6.142,2021-2023,2021,2023,4,Ciências Contábeis (Bacharelado) | Darcy Ribeiro,Ciências Contábeis (Bacharelado) | Noturno,Ciências Contábeis (Bacharelado) | EP_R2_PPI,Ciências Contábeis (Bacharelado) | Darcy Ribeiro | Noturno,Ciências Contábeis (Bacharelado) | EP_R2_PPI | Darcy Ribeiro,Ciências Contábeis (Bacharelado) | EP_R2_PPI | Noturno
2021-2023,2023,Darcy Ribeiro,Ciências Contábeis (Bacharelado),Noturno,EP_R2_NPPI,EP_R2_NPPI,True,R2,NPPI,False,1.5,-60.649,0.749,2021-2023,2021,2023,4,Ciências Contábeis (Bacharelado) | Darcy Ribeiro,Ciências Contábeis (Bacharelado) | Noturno,Ciências Contábeis (Bacharelado) | EP_R2_NPPI,Ciências Contábeis (Bacharelado) | Darcy Ribeiro | Noturno,Ciências Contábeis (Bacharelado) | EP_R2_NPPI | Darcy Ribeiro,Ciências Contábeis (Bacharelado) | EP_R2_NPPI | Noturno
2021-2023,2023,Darcy Ribeiro,Ciências Contábeis (Bacharelado),Noturno,CN,CN,False,,NEGROS,False,,-70.205,-24.978,2021-2023,2021,2023,4,Ciências Contábeis (Bacharelado) | Darcy Ribeiro,Ciências Contábeis (Bacharelado) | Noturno,Ciências Contábeis (Bacharelado) | CN,Ciências Contábeis (Bacharelado) | Darcy Ribeiro | Noturno,Ciências Contábeis (Bacharelado) | CN | Darcy Ribeiro,Ciências Contábeis (Bacharelado) | CN | Noturno
2021-2023,2023,Darcy Ribeiro,Ciências Contábeis (Bacharelado),Noturno,AC,AC,False,,,False,,-69.227,45.134,2021-2023,2021,2023,4,Ciências Contábeis (Bacharelado) | Darcy Ribeiro,Ciências Contábeis (Bacharelado) | Noturno,Ciências Contábeis (Bacharelado) | AC,Ciências Contábeis (Bacharelado) | Darcy Ribeiro | Noturno,Ciências Contábeis (Bacharelado) | AC | Darcy Ribeiro,Ciências Contábeis (Bacharelado) | AC | Noturno
2021-2023,2023,Darcy Ribeiro,Ciências Econômicas (Bacharelado),Diurno,EP_R1_NPPI,EP_R1_NPPI,True,R1,NPPI,False,1.5,-37.553,35.066,2021-2023,2021,2023,4,Ciências Econômicas (Bacharelado) | Darcy Ribeiro,Ciências Econômicas (Bacharelado) | Diurno,Ciências Econômicas (Bacharelado) | EP_R1_NPPI,Ciências Econômicas (Bacharelado) | Darcy Ribeiro | Diurno,Ciências Econômicas (Bacharelado) | EP_R1_NPPI | Darcy Ribeiro,Ciências Econômicas (Bacharelado) | EP_R1_NPPI | Diurno
2021-2023,2023,Darcy Ribeiro,Ciências Econômicas (Bacharelado),Diurno,EP_R2_PPI,EP_R2_PPI,True,R2,PPI,False,1.5,-37.254,59.411,2021-2023,2021,2023,4,Ciências Econômicas (Bacharelado) | Darcy Ribeiro,Ciências Econômicas (Bacharelado) | Diurno,Ciências Econômicas (Bacharelado) | EP_R2_PPI,Ciências Econômicas (Bacharelado) | Darcy Ribeiro | Diurno,Ciências Econômicas (Bacharelado) | EP_R2_PPI | Darcy Ribeiro,Ciências Econômicas (Bacharelado) | EP_R2_PPI | Diurno
2021-2023,2023,Darcy Ribeiro,Ciências Econômicas (Bacharelado),Diurno,EP_R2_NPPI,EP_R2_NPPI,True,R2,NPPI,False,1.5,-8.931,73.774,2021-2023,2021,2023,4,Ciências Econômicas (Bacharelado) | Darcy Ribeiro,Ciências Econômicas (Bacharelado) | Diurno,Ciências Econômicas (Bacharelado) | EP_R2_NPPI,Ciências Econômicas (Bacharelado) | Darcy Ribeiro | Diurno,Ciências Econômicas (Bacharelado) | EP_R2_NPPI | Darcy Ribeiro,Ciências Econômicas (Bacharelado) | EP_R2_NPPI | Diurno
2021-2023,2023,Darcy Ribeiro,Ciências Econômicas (Bacharelado),Diurno,CN,CN,False,,NEGROS,False,,13.26,13.26,2021-2023,2021,2023,4,Ciências Econômicas (Bacharelado) | Darcy Ribeiro,Ciências Econômicas (Bacharelado) | Diurno,Ciências Econômicas (Bacharelado) | CN,Ciências Econômicas (Bacharelado) | Darcy Ribeiro | Diurno,Ciências Econômicas (Bacharelado) | CN | Darcy Ribeiro,Ciências Econômicas (Bacharelado) | CN | Diurno
2021-2023,2023,Darcy Ribeiro,Ciências Econômicas (Bacharelado),Diurno,AC,AC,False,,,False,,105.597,150.5,2021-2023,2021,2023,4,Ciências Econômicas (Bacharelado) | Darcy Ribeiro,Ciências Econômicas (Bacharelado) | Diurno,Ciências Econômicas (Bacharelado) | AC,Ciências Econômicas (Bacharelado) | Darcy Ribeiro | Diurno,Ciências Econômicas (Bacharelado) | AC | Darcy Ribeiro,Ciências Econômicas (Bacharelado) | AC | Diurno
2021-2023,2023,Darcy Ribeiro,Ciências Sociais – Antropologia/ Sociologia (Bacharelado/Licenciatura),Diurno,EP_R1_PPI,EP_R1_PPI,True,R1,PPI,False,1.5,-61.197,-32.867,2021-2023,2021,2023,4,Ciências Sociais – Antropologia/ Sociologia (Bacharelado/Licenciatura) | Darcy Ribeiro,Ciências Sociais – Antropologia/ Sociologia (Bacharelado/Licenciatura) | Diurno,Ciências Sociais – Antropologia/ Sociologia (Bacharelado/Licenciatura) | EP_R1_PPI,Ciências Sociais – Antropologia/ Sociologia (Bacharelado/Licenciatura) | Darcy Ribeiro | Diurno,Ciências Sociais – Antropologia/ Sociologia (Bacharelado/Licenciatura) | EP_R1_PPI | Darcy Ribeiro,Ciências Sociais – Antropologia/ Sociologia (Bacharelado/Licenciatura) | EP_R1_PPI | Diurno
2021-2023,2023,Darcy Ribeiro,Ciências Sociais – Antropologia/ Sociologia (Bacharelado/Licenciatura),Diurno,EP_R1_NPPI,EP_R1_NPPI,True,R1,NPPI,False,1.5,-65.302,-5.054,2021-2023,2021,2023,4,Ciências Sociais – Antropologia/ Sociologia (Bacharelado/Licenciatura) | Darcy Ribeiro,Ciências Sociais – Antropologia/ Sociologia (Bacharelado/Licenciatura) | Diurno,Ciências Sociais – Antropologia/ Sociologia (Bacharelado/Licenciatura) | EP_R1_NPPI,Ciências Sociais – Antropologia/ Sociologia (Bacharelado/Licenciatura) | Darcy Ribeiro | Diurno,Ciências Sociais – Antropologia/ Sociologia (Bacharelado/Licenciatura) | EP_R1_NPPI | Darcy Ribeiro,Ciências Sociais – Antropologia/ Sociologia (Bacharelado/Licenciatura) | EP_R1_NPPI | Diurno
2021-2023,2023,Darcy Ribeiro,Ciências Sociais – Antropologia/ Sociologia (Bacharelado/Licenciatura),Diurno,EP_R2_PPI,EP_R2_PPI,True,R2,PPI,False,1.5,-57.603,10.11,2021-2023,2021,2023,4,Ciências Sociais – Antropologia/ Sociologia (Bacharelado/Licenciatura) | Darcy Ribeiro,Ciências Sociais – Antropologia/ Sociologia (Bacharelado/Licenciatura) | Diurno,Ciências Sociais – Antropologia/ Sociologia (Bacharelado/Licenciatura) | EP_R2_PPI,Ciências Sociais – Antropologia/ Sociologia (Bacharelado/Licenciatura) | Darcy Ribeiro | Diurno,Ciências Sociais – Antropologia/ Sociologia (Bacharelado/Licenciatura) | EP_R2_PPI | Darcy Ribeiro,Ciências Sociais – Antropologia/ Sociologia (Bacharelado/Licenciatura) | EP_R2_PPI | Diurno
2021-2023,2023,Darcy Ribeiro,Ciências Sociais – Antropologia/ Sociologia (Bacharelado/Licenciatura),Diurno,EP_R2_NPPI,EP_R2_NPPI,True,R2,NPPI,False,1.5,-37.615,33.041,2021-2023,2021,2023,4,Ciências Sociais – Antropologia/ Sociologia (Bacharelado/Licenciatura) | Darcy Ribeiro,Ciências Sociais – Antropologia/ Sociologia (Bacharelado/Licenciatura) | Diurno,Ciências Sociais – Antropologia/ Sociologia (Bacharelado/Licenciatura) | EP_R2_NPPI,Ciências Sociais – Antropologia/ Sociologia (Bacharelado/Licenciatura) | Darcy Ribeiro | Diurno,Ciências Sociais – Antropologia/ Sociologia (Bacharelado/Licenciatura) | EP_R2_NPPI | Darcy Ribeiro,Ciências Sociais – Antropologia/ Sociologia (Bacharelado/Licenciatura) | EP_R2_NPPI | Diurno
2021-2023,2023,Darcy Ribeiro,Ciências Sociais – Antropologia/ Sociologia (Bacharelado/Licenciatura),Diurno,CN,CN,False,,NEGROS,False,,-9.211,20.554,2021-2023,2021,2023,4,Ciências Sociais – Antropologia/ Sociologia (Bacharelado/Licenciatura) | Darcy Ribeiro,Ciências Sociais – Antropologia/ Sociologia (Bacharelado/Licenciatura) | Diurno,Ciências Sociais – Antropologia/ Sociologia (Bacharelado/Licenciatura) | CN,Ciências Sociais – Antropologia/ Sociologia (Bacharelado/Licenciatura) | Darcy Ribeiro | Diurno,Ciências Sociais – Antropologia/ Sociologia (Bacharelado/Licenciatura) | CN | Darcy Ribeiro,Ciências Sociais – Antropologia/ Sociologia (Bacharelado/Licenciatura) | CN | Diurno
2021-2023,2023,Darcy Ribeiro,Ciências Sociais – Antropologia/ Sociologia (Bacharelado/Licenciatura),Diurno,AC,AC,False,,,False,,3.024,73.106,2021-2023,2021,2023,4,Ciências Sociais – Antropologia/ Sociologia (Bacharelado/Licenciatura) | Darcy Ribeiro,Ciências Sociais – Antropologia/ Sociologia (Bacharelado/Licenciatura) | Diurno,Ciências Sociais – Antropologia/ Sociologia (Bacharelado/Licenciatura) | AC,Ciências Sociais – Antropologia/ Sociologia (Bacharelado/Licenciatura) | Darcy Ribeiro | Diurno,Ciências Sociais – Antropologia/ Sociologia (Bacharelado/Licenciatura) | AC | Darcy Ribeiro,Ciências Sociais – Antropologia/ Sociologia (Bacharelado/Licenciatura) | AC | Diurno
2021-2023,2023,Darcy Ribeiro,Computação (Licenciatura),Noturno,EP_R1_PPI,EP_R1_PPI,True,R1,PPI,False,1.5,-5.522,-5.522,2021-2023,2021,2023,4,Computação (Licenciatura) | Darcy Ribeiro,Computação (Licenciatura) | Noturno,Computação (Licenciatura) | EP_R1_PPI,Computação (Licenciatura) | Darcy Ribeiro | Noturno,Computação (Licenciatura) | EP_R1_PPI | Darcy Ribeiro,Computação (Licenciatura) | EP_R1_PPI | Noturno
2021-2023,2023,Darcy Ribeiro,Computação (Licenciatura),Noturno,EP_R2_NPPI,EP_R2_NPPI,True,R2,NPPI,False,1.5,-50.802,-11.64,2021-2023,2021,2023,4,Computação (Licenciatura) | Darcy Ribeiro,Computação (Licenciatura) | Noturno,Computação (Licenciatura) | EP_R2_NPPI,Computação (Licenciatura) | Darcy Ribeiro | Noturno,Computação (Licenciatura) | EP_R2_NPPI | Darcy Ribeiro,Computação (Licenciatura) | EP_R2_NPPI | Noturno
2021-2023,2023,Darcy Ribeiro,Computação (Licenciatura),Noturno,EP_R2_NPPI_PCD,EP_R2_NPPI_PCD,True,R2,NPPI,True,1.5,18.874,18.874,2021-2023,2021,2023,4,Computação (Licenciatura) | Darcy Ribeiro,Computação (Licenciatura) | Noturno,Computação (Licenciatura) | EP_R2_NPPI_PCD,Computação (Licenciatura) | Darcy Ribeiro | Noturno,Computação (Licenciatura) | EP_R2_NPPI_PCD | Darcy Ribeiro,Computação (Licenciatura) | EP_R2_NPPI_PCD | Noturno
2021-2023,2023,Darcy Ribeiro,Computação (Licenciatura),Noturno,CN,CN,False,,NEGROS,False,,35.66,35.66,2021-2023,2021,2023,4,Computação (Licenciatura) | Darcy Ribeiro,Computação (Licenciatura) | Noturno,Computação (Licenciatura) | CN,Computação (Licenciatura) | Darcy Ribeiro | Noturno,Computação (Licenciatura) | CN | Darcy Ribeiro,Computação (Licenciatura) | CN | Noturno
2021-2023,2023,Darcy Ribeiro,Computação (Licenciatura),Noturno,AC,AC,False,,,False,,-26.5,71.725,2021-2023,2021,2023,4,Computação (Licenciatura) | Darcy Ribeiro,Computação (Licenciatura) | Noturno,Computação (Licenciatura) | AC,Computação (Licenciatura) | Darcy Ribeiro | Noturno,Computação (Licenciatura) | AC | Darcy Ribeiro,Computação (Licenciatura) | AC | Noturno
2021-2023,2023,Darcy Ribeiro,Comunicação Organizacional (Bacharelado),Noturno,EP_R2_NPPI,EP_R2_NPPI,True,R2,NPPI,False,1.5,-56.789,-56.789,2021-2023,2021,2023,4,Comunicação Organizacional (Bacharelado) | Darcy Ribeiro,Comunicação Organizacional (Bacharelado) | Noturno,Comunicação Organizacional (Bacharelado) | EP_R2_NPPI,Comunicação Organizacional (Bacharelado) | Darcy Ribeiro | Noturno,Comunicação Organizacional (Bacharelado) | EP_R2_NPPI | Darcy Ribeiro,Comunicação Organizacional (Bacharelado) | EP_R2_NPPI | Noturno
2021-2023,2023,Darcy Ribeiro,Comunicação Organizacional (Bacharelado),Noturno,CN,CN,False,,NEGROS,False,,-9.15,-9.15,2021-2023,2021,2023,4,Comunicação Organizacional (Bacharelado) | Darcy Ribeiro,Comunicação Organizacional (Bacharelado) | Noturno,Comunicação Organizacional (Bacharelado) | CN,Comunicação Organizacional (Bacharelado) | Darcy Ribeiro | Noturno,Comunicação Organizacional (Bacharelado) | CN | Darcy Ribeiro,Comunicação Organizacional (Bacharelado) | CN | Noturno
2021-2023,2023,Darcy Ribeiro,Comunicação Organizacional (Bacharelado),Noturno,AC,AC,False,,,False,,-28.122,57.848,2021-2023,2021,2023,4,Comunicação Organizacional (Bacharelado) | Darcy Ribeiro,Comunicação Organizacional (Bacharelado) | Noturno,Comunicação Organizacional (Bacharelado) | AC,Comunicação Organizacional (Bacharelado) | Darcy Ribeiro | Noturno,Comunicação Organizacional (Bacharelado) | AC | Darcy Ribeiro,Comunicação Organizacional (Bacharelado) | AC | Noturno
2021-2023,2023,Darcy Ribeiro,Comunicação Social - Publicidade e Propaganda (Bacharelado),Diurno,EP_R1_PPI,EP_R1_PPI,True,R1,PPI,False,1.5,-11.438,-1.404,2021-2023,2021,2023,4,Comunicação Social - Publicidade e Propaganda (Bacharelado) | Darcy Ribeiro,Comunicação Social - Publicidade e Propaganda (Bacharelado) | Diurno,Comunicação Social - Publicidade e Propaganda (Bacharelado) | EP_R1_PPI,Comunicação Social - Publicidade e Propaganda (Bacharelado) | Darcy Ribeiro | Diurno,Comunicação Social - Publicidade e Propaganda (Bacharelado) | EP_R1_PPI | Darcy Ribeiro,Comunicação Social - Publicidade e Propaganda (Bacharelado) | EP_R1_PPI | Diurno
2021-2023,2023,Darcy Ribeiro,Comunicação Social - Publicidade e Propaganda (Bacharelado),Diurno,EP_R1_NPPI,EP_R1_NPPI,True,R1,NPPI,False,1.5,28.907,28.907,2021-2023,2021,2023,4,Comunicação Social - Publicidade e Propaganda (Bacharelado) | Darcy Ribeiro,Comunicação Social - Publicidade e Propaganda (Bacharelado) | Diurno,Comunicação Social - Publicidade e Propaganda (Bacharelado) | EP_R1_NPPI,Comunicação Social - Publicidade e Propaganda (Bacharelado) | Darcy Ribeiro | Diurno,Comunicação Social - Publicidade e Propaganda (Bacharelado) | EP_R1_NPPI | Darcy Ribeiro,Comunicação Social - Publicidade e Propaganda (Bacharelado) | EP_R1_NPPI | Diurno
2021-2023,2023,Darcy Ribeiro,Comunicação Social - Publicidade e Propaganda (Bacharelado),Diurno,EP_R2_PPI,EP_R2_PPI,True,R2,PPI,False,1.5,-74.578,-74.578,2021-2023,2021,2023,4,Comunicação Social - Publicidade e Propaganda (Bacharelado) | Darcy Ribeiro,Comunicação Social - Publicidade e Propaganda (Bacharelado) | Diurno,Comunicação Social - Publicidade e Propaganda (Bacharelado) | EP_R2_PPI,Comunicação Social - Publicidade e Propaganda (Bacharelado) | Darcy Ribeiro | Diurno,Comunicação Social - Publicidade e Propaganda (Bacharelado) | EP_R2_PPI | Darcy Ribeiro,Comunicação Social - Publicidade e Propaganda (Bacharelado) | EP_R2_PPI | Diurno
2021-2023,2023,Darcy Ribeiro,Comunicação Social - Publicidade e Propaganda (Bacharelado),Diurno,EP_R2_NPPI,EP_R2_NPPI,True,R2,NPPI,False,1.5,22.817,31.547,2021-2023,2021,2023,4,Comunicação Social - Publicidade e Propaganda (Bacharelado) | Darcy Ribeiro,Comunicação Social - Publicidade e Propaganda (Bacharelado) | Diurno,Comunicação Social - Publicidade e Propaganda (Bacharelado) | EP_R2_NPPI,Comunicação Social - Publicidade e Propaganda (Bacharelado) | Darcy Ribeiro | Diurno,Comunicação Social - Publicidade e Propaganda (Bacharelado) | EP_R2_NPPI | Darcy Ribeiro,Comunicação Social - Publicidade e Propaganda (Bacharelado) | EP_R2_NPPI | Diurno
2021-2023,2023,Darcy Ribeiro,Comunicação Social - Publicidade e Propaganda (Bacharelado),Diurno,CN,CN,False,,NEGROS,False,,66.561,66.561,2021-2023,2021,2023,4,Comunicação Social - Publicidade e Propaganda (Bacharelado) | Darcy Ribeiro,Comunicação Social - Publicidade e Propaganda (Bacharelado) | Diurno,Comunicação Social - Publicidade e Propaganda (Bacharelado) | CN,Comunicação Social - Publicidade e Propaganda (Bacharelado) | Darcy Ribeiro | Diurno,Comunicação Social - Publicidade e Propaganda (Bacharelado) | CN | Darcy Ribeiro,Comunicação Social - Publicidade e Propaganda (Bacharelado) | CN | Diurno
2021-2023,2023,Darcy Ribeiro,Comunicação Social - Publicidade e Propaganda (Bacharelado),Diurno,AC,AC,False,,,False,,69.286,79.509,2021-2023,2021,2023,4,Comunicação Social - Publicidade e Propaganda (Bacharelado) | Darcy Ribeiro,Comunicação Social - Publicidade e Propaganda (Bacharelado) | Diurno,Comunicação Social - Publicidade e Propaganda (Bacharelado) | AC,Comunicação Social - Publicidade e Propaganda (Bacharelado) | Darcy Ribeiro | Diurno,Comunicação Social - Publicidade e Propaganda (Bacharelado) | AC | Darcy Ribeiro,Comunicação Social - Publicidade e Propaganda (Bacharelado) | AC | Diurno
2021-2023,2023,Darcy Ribeiro,Comunicação Social – Audiovisual (Bacharelado),Diurno,EP_R1_NPPI,EP_R1_NPPI,True,R1,NPPI,False,1.5,-34.127,-10.753,2021-2023,2021,2023,4,Comunicação Social – Audiovisual (Bacharelado) | Darcy Ribeiro,Comunicação Social – Audiovisual (Bacharelado) | Diurno,Comunicação Social – Audiovisual (Bacharelado) | EP_R1_NPPI,Comunicação Social – Audiovisual (Bacharelado) | Darcy Ribeiro | Diurno,Comunicação Social – Audiovisual (Bacharelado) | EP_R1_NPPI | Darcy Ribeiro,Comunicação Social – Audiovisual (Bacharelado) | EP_R1_NPPI | Diurno
2021-2023,2023,Darcy Ribeiro,Comunicação Social – Audiovisual (Bacharelado),Diurno,EP_R2_PPI_PCD,EP_R2_PPI_PCD,True,R2,PPI,True,1.5,-6.39,-6.39,2021-2023,2021,2023,4,Comunicação Social – Audiovisual (Bacharelado) | Darcy Ribeiro,Comunicação Social – Audiovisual (Bacharelado) | Diurno,Comunicação Social – Audiovisual (Bacharelado) | EP_R2_PPI_PCD,Comunicação Social – Audiovisual (Bacharelado) | Darcy Ribeiro | Diurno,Comunicação Social – Audiovisual (Bacharelado) | EP_R2_PPI_PCD | Darcy Ribeiro,Comunicação Social – Audiovisual (Bacharelado) | EP_R2_PPI_PCD | Diurno
2021-2023,2023,Darcy Ribeiro,Comunicação Social – Audiovisual (Bacharelado),Diurno,EP_R2_NPPI,EP_R2_NPPI,True,R2,NPPI,False,1.5,-15.585,74.452,2021-2023,2021,2023,4,Comunicação Social – Audiovisual (Bacharelado) | Darcy Ribeiro,Comunicação Social – Audiovisual (Bacharelado) | Diurno,Comunicação Social – Audiovisual (Bacharelado) | EP_R2_NPPI,Comunicação Social – Audiovisual (Bacharelado) | Darcy Ribeiro | Diurno,Comunicação Social – Audiovisual (Bacharelado) | EP_R2_NPPI | Darcy Ribeiro,Comunicação Social – Audiovisual (Bacharelado) | EP_R2_NPPI | Diurno
2021-2023,2023,Darcy Ribeiro,Comunicação Social – Audiovisual (Bacharelado),Diurno,CN,CN,False,,NEGROS,False,,3.32,3.32,2021-2023,2021,2023,4,Comunicação Social – Audiovisual (Bacharelado) | Darcy Ribeiro,Comunicação Social – Audiovisual (Bacharelado) | Diurno,Comunicação Social – Audiovisual (Bacharelado) | CN,Comunicação Social – Audiovisual (Bacharelado) | Darcy Ribeiro | Diurno,Comunicação Social – Audiovisual (Bacharelado) | CN | Darcy Ribeiro,Comunicação Social – Audiovisual (Bacharelado) | CN | Diurno
2021-2023,2023,Darcy Ribeiro,Comunicação Social – Audiovisual (Bacharelado),Diurno,AC,AC,False,,,False,,64.129,103.109,2021-2023,2021,2023,4,Comunicação Social – Audiovisual (Bacharelado) | Darcy Ribeiro,Comunicação Social – Audiovisual (Bacharelado) | Diurno,Comunicação Social – Audiovisual (Bacharelado) | AC,Comunicação Social – Audiovisual (Bacharelado) | Darcy Ribeiro | Diurno,Comunicação Social – Audiovisual (Bacharelado) | AC | Darcy Ribeiro,Comunicação Social – Audiovisual (Bacharelado) | AC | Diurno
2021-2023,2023,Darcy Ribeiro,Design – Programação Visual/Projeto do Produto (Bacharelado),Diurno,EP_R1_PPI,EP_R1_PPI,True,R1,PPI,False,1.5,-10.378,1.203,2021-2023,2021,2023,4,Design – Programação Visual/Projeto do Produto (Bacharelado) | Darcy Ribeiro,Design – Programação Visual/Projeto do Produto (Bacharelado) | Diurno,Design – Programação Visual/Projeto do Produto (Bacharelado) | EP_R1_PPI,Design – Programação Visual/Projeto do Produto (Bacharelado) | Darcy Ribeiro | Diurno,Design – Programação Visual/Projeto do Produto (Bacharelado) | EP_R1_PPI | Darcy Ribeiro,Design – Programação Visual/Projeto do Produto (Bacharelado) | EP_R1_PPI | Diurno
2021-2023,2023,Darcy Ribeiro,Design – Programação Visual/Projeto do Produto (Bacharelado),Diurno,EP_R1_NPPI,EP_R1_NPPI,True,R1,NPPI,False,1.5,-3.349,-3.349,2021-2023,2021,2023,4,Design – Programação Visual/Projeto do Produto (Bacharelado) | Darcy Ribeiro,Design – Programação Visual/Projeto do Produto (Bacharelado) | Diurno,Design – Programação Visual/Projeto do Produto (Bacharelado) | EP_R1_NPPI,Design – Programação Visual/Projeto do Produto (Bacharelado) | Darcy Ribeiro | Diurno,Design – Programação Visual/Projeto do Produto (Bacharelado) | EP_R1_NPPI | Darcy Ribeiro,Design – Programação Visual/Projeto do Produto (Bacharelado) | EP_R1_NPPI | Diurno
2021-2023,2023,Darcy Ribeiro,Design – Programação Visual/Projeto do Produto (Bacharelado),Diurno,EP_R2_PPI,EP_R2_PPI,True,R2,PPI,False,1.5,-33.34,-24.481,2021-2023,2021,2023,4,Design – Programação Visual/Projeto do Produto (Bacharelado) | Darcy Ribeiro,Design – Programação Visual/Projeto do Produto (Bacharelado) | Diurno,Design – Programação Visual/Projeto do Produto (Bacharelado) | EP_R2_PPI,Design – Programação Visual/Projeto do Produto (Bacharelado) | Darcy Ribeiro | Diurno,Design – Programação Visual/Projeto do Produto (Bacharelado) | EP_R2_PPI | Darcy Ribeiro,Design – Programação Visual/Projeto do Produto (Bacharelado) | EP_R2_PPI | Diurno
2021-2023,2023,Darcy Ribeiro,Design – Programação Visual/Projeto do Produto (Bacharelado),Diurno,CN,CN,False,,NEGROS,False,,61.424,61.424,2021-2023,2021,2023,4,Design – Programação Visual/Projeto do Produto (Bacharelado) | Darcy Ribeiro,Design – Programação Visual/Projeto do Produto (Bacharelado) | Diurno,Design – Programação Visual/Projeto do Produto (Bacharelado) | CN,Design – Programação Visual/Projeto do Produto (Bacharelado) | Darcy Ribeiro | Diurno,Design – Programação Visual/Projeto do Produto (Bacharelado) | CN | Darcy Ribeiro,Design – Programação Visual/Projeto do Produto (Bacharelado) | CN | Diurno
2021-2023,2023,Darcy Ribeiro,Design – Programação Visual/Projeto do Produto (Bacharelado),Diurno,AC,AC,False,,,False,,72.512,107.697,2021-2023,2021,2023,4,Design – Programação Visual/Projeto do Produto (Bacharelado) | Darcy Ribeiro,Design – Programação Visual/Projeto do Produto (Bacharelado) | Diurno,Design – Programação Visual/Projeto do Produto (Bacharelado) | AC,Design – Programação Visual/Projeto do Produto (Bacharelado) | Darcy Ribeiro | Diurno,Design – Programação Visual/Projeto do Produto (Bacharelado) | AC | Darcy Ribeiro,Design – Programação Visual/Projeto do Produto (Bacharelado) | AC | Diurno
2021-2023,2023,Darcy Ribeiro,Direito (Bacharelado),Diurno,EP_R1_PPI,EP_R1_PPI,True,R1,PPI,False,1.5,19.392,69.167,2021-2023,2021,2023,4,Direito (Bacharelado) | Darcy Ribeiro,Direito (Bacharelado) | Diurno,Direito (Bacharelado) | EP_R1_PPI,Direito (Bacharelado) | Darcy Ribeiro | Diurno,Direito (Bacharelado) | EP_R1_PPI | Darcy Ribeiro,Direito (Bacharelado) | EP_R1_PPI | Diurno
2021-2023,2023,Darcy Ribeiro,Direito (Bacharelado),Diurno,EP_R1_NPPI,EP_R1_NPPI,True,R1,NPPI,False,1.5,28.509,56.079,2021-2023,2021,2023,4,Direito (Bacharelado) | Darcy Ribeiro,Direito (Bacharelado) | Diurno,Direito (Bacharelado) | EP_R1_NPPI,Direito (Bacharelado) | Darcy Ribeiro | Diurno,Direito (Bacharelado) | EP_R1_NPPI | Darcy Ribeiro,Direito (Bacharelado) | EP_R1_NPPI | Diurno
2021-2023,2023,Darcy Ribeiro,Direito (Bacharelado),Diurno,EP_R2_PPI,EP_R2_PPI,True,R2,PPI,False,1.5,31.732,114.506,2021-2023,2021,2023,4,Direito (Bacharelado) | Darcy Ribeiro,Direito (Bacharelado) | Diurno,Direito (Bacharelado) | EP_R2_PPI,Direito (Bacharelado) | Darcy Ribeiro | Diurno,Direito (Bacharelado) | EP_R2_PPI | Darcy Ribeiro,Direito (Bacharelado) | EP_R2_PPI | Diurno
2021-2023,2023,Darcy Ribeiro,Direito (Bacharelado),Diurno,EP_R2_NPPI,EP_R2_NPPI,True,R2,NPPI,False,1.5,100.598,133.701,2021-2023,2021,2023,4,Direito (Bacharelado) | Darcy Ribeiro,Direito (Bacharelado) | Diurno,Direito (Bacharelado) | EP_R2_NPPI,Direito (Bacharelado) | Darcy Ribeiro | Diurno,Direito (Bacharelado) | EP_R2_NPPI | Darcy Ribeiro,Direito (Bacharelado) | EP_R2_NPPI | Diurno
2021-2023,2023,Darcy Ribeiro,Direito (Bacharelado),Diurno,CN,CN,False,,NEGROS,False,,71.16,85.356,2021-2023,2021,2023,4,Direito (Bacharelado) | Darcy Ribeiro,Direito (Bacharelado) | Diurno,Direito (Bacharelado) | CN,Direito (Bacharelado) | Darcy Ribeiro | Diurno,Direito (Bacharelado) | CN | Darcy Ribeiro,Direito (Bacharelado) | CN | Diurno
2021-2023,2023,Darcy Ribeiro,Direito (Bacharelado),Diurno,AC,AC,False,,,False,,120.424,173.239,2021-2023,2021,2023,4,Direito (Bacharelado) | Darcy Ribeiro,Direito (Bacharelado) | Diurno,Direito (Bacharelado) | AC,Direito (Bacharelado) | Darcy Ribeiro | Diurno,Direito (Bacharelado) | AC | Darcy Ribeiro,Direito (Bacharelado) | AC | Diurno
2021-2023,2023,Darcy Ribeiro,Direito (Bacharelado),Noturno,EP_R1_PPI,EP_R1_PPI,True,R1,PPI,False,1.5,-5.484,1.005,2021-2023,2021,2023,4,Direito (Bacharelado) | Darcy Ribeiro,Direito (Bacharelado) | Noturno,Direito (Bacharelado) | EP_R1_PPI,Direito (Bacharelado) | Darcy Ribeiro | Noturno,Direito (Bacharelado) | EP_R1_PPI | Darcy Ribeiro,Direito (Bacharelado) | EP_R1_PPI | Noturno
2021-2023,2023,Darcy Ribeiro,Direito (Bacharelado),Noturno,EP_R1_NPPI,EP_R1_NPPI,True,R1,NPPI,False,1.5,26.665,96.173,2021-2023,2021,2023,4,Direito (Bacharelado) | Darcy Ribeiro,Direito (Bacharelado) | Noturno,Direito (Bacharelado) | EP_R1_NPPI,Direito (Bacharelado) | Darcy Ribeiro | Noturno,Direito (Bacharelado) | EP_R1_NPPI | Darcy Ribeiro,Direito (Bacharelado) | EP_R1_NPPI | Noturno
2021-2023,2023,Darcy Ribeiro,Direito (Bacharelado),Noturno,EP_R2_PPI,EP_R2_PPI,True,R2,PPI,False,1.5,-10.725,9.184,2021-2023,2021,2023,4,Direito (Bacharelado) | Darcy Ribeiro,Direito (Bacharelado) | Noturno,Direito (Bacharelado) | EP_R2_PPI,Direito (Bacharelado) | Darcy Ribeiro | Noturno,Direito (Bacharelado) | EP_R2_PPI | Darcy Ribeiro,Direito (Bacharelado) | EP_R2_PPI | Noturno
2021-2023,2023,Darcy Ribeiro,Direito (Bacharelado),Noturno,EP_R2_NPPI,EP_R2_NPPI,True,R2,NPPI,False,1.5,74.138,94.779,2021-2023,2021,2023,4,Direito (Bacharelado) | Darcy Ribeiro,Direito (Bacharelado) | Noturno,Direito (Bacharelado) | EP_R2_NPPI,Direito (Bacharelado) | Darcy Ribeiro | Noturno,Direito (Bacharelado) | EP_R2_NPPI | Darcy Ribeiro,Direito (Bacharelado) | EP_R2_NPPI | Noturno
2021-2023,2023,Darcy Ribeiro,Direito (Bacharelado),Noturno,CN,CN,False,,NEGROS,False,,66.815,97.6,2021-2023,2021,2023,4,Direito (Bacharelado) | Darcy Ribeiro,Direito (Bacharelado) | Noturno,Direito (Bacharelado) | CN,Direito (Bacharelado) | Darcy Ribeiro | Noturno,Direito (Bacharelado) | CN | Darcy Ribeiro,Direito (Bacharelado) | CN | Noturno
2021-2023,2023,Darcy Ribeiro,Direito (Bacharelado),Noturno,AC,AC,False,,,False,,101.522,131.453,2021-2023,2021,2023,4,Direito (Bacharelado) | Darcy Ribeiro,Direito (Bacharelado) | Noturno,Direito (Bacharelado) | AC,Direito (Bacharelado) | Darcy Ribeiro | Noturno,Direito (Bacharelado) | AC | Darcy Ribeiro,Direito (Bacharelado) | AC | Noturno
2021-2023,2023,Darcy Ribeiro,Educação Física (Bacharelado),Diurno,EP_R1_PPI,EP_R1_PPI,True,R1,PPI,False,1.5,-62.949,11.211,2021-2023,2021,2023,4,Educação Física (Bacharelado) | Darcy Ribeiro,Educação Física (Bacharelado) | Diurno,Educação Física (Bacharelado) | EP_R1_PPI,Educação Física (Bacharelado) | Darcy Ribeiro | Diurno,Educação Física (Bacharelado) | EP_R1_PPI | Darcy Ribeiro,Educação Física (Bacharelado) | EP_R1_PPI | Diurno
2021-2023,2023,Darcy Ribeiro,Educação Física (Bacharelado),Diurno,EP_R1_NPPI,EP_R1_NPPI,True,R1,NPPI,False,1.5,-32.422,31.837,2021-2023,2021,2023,4,Educação Física (Bacharelado) | Darcy Ribeiro,Educação Física (Bacharelado) | Diurno,Educação Física (Bacharelado) | EP_R1_NPPI,Educação Física (Bacharelado) | Darcy Ribeiro | Diurno,Educação Física (Bacharelado) | EP_R1_NPPI | Darcy Ribeiro,Educação Física (Bacharelado) | EP_R1_NPPI | Diurno
2021-2023,2023,Darcy Ribeiro,Educação Física (Bacharelado),Diurno,EP_R2_PPI,EP_R2_PPI,True,R2,PPI,False,1.5,-24.98,-3.544,2021-2023,2021,2023,4,Educação Física (Bacharelado) | Darcy Ribeiro,Educação Física (Bacharelado) | Diurno,Educação Física (Bacharelado) | EP_R2_PPI,Educação Física (Bacharelado) | Darcy Ribeiro | Diurno,Educação Física (Bacharelado) | EP_R2_PPI | Darcy Ribeiro,Educação Física (Bacharelado) | EP_R2_PPI | Diurno
2021-2023,2023,Darcy Ribeiro,Educação Física (Bacharelado),Diurno,EP_R2_NPPI,EP_R2_NPPI,True,R2,NPPI,False,1.5,9.385,12.097,2021-2023,2021,2023,4,Educação Física (Bacharelado) | Darcy Ribeiro,Educação Física (Bacharelado) | Diurno,Educação Física (Bacharelado) | EP_R2_NPPI,Educação Física (Bacharelado) | Darcy Ribeiro | Diurno,Educação Física (Bacharelado) | EP_R2_NPPI | Darcy Ribeiro,Educação Física (Bacharelado) | EP_R2_NPPI | Diurno
2021-2023,2023,Darcy Ribeiro,Educação Física (Bacharelado),Diurno,CN,CN,False,,NEGROS,False,,32.152,32.152,2021-2023,2021,2023,4,Educação Física (Bacharelado) | Darcy Ribeiro,Educação Física (Bacharelado) | Diurno,Educação Física (Bacharelado) | CN,Educação Física (Bacharelado) | Darcy Ribeiro | Diurno,Educação Física (Bacharelado) | CN | Darcy Ribeiro,Educação Física (Bacharelado) | CN | Diurno
2021-2023,2023,Darcy Ribeiro,Educação Física (Bacharelado),Diurno,AC,AC,False,,,False,,15.802,78.06,2021-2023,2021,2023,4,Educação Física (Bacharelado) | Darcy Ribeiro,Educação Física (Bacharelado) | Diurno,Educação Física (Bacharelado) | AC,Educação Física (Bacharelado) | Darcy Ribeiro | Diurno,Educação Física (Bacharelado) | AC | Darcy Ribeiro,Educação Física (Bacharelado) | AC | Diurno
2021-2023,2023,Darcy Ribeiro,Educação Física (Licenciatura),Diurno,EP_R1_PPI,EP_R1_PPI,True,R1,PPI,False,1.5,-52.013,-31.87,2021-2023,2021,2023,4,Educação Física (Licenciatura) | Darcy Ribeiro,Educação Física (Licenciatura) | Diurno,Educação Física (Licenciatura) | EP_R1_PPI,Educação Física (Licenciatura) | Darcy Ribeiro | Diurno,Educação Física (Licenciatura) | EP_R1_PPI | Darcy Ribeiro,Educação Física (Licenciatura) | EP_R1_PPI | Diurno
2021-2023,2023,Darcy Ribeiro,Educação Física (Licenciatura),Diurno,EP_R1_NPPI,EP_R1_NPPI,True,R1,NPPI,False,1.5,-50.604,-24.864,2021-2023,2021,2023,4,Educação Física (Licenciatura) | Darcy Ribeiro,Educação Física (Licenciatura) | Diurno,Educação Física (Licenciatura) | EP_R1_NPPI,Educação Física (Licenciatura) | Darcy Ribeiro | Diurno,Educação Física (Licenciatura) | EP_R1_NPPI | Darcy Ribeiro,Educação Física (Licenciatura) | EP_R1_NPPI | Diurno
2021-2023,2023,Darcy Ribeiro,Educação Física (Licenciatura),Diurno,EP_R2_PPI,EP_R2_PPI,True,R2,PPI,False,1.5,-72.467,-34.575,2021-2023,2021,2023,4,Educação Física (Licenciatura) | Darcy Ribeiro,Educação Física (Licenciatura) | Diurno,Educação Física (Licenciatura) | EP_R2_PPI,Educação Física (Licenciatura) | Darcy Ribeiro | Diurno,Educação Física (Licenciatura) | EP_R2_PPI | Darcy Ribeiro,Educação Física (Licenciatura) | EP_R2_PPI | Diurno
2021-2023,2023,Darcy Ribeiro,Educação Física (Licenciatura),Diurno,EP_R2_NPPI,EP_R2_NPPI,True,R2,NPPI,False,1.5,-16.337,-15.772,2021-2023,2021,2023,4,Educação Física (Licenciatura) | Darcy Ribeiro,Educação Física (Licenciatura) | Diurno,Educação Física (Licenciatura) | EP_R2_NPPI,Educação Física (Licenciatura) | Darcy Ribeiro | Diurno,Educação Física (Licenciatura) | EP_R2_NPPI | Darcy Ribeiro,Educação Física (Licenciatura) | EP_R2_NPPI | Diurno
2021-2023,2023,Darcy Ribeiro,Educação Física (Licenciatura),Diurno,CN,CN,False,,NEGROS,False,,20.087,20.087,2021-2023,2021,2023,4,Educação Física (Licenciatura) | Darcy Ribeiro,Educação Física (Licenciatura) | Diurno,Educação Física (Licenciatura) | CN,Educação Física (Licenciatura) | Darcy Ribeiro | Diurno,Educação Física (Licenciatura) | CN | Darcy Ribeiro,Educação Física (Licenciatura) | CN | Diurno
2021-2023,2023,Darcy Ribeiro,Educação Física (Licenciatura),Diurno,AC,AC,False,,,False,,-13.216,39.102,2021-2023,2021,2023,4,Educação Física (Licenciatura) | Darcy Ribeiro,Educação Física (Licenciatura) | Diurno,Educação Física (Licenciatura) | AC,Educação Física (Licenciatura) | Darcy Ribeiro | Diurno,Educação Física (Licenciatura) | AC | Darcy Ribeiro,Educação Física (Licenciatura) | AC | Diurno
2021-2023,2023,Darcy Ribeiro,Enfermagem (Bacharelado),Diurno,EP_R1_PPI,EP_R1_PPI,True,R1,PPI,False,1.5,-7.654,20.717,2021-2023,2021,2023,4,Enfermagem (Bacharelado) | Darcy Ribeiro,Enfermagem (Bacharelado) | Diurno,Enfermagem (Bacharelado) | EP_R1_PPI,Enfermagem (Bacharelado) | Darcy Ribeiro | Diurno,Enfermagem (Bacharelado) | EP_R1_PPI | Darcy Ribeiro,Enfermagem (Bacharelado) | EP_R1_PPI | Diurno
2021-2023,2023,Darcy Ribeiro,Enfermagem (Bacharelado),Diurno,EP_R1_NPPI,EP_R1_NPPI,True,R1,NPPI,False,1.5,6.742,13.82,2021-2023,2021,2023,4,Enfermagem (Bacharelado) | Darcy Ribeiro,Enfermagem (Bacharelado) | Diurno,Enfermagem (Bacharelado) | EP_R1_NPPI,Enfermagem (Bacharelado) | Darcy Ribeiro | Diurno,Enfermagem (Bacharelado) | EP_R1_NPPI | Darcy Ribeiro,Enfermagem (Bacharelado) | EP_R1_NPPI | Diurno
2021-2023,2023,Darcy Ribeiro,Enfermagem (Bacharelado),Diurno,EP_R2_PPI,EP_R2_PPI,True,R2,PPI,False,1.5,-19.606,42.63,2021-2023,2021,2023,4,Enfermagem (Bacharelado) | Darcy Ribeiro,Enfermagem (Bacharelado) | Diurno,Enfermagem (Bacharelado) | EP_R2_PPI,Enfermagem (Bacharelado) | Darcy Ribeiro | Diurno,Enfermagem (Bacharelado) | EP_R2_PPI | Darcy Ribeiro,Enfermagem (Bacharelado) | EP_R2_PPI | Diurno
2021-2023,2023,Darcy Ribeiro,Enfermagem (Bacharelado),Diurno,EP_R2_NPPI,EP_R2_NPPI,True,R2,NPPI,False,1.5,5.924,41.75,2021-2023,2021,2023,4,Enfermagem (Bacharelado) | Darcy Ribeiro,Enfermagem (Bacharelado) | Diurno,Enfermagem (Bacharelado) | EP_R2_NPPI,Enfermagem (Bacharelado) | Darcy Ribeiro | Diurno,Enfermagem (Bacharelado) | EP_R2_NPPI | Darcy Ribeiro,Enfermagem (Bacharelado) | EP_R2_NPPI | Diurno
2021-2023,2023,Darcy Ribeiro,Enfermagem (Bacharelado),Diurno,CN,CN,False,,NEGROS,False,,11.027,11.027,2021-2023,2021,2023,4,Enfermagem (Bacharelado) | Darcy Ribeiro,Enfermagem (Bacharelado) | Diurno,Enfermagem (Bacharelado) | CN,Enfermagem (Bacharelado) | Darcy Ribeiro | Diurno,Enfermagem (Bacharelado) | CN | Darcy Ribeiro,Enfermagem (Bacharelado) | CN | Diurno
2021-2023,2023,Darcy Ribeiro,Enfermagem (Bacharelado),Diurno,AC,AC,False,,,False,,59.656,128.899,2021-2023,2021,2023,4,Enfermagem (Bacharelado) | Darcy Ribeiro,Enfermagem (Bacharelado) | Diurno,Enfermagem (Bacharelado) | AC,Enfermagem (Bacharelado) | Darcy Ribeiro | Diurno,Enfermagem (Bacharelado) | AC | Darcy Ribeiro,Enfermagem (Bacharelado) | AC | Diurno
2021-2023,2023,Darcy Ribeiro,Engenharia Ambiental (Bacharelado),Diurno,EP_R1_NPPI,EP_R1_NPPI,True,R1,NPPI,False,1.5,-53.536,-53.536,2021-2023,2021,2023,4,Engenharia Ambiental (Bacharelado) | Darcy Ribeiro,Engenharia Ambiental (Bacharelado) | Diurno,Engenharia Ambiental (Bacharelado) | EP_R1_NPPI,Engenharia Ambiental (Bacharelado) | Darcy Ribeiro | Diurno,Engenharia Ambiental (Bacharelado) | EP_R1_NPPI | Darcy Ribeiro,Engenharia Ambiental (Bacharelado) | EP_R1_NPPI | Diurno
2021-2023,2023,Darcy Ribeiro,Engenharia Ambiental (Bacharelado),Diurno,EP_R2_PPI,EP_R2_PPI,True,R2,PPI,False,1.5,110.263,110.263,2021-2023,2021,2023,4,Engenharia Ambiental (Bacharelado) | Darcy Ribeiro,Engenharia Ambiental (Bacharelado) | Diurno,Engenharia Ambiental (Bacharelado) | EP_R2_PPI,Engenharia Ambiental (Bacharelado) | Darcy Ribeiro | Diurno,Engenharia Ambiental (Bacharelado) | EP_R2_PPI | Darcy Ribeiro,Engenharia Ambiental (Bacharelado) | EP_R2_PPI | Diurno
2021-2023,2023,Darcy Ribeiro,Engenharia Ambiental (Bacharelado),Diurno,EP_R2_NPPI,EP_R2_NPPI,True,R2,NPPI,False,1.5,-58.071,12.011,2021-2023,2021,2023,4,Engenharia Ambiental (Bacharelado) | Darcy Ribeiro,Engenharia Ambiental (Bacharelado) | Diurno,Engenharia Ambiental (Bacharelado) | EP_R2_NPPI,Engenharia Ambiental (Bacharelado) | Darcy Ribeiro | Diurno,Engenharia Ambiental (Bacharelado) | EP_R2_NPPI | Darcy Ribeiro,Engenharia Ambiental (Bacharelado) | EP_R2_NPPI | Diurno
2021-2023,2023,Darcy Ribeiro,Engenharia Ambiental (Bacharelado),Diurno,CN,CN,False,,NEGROS,False,,70.353,70.353,2021-2023,2021,2023,4,Engenharia Ambiental (Bacharelado) | Darcy Ribeiro,Engenharia Ambiental (Bacharelado) | Diurno,Engenharia Ambiental (Bacharelado) | CN,Engenharia Ambiental (Bacharelado) | Darcy Ribeiro | Diurno,Engenharia Ambiental (Bacharelado) | CN | Darcy Ribeiro,Engenharia Ambiental (Bacharelado) | CN | Diurno
2021-2023,2023,Darcy Ribeiro,Engenharia Ambiental (Bacharelado),Diurno,AC,AC,False,,,False,,18.395,67.115,2021-2023,2021,2023,4,Engenharia Ambiental (Bacharelado) | Darcy Ribeiro,Engenharia Ambiental (Bacharelado) | Diurno,Engenharia Ambiental (Bacharelado) | AC,Engenharia Ambiental (Bacharelado) | Darcy Ribeiro | Diurno,Engenharia Ambiental (Bacharelado) | AC | Darcy Ribeiro,Engenharia Ambiental (Bacharelado) | AC | Diurno
2021-2023,2023,Darcy Ribeiro,Engenharia Civil (Bacharelado),Diurno,EP_R1_PPI,EP_R1_PPI,True,R1,PPI,False,1.5,-33.289,-33.289,2021-2023,2021,2023,4,Engenharia Civil (Bacharelado) | Darcy Ribeiro,Engenharia Civil (Bacharelado) | Diurno,Engenharia Civil (Bacharelado) | EP_R1_PPI,Engenharia Civil (Bacharelado) | Darcy Ribeiro | Diurno,Engenharia Civil (Bacharelado) | EP_R1_PPI | Darcy Ribeiro,Engenharia Civil (Bacharelado) | EP_R1_PPI | Diurno
2021-2023,2023,Darcy Ribeiro,Engenharia Civil (Bacharelado),Diurno,EP_R1_NPPI,EP_R1_NPPI,True,R1,NPPI,False,1.5,-19.162,28.158,2021-2023,2021,2023,4,Engenharia Civil (Bacharelado) | Darcy Ribeiro,Engenharia Civil (Bacharelado) | Diurno,Engenharia Civil (Bacharelado) | EP_R1_NPPI,Engenharia Civil (Bacharelado) | Darcy Ribeiro | Diurno,Engenharia Civil (Bacharelado) | EP_R1_NPPI | Darcy Ribeiro,Engenharia Civil (Bacharelado) | EP_R1_NPPI | Diurno
2021-2023,2023,Darcy Ribeiro,Engenharia Civil (Bacharelado),Diurno,EP_R2_NPPI,EP_R2_NPPI,True,R2,NPPI,False,1.5,-29.887,76.766,2021-2023,2021,2023,4,Engenharia Civil (Bacharelado) | Darcy Ribeiro,Engenharia Civil (Bacharelado) | Diurno,Engenharia Civil (Bacharelado) | EP_R2_NPPI,Engenharia Civil (Bacharelado) | Darcy Ribeiro | Diurno,Engenharia Civil (Bacharelado) | EP_R2_NPPI | Darcy Ribeiro,Engenharia Civil (Bacharelado) | EP_R2_NPPI | Diurno
2021-2023,2023,Darcy Ribeiro,Engenharia Civil (Bacharelado),Diurno,CN,CN,False,,NEGROS,False,,39.079,39.079,2021-2023,2021,2023,4,Engenharia Civil (Bacharelado) | Darcy Ribeiro,Engenharia Civil (Bacharelado) | Diurno,Engenharia Civil (Bacharelado) | CN,Engenharia Civil (Bacharelado) | Darcy Ribeiro | Diurno,Engenharia Civil (Bacharelado) | CN | Darcy Ribeiro,Engenharia Civil (Bacharelado) | CN | Diurno
2021-2023,2023,Darcy Ribeiro,Engenharia Civil (Bacharelado),Diurno,AC,AC,False,,,False,,66.769,120.301,2021-2023,2021,2023,4,Engenharia Civil (Bacharelado) | Darcy Ribeiro,Engenharia Civil (Bacharelado) | Diurno,Engenharia Civil (Bacharelado) | AC,Engenharia Civil (Bacharelado) | Darcy Ribeiro | Diurno,Engenharia Civil (Bacharelado) | AC | Darcy Ribeiro,Engenharia Civil (Bacharelado) | AC | Diurno
2021-2023,2023,Darcy Ribeiro,Engenharia Elétrica (Bacharelado),Diurno,EP_R1_PPI,EP_R1_PPI,True,R1,PPI,False,1.5,21.442,51.5,2021-2023,2021,2023,4,Engenharia Elétrica (Bacharelado) | Darcy Ribeiro,Engenharia Elétrica (Bacharelado) | Diurno,Engenharia Elétrica (Bacharelado) | EP_R1_PPI,Engenharia Elétrica (Bacharelado) | Darcy Ribeiro | Diurno,Engenharia Elétrica (Bacharelado) | EP_R1_PPI | Darcy Ribeiro,Engenharia Elétrica (Bacharelado) | EP_R1_PPI | Diurno
2021-2023,2023,Darcy Ribeiro,Engenharia Elétrica (Bacharelado),Diurno,EP_R1_NPPI,EP_R1_NPPI,True,R1,NPPI,False,1.5,-22.252,6.079,2021-2023,2021,2023,4,Engenharia Elétrica (Bacharelado) | Darcy Ribeiro,Engenharia Elétrica (Bacharelado) | Diurno,Engenharia Elétrica (Bacharelado) | EP_R1_NPPI,Engenharia Elétrica (Bacharelado) | Darcy Ribeiro | Diurno,Engenharia Elétrica (Bacharelado) | EP_R1_NPPI | Darcy Ribeiro,Engenharia Elétrica (Bacharelado) | EP_R1_NPPI | Diurno
2021-2023,2023,Darcy Ribeiro,Engenharia Elétrica (Bacharelado),Diurno,EP_R2_PPI,EP_R2_PPI,True,R2,PPI,False,1.5,51.632,72.957,2021-2023,2021,2023,4,Engenharia Elétrica (Bacharelado) | Darcy Ribeiro,Engenharia Elétrica (Bacharelado) | Diurno,Engenharia Elétrica (Bacharelado) | EP_R2_PPI,Engenharia Elétrica (Bacharelado) | Darcy Ribeiro | Diurno,Engenharia Elétrica (Bacharelado) | EP_R2_PPI | Darcy Ribeiro,Engenharia Elétrica (Bacharelado) | EP_R2_PPI | Diurno
2021-2023,2023,Darcy Ribeiro,Engenharia Elétrica (Bacharelado),Diurno,EP_R2_NPPI,EP_R2_NPPI,True,R2,NPPI,False,1.5,25.261,75.92,2021-2023,2021,2023,4,Engenharia Elétrica (Bacharelado) | Darcy Ribeiro,Engenharia Elétrica (Bacharelado) | Diurno,Engenharia Elétrica (Bacharelado) | EP_R2_NPPI,Engenharia Elétrica (Bacharelado) | Darcy Ribeiro | Diurno,Engenharia Elétrica (Bacharelado) | EP_R2_NPPI | Darcy Ribeiro,Engenharia Elétrica (Bacharelado) | EP_R2_NPPI | Diurno
2021-2023,2023,Darcy Ribeiro,Engenharia Elétrica (Bacharelado),Diurno,CN,CN,False,,NEGROS,False,,85.127,85.127,2021-2023,2021,2023,4,Engenharia Elétrica (Bacharelado) | Darcy Ribeiro,Engenharia Elétrica (Bacharelado) | Diurno,Engenharia Elétrica (Bacharelado) | CN,Engenharia Elétrica (Bacharelado) | Darcy Ribeiro | Diurno,Engenharia Elétrica (Bacharelado) | CN | Darcy Ribeiro,Engenharia Elétrica (Bacharelado) | CN | Diurno
2021-2023,2023,Darcy Ribeiro,Engenharia Elétrica (Bacharelado),Diurno,AC,AC,False,,,False,,125.478,156.3,2021-2023,2021,2023,4,Engenharia Elétrica (Bacharelado) | Darcy Ribeiro,Engenharia Elétrica (Bacharelado) | Diurno,Engenharia Elétrica (Bacharelado) | AC,Engenharia Elétrica (Bacharelado) | Darcy Ribeiro | Diurno,Engenharia Elétrica (Bacharelado) | AC | Darcy Ribeiro,Engenharia Elétrica (Bacharelado) | AC | Diurno
2021-2023,2023,Darcy Ribeiro,Engenharia Florestal (Bacharelado),Diurno,EP_R1_PPI,EP_R1_PPI,True,R1,PPI,False,1.5,-21.467,-21.467,2021-2023,2021,2023,4,Engenharia Florestal (Bacharelado) | Darcy Ribeiro,Engenharia Florestal (Bacharelado) | Diurno,Engenharia Florestal (Bacharelado) | EP_R1_PPI,Engenharia Florestal (Bacharelado) | Darcy Ribeiro | Diurno,Engenharia Florestal (Bacharelado) | EP_R1_PPI | Darcy Ribeiro,Engenharia Florestal (Bacharelado) | EP_R1_PPI | Diurno
2021-2023,2023,Darcy Ribeiro,Engenharia Florestal (Bacharelado),Diurno,EP_R2_NPPI,EP_R2_NPPI,True,R2,NPPI,False,1.5,-13.984,-13.984,2021-2023,2021,2023,4,Engenharia Florestal (Bacharelado) | Darcy Ribeiro,Engenharia Florestal (Bacharelado) | Diurno,Engenharia Florestal (Bacharelado) | EP_R2_NPPI,Engenharia Florestal (Bacharelado) | Darcy Ribeiro | Diurno,Engenharia Florestal (Bacharelado) | EP_R2_NPPI | Darcy Ribeiro,Engenharia Florestal (Bacharelado) | EP_R2_NPPI | Diurno
2021-2023,2023,Darcy Ribeiro,Engenharia Florestal (Bacharelado),Diurno,CN,CN,False,,NEGROS,False,,-32.417,-32.417,2021-2023,2021,2023,4,Engenharia Florestal (Bacharelado) | Darcy Ribeiro,Engenharia Florestal (Bacharelado) | Diurno,Engenharia Florestal (Bacharelado) | CN,Engenharia Florestal (Bacharelado) | Darcy Ribeiro | Diurno,Engenharia Florestal (Bacharelado) | CN | Darcy Ribeiro,Engenharia Florestal (Bacharelado) | CN | Diurno
2021-2023,2023,Darcy Ribeiro,Engenharia Florestal (Bacharelado),Diurno,AC,AC,False,,,False,,-53.021,42.301,2021-2023,2021,2023,4,Engenharia Florestal (Bacharelado) | Darcy Ribeiro,Engenharia Florestal (Bacharelado) | Diurno,Engenharia Florestal (Bacharelado) | AC,Engenharia Florestal (Bacharelado) | Darcy Ribeiro | Diurno,Engenharia Florestal (Bacharelado) | AC | Darcy Ribeiro,Engenharia Florestal (Bacharelado) | AC | Diurno
2021-2023,2023,Darcy Ribeiro,Engenharia Mecatrônica (Bacharelado),Diurno,EP_R2_NPPI,EP_R2_NPPI,True,R2,NPPI,False,1.5,-40.631,71.731,2021-2023,2021,2023,4,Engenharia Mecatrônica (Bacharelado) | Darcy Ribeiro,Engenharia Mecatrônica (Bacharelado) | Diurno,Engenharia Mecatrônica (Bacharelado) | EP_R2_NPPI,Engenharia Mecatrônica (Bacharelado) | Darcy Ribeiro | Diurno,Engenharia Mecatrônica (Bacharelado) | EP_R2_NPPI | Darcy Ribeiro,Engenharia Mecatrônica (Bacharelado) | EP_R2_NPPI | Diurno
2021-2023,2023,Darcy Ribeiro,Engenharia Mecatrônica (Bacharelado),Diurno,CN,CN,False,,NEGROS,False,,139.153,139.153,2021-2023,2021,2023,4,Engenharia Mecatrônica (Bacharelado) | Darcy Ribeiro,Engenharia Mecatrônica (Bacharelado) | Diurno,Engenharia Mecatrônica (Bacharelado) | CN,Engenharia Mecatrônica (Bacharelado) | Darcy Ribeiro | Diurno,Engenharia Mecatrônica (Bacharelado) | CN | Darcy Ribeiro,Engenharia Mecatrônica (Bacharelado) | CN | Diurno
2021-2023,2023,Darcy Ribeiro,Engenharia Mecatrônica (Bacharelado),Diurno,AC,AC,False,,,False,,71.137,156.247,2021-2023,2021,2023,4,Engenharia Mecatrônica (Bacharelado) | Darcy Ribeiro,Engenharia Mecatrônica (Bacharelado) | Diurno,Engenharia Mecatrônica (Bacharelado) | AC,Engenharia Mecatrônica (Bacharelado) | Darcy Ribeiro | Diurno,Engenharia Mecatrônica (Bacharelado) | AC | Darcy Ribeiro,Engenharia Mecatrônica (Bacharelado) | AC | Diurno
2021-2023,2023,Darcy Ribeiro,Engenharia Mecânica (Bacharelado),Diurno,EP_R1_PPI,EP_R1_PPI,True,R1,PPI,False,1.5,22.756,22.756,2021-2023,2021,2023,4,Engenharia Mecânica (Bacharelado) | Darcy Ribeiro,Engenharia Mecânica (Bacharelado) | Diurno,Engenharia Mecânica (Bacharelado) | EP_R1_PPI,Engenharia Mecânica (Bacharelado) | Darcy Ribeiro | Diurno,Engenharia Mecânica (Bacharelado) | EP_R1_PPI | Darcy Ribeiro,Engenharia Mecânica (Bacharelado) | EP_R1_PPI | Diurno
2021-2023,2023,Darcy Ribeiro,Engenharia Mecânica (Bacharelado),Diurno,EP_R1_NPPI,EP_R1_NPPI,True,R1,NPPI,False,1.5,-32.365,-32.365,2021-2023,2021,2023,4,Engenharia Mecânica (Bacharelado) | Darcy Ribeiro,Engenharia Mecânica (Bacharelado) | Diurno,Engenharia Mecânica (Bacharelado) | EP_R1_NPPI,Engenharia Mecânica (Bacharelado) | Darcy Ribeiro | Diurno,Engenharia Mecânica (Bacharelado) | EP_R1_NPPI | Darcy Ribeiro,Engenharia Mecânica (Bacharelado) | EP_R1_NPPI | Diurno
2021-2023,2023,Darcy Ribeiro,Engenharia Mecânica (Bacharelado),Diurno,EP_R2_PPI,EP_R2_PPI,True,R2,PPI,False,1.5,-68.903,42.09,2021-2023,2021,2023,4,Engenharia Mecânica (Bacharelado) | Darcy Ribeiro,Engenharia Mecânica (Bacharelado) | Diurno,Engenharia Mecânica (Bacharelado) | EP_R2_PPI,Engenharia Mecânica (Bacharelado) | Darcy Ribeiro | Diurno,Engenharia Mecânica (Bacharelado) | EP_R2_PPI | Darcy Ribeiro,Engenharia Mecânica (Bacharelado) | EP_R2_PPI | Diurno
2021-2023,2023,Darcy Ribeiro,Engenharia Mecânica (Bacharelado),Diurno,EP_R2_NPPI,EP_R2_NPPI,True,R2,NPPI,False,1.5,-22.76,39.682,2021-2023,2021,2023,4,Engenharia Mecânica (Bacharelado) | Darcy Ribeiro,Engenharia Mecânica (Bacharelado) | Diurno,Engenharia Mecânica (Bacharelado) | EP_R2_NPPI,Engenharia Mecânica (Bacharelado) | Darcy Ribeiro | Diurno,Engenharia Mecânica (Bacharelado) | EP_R2_NPPI | Darcy Ribeiro,Engenharia Mecânica (Bacharelado) | EP_R2_NPPI | Diurno
2021-2023,2023,Darcy Ribeiro,Engenharia Mecânica (Bacharelado),Diurno,CN,CN,False,,NEGROS,False,,65.176,65.176,2021-2023,2021,2023,4,Engenharia Mecânica (Bacharelado) | Darcy Ribeiro,Engenharia Mecânica (Bacharelado) | Diurno,Engenharia Mecânica (Bacharelado) | CN,Engenharia Mecânica (Bacharelado) | Darcy Ribeiro | Diurno,Engenharia Mecânica (Bacharelado) | CN | Darcy Ribeiro,Engenharia Mecânica (Bacharelado) | CN | Diurno
2021-2023,2023,Darcy Ribeiro,Engenharia Mecânica (Bacharelado),Diurno,AC,AC,False,,,False,,88.12,136.666,2021-2023,2021,2023,4,Engenharia Mecânica (Bacharelado) | Darcy Ribeiro,Engenharia Mecânica (Bacharelado) | Diurno,Engenharia Mecânica (Bacharelado) | AC,Engenharia Mecânica (Bacharelado) | Darcy Ribeiro | Diurno,Engenharia Mecânica (Bacharelado) | AC | Darcy Ribeiro,Engenharia Mecânica (Bacharelado) | AC | Diurno
2021-2023,2023,Darcy Ribeiro,Engenharia Química (Bacharelado),Diurno,EP_R1_PPI,EP_R1_PPI,True,R1,PPI,False,1.5,27.883,27.883,2021-2023,2021,2023,4,Engenharia Química (Bacharelado) | Darcy Ribeiro,Engenharia Química (Bacharelado) | Diurno,Engenharia Química (Bacharelado) | EP_R1_PPI,Engenharia Química (Bacharelado) | Darcy Ribeiro | Diurno,Engenharia Química (Bacharelado) | EP_R1_PPI | Darcy Ribeiro,Engenharia Química (Bacharelado) | EP_R1_PPI | Diurno
2021-2023,2023,Darcy Ribeiro,Engenharia Química (Bacharelado),Diurno,EP_R1_NPPI,EP_R1_NPPI,True,R1,NPPI,False,1.5,-55.77,-55.77,2021-2023,2021,2023,4,Engenharia Química (Bacharelado) | Darcy Ribeiro,Engenharia Química (Bacharelado) | Diurno,Engenharia Química (Bacharelado) | EP_R1_NPPI,Engenharia Química (Bacharelado) | Darcy Ribeiro | Diurno,Engenharia Química (Bacharelado) | EP_R1_NPPI | Darcy Ribeiro,Engenharia Química (Bacharelado) | EP_R1_NPPI | Diurno
2021-2023,2023,Darcy Ribeiro,Engenharia Química (Bacharelado),Diurno,EP_R2_NPPI,EP_R2_NPPI,True,R2,NPPI,False,1.5,-42.449,125.822,2021-2023,2021,2023,4,Engenharia Química (Bacharelado) | Darcy Ribeiro,Engenharia Química (Bacharelado) | Diurno,Engenharia Química (Bacharelado) | EP_R2_NPPI,Engenharia Química (Bacharelado) | Darcy Ribeiro | Diurno,Engenharia Química (Bacharelado) | EP_R2_NPPI | Darcy Ribeiro,Engenharia Química (Bacharelado) | EP_R2_NPPI | Diurno
2021-2023,2023,Darcy Ribeiro,Engenharia Química (Bacharelado),Diurno,CN,CN,False,,NEGROS,False,,56.973,56.973,2021-2023,2021,2023,4,Engenharia Química (Bacharelado) | Darcy Ribeiro,Engenharia Química (Bacharelado) | Diurno,Engenharia Química (Bacharelado) | CN,Engenharia Química (Bacharelado) | Darcy Ribeiro | Diurno,Engenharia Química (Bacharelado) | CN | Darcy Ribeiro,Engenharia Química (Bacharelado) | CN | Diurno
2021-2023,2023,Darcy Ribeiro,Engenharia Química (Bacharelado),Diurno,AC,AC,False,,,False,,61.647,136.761,2021-2023,2021,2023,4,Engenharia Química (Bacharelado) | Darcy Ribeiro,Engenharia Química (Bacharelado) | Diurno,Engenharia Química (Bacharelado) | AC,Engenharia Química (Bacharelado) | Darcy Ribeiro | Diurno,Engenharia Química (Bacharelado) | AC | Darcy Ribeiro,Engenharia Química (Bacharelado) | AC | Diurno
2021-2023,2023,Darcy Ribeiro,Engenharia de Computação (Bacharelado),Diurno,EP_R1_PPI,EP_R1_PPI,True,R1,PPI,False,1.5,16.988,70.613,2021-2023,2021,2023,4,Engenharia de Computação (Bacharelado) | Darcy Ribeiro,Engenharia de Computação (Bacharelado) | Diurno,Engenharia de Computação (Bacharelado) | EP_R1_PPI,Engenharia de Computação (Bacharelado) | Darcy Ribeiro | Diurno,Engenharia de Computação (Bacharelado) | EP_R1_PPI | Darcy Ribeiro,Engenharia de Computação (Bacharelado) | EP_R1_PPI | Diurno
2021-2023,2023,Darcy Ribeiro,Engenharia de Computação (Bacharelado),Diurno,EP_R1_NPPI,EP_R1_NPPI,True,R1,NPPI,False,1.5,29.216,40.403,2021-2023,2021,2023,4,Engenharia de Computação (Bacharelado) | Darcy Ribeiro,Engenharia de Computação (Bacharelado) | Diurno,Engenharia de Computação (Bacharelado) | EP_R1_NPPI,Engenharia de Computação (Bacharelado) | Darcy Ribeiro | Diurno,Engenharia de Computação (Bacharelado) | EP_R1_NPPI | Darcy Ribeiro,Engenharia de Computação (Bacharelado) | EP_R1_NPPI | Diurno
2021-2023,2023,Darcy Ribeiro,Engenharia de Computação (Bacharelado),Diurno,EP_R2_PPI,EP_R2_PPI,True,R2,PPI,False,1.5,8.39,40.382,2021-2023,2021,2023,4,Engenharia de Computação (Bacharelado) | Darcy Ribeiro,Engenharia de Computação (Bacharelado) | Diurno,Engenharia de Computação (Bacharelado) | EP_R2_PPI,Engenharia de Computação (Bacharelado) | Darcy Ribeiro | Diurno,Engenharia de Computação (Bacharelado) | EP_R2_PPI | Darcy Ribeiro,Engenharia de Computação (Bacharelado) | EP_R2_PPI | Diurno
2021-2023,2023,Darcy Ribeiro,Engenharia de Computação (Bacharelado),Diurno,EP_R2_NPPI,EP_R2_NPPI,True,R2,NPPI,False,1.5,72.542,154.756,2021-2023,2021,2023,4,Engenharia de Computação (Bacharelado) | Darcy Ribeiro,Engenharia de Computação (Bacharelado) | Diurno,Engenharia de Computação (Bacharelado) | EP_R2_NPPI,Engenharia de Computação (Bacharelado) | Darcy Ribeiro | Diurno,Engenharia de Computação (Bacharelado) | EP_R2_NPPI | Darcy Ribeiro,Engenharia de Computação (Bacharelado) | EP_R2_NPPI | Diurno
2021-2023,2023,Darcy Ribeiro,Engenharia de Computação (Bacharelado),Diurno,CN,CN,False,,NEGROS,False,,46.95,46.95,2021-2023,2021,2023,4,Engenharia de Computação (Bacharelado) | Darcy Ribeiro,Engenharia de Computação (Bacharelado) | Diurno,Engenharia de Computação (Bacharelado) | CN,Engenharia de Computação (Bacharelado) | Darcy Ribeiro | Diurno,Engenharia de Computação (Bacharelado) | CN | Darcy Ribeiro,Engenharia de Computação (Bacharelado) | CN | Diurno
2021-2023,2023,Darcy Ribeiro,Engenharia de Computação (Bacharelado),Diurno,AC,AC,False,,,False,,120.445,156.459,2021-2023,2021,2023,4,Engenharia de Computação (Bacharelado) | Darcy Ribeiro,Engenharia de Computação (Bacharelado) | Diurno,Engenharia de Computação (Bacharelado) | AC,Engenharia de Computação (Bacharelado) | Darcy Ribeiro | Diurno,Engenharia de Computação (Bacharelado) | AC | Darcy Ribeiro,Engenharia de Computação (Bacharelado) | AC | Diurno
2021-2023,2023,Darcy Ribeiro,Engenharia de Produção (Bacharelado),Noturno,EP_R2_NPPI,EP_R2_NPPI,True,R2,NPPI,False,1.5,-30.751,-18.063,2021-2023,2021,2023,4,Engenharia de Produção (Bacharelado) | Darcy Ribeiro,Engenharia de Produção (Bacharelado) | Noturno,Engenharia de Produção (Bacharelado) | EP_R2_NPPI,Engenharia de Produção (Bacharelado) | Darcy Ribeiro | Noturno,Engenharia de Produção (Bacharelado) | EP_R2_NPPI | Darcy Ribeiro,Engenharia de Produção (Bacharelado) | EP_R2_NPPI | Noturno
2021-2023,2023,Darcy Ribeiro,Engenharia de Produção (Bacharelado),Noturno,CN,CN,False,,NEGROS,False,,-13.4,-13.4,2021-2023,2021,2023,4,Engenharia de Produção (Bacharelado) | Darcy Ribeiro,Engenharia de Produção (Bacharelado) | Noturno,Engenharia de Produção (Bacharelado) | CN,Engenharia de Produção (Bacharelado) | Darcy Ribeiro | Noturno,Engenharia de Produção (Bacharelado) | CN | Darcy Ribeiro,Engenharia de Produção (Bacharelado) | CN | Noturno
2021-2023,2023,Darcy Ribeiro,Engenharia de Produção (Bacharelado),Noturno,AC,AC,False,,,False,,-75.158,104.096,2021-2023,2021,2023,4,Engenharia de Produção (Bacharelado) | Darcy Ribeiro,Engenharia de Produção (Bacharelado) | Noturno,Engenharia de Produção (Bacharelado) | AC,Engenharia de Produção (Bacharelado) | Darcy Ribeiro | Noturno,Engenharia de Produção (Bacharelado) | AC | Darcy Ribeiro,Engenharia de Produção (Bacharelado) | AC | Noturno
2021-2023,2023,Darcy Ribeiro,Engenharia de Redes de Comunicação (Bacharelado),Diurno,EP_R1_PPI,EP_R1_PPI,True,R1,PPI,False,1.5,-22.553,-22.553,2021-2023,2021,2023,4,Engenharia de Redes de Comunicação (Bacharelado) | Darcy Ribeiro,Engenharia de Redes de Comunicação (Bacharelado) | Diurno,Engenharia de Redes de Comunicação (Bacharelado) | EP_R1_PPI,Engenharia de Redes de Comunicação (Bacharelado) | Darcy Ribeiro | Diurno,Engenharia de Redes de Comunicação (Bacharelado) | EP_R1_PPI | Darcy Ribeiro,Engenharia de Redes de Comunicação (Bacharelado) | EP_R1_PPI | Diurno
2021-2023,2023,Darcy Ribeiro,Engenharia de Redes de Comunicação (Bacharelado),Diurno,EP_R1_NPPI,EP_R1_NPPI,True,R1,NPPI,False,1.5,-66.487,-9.02,2021-2023,2021,2023,4,Engenharia de Redes de Comunicação (Bacharelado) | Darcy Ribeiro,Engenharia de Redes de Comunicação (Bacharelado) | Diurno,Engenharia de Redes de Comunicação (Bacharelado) | EP_R1_NPPI,Engenharia de Redes de Comunicação (Bacharelado) | Darcy Ribeiro | Diurno,Engenharia de Redes de Comunicação (Bacharelado) | EP_R1_NPPI | Darcy Ribeiro,Engenharia de Redes de Comunicação (Bacharelado) | EP_R1_NPPI | Diurno
2021-2023,2023,Darcy Ribeiro,Engenharia de Redes de Comunicação (Bacharelado),Diurno,EP_R2_PPI,EP_R2_PPI,True,R2,PPI,False,1.5,-14.191,13.092,2021-2023,2021,2023,4,Engenharia de Redes de Comunicação (Bacharelado) | Darcy Ribeiro,Engenharia de Redes de Comunicação (Bacharelado) | Diurno,Engenharia de Redes de Comunicação (Bacharelado) | EP_R2_PPI,Engenharia de Redes de Comunicação (Bacharelado) | Darcy Ribeiro | Diurno,Engenharia de Redes de Comunicação (Bacharelado) | EP_R2_PPI | Darcy Ribeiro,Engenharia de Redes de Comunicação (Bacharelado) | EP_R2_PPI | Diurno
2021-2023,2023,Darcy Ribeiro,Engenharia de Redes de Comunicação (Bacharelado),Diurno,EP_R2_NPPI,EP_R2_NPPI,True,R2,NPPI,False,1.5,-25.064,7.869,2021-2023,2021,2023,4,Engenharia de Redes de Comunicação (Bacharelado) | Darcy Ribeiro,Engenharia de Redes de Comunicação (Bacharelado) | Diurno,Engenharia de Redes de Comunicação (Bacharelado) | EP_R2_NPPI,Engenharia de Redes de Comunicação (Bacharelado) | Darcy Ribeiro | Diurno,Engenharia de Redes de Comunicação (Bacharelado) | EP_R2_NPPI | Darcy Ribeiro,Engenharia de Redes de Comunicação (Bacharelado) | EP_R2_NPPI | Diurno
2021-2023,2023,Darcy Ribeiro,Engenharia de Redes de Comunicação (Bacharelado),Diurno,CN,CN,False,,NEGROS,False,,59.299,59.299,2021-2023,2021,2023,4,Engenharia de Redes de Comunicação (Bacharelado) | Darcy Ribeiro,Engenharia de Redes de Comunicação (Bacharelado) | Diurno,Engenharia de Redes de Comunicação (Bacharelado) | CN,Engenharia de Redes de Comunicação (Bacharelado) | Darcy Ribeiro | Diurno,Engenharia de Redes de Comunicação (Bacharelado) | CN | Darcy Ribeiro,Engenharia de Redes de Comunicação (Bacharelado) | CN | Diurno
2021-2023,2023,Darcy Ribeiro,Engenharia de Redes de Comunicação (Bacharelado),Diurno,AC,AC,False,,,False,,17.816,61.652,2021-2023,2021,2023,4,Engenharia de Redes de Comunicação (Bacharelado) | Darcy Ribeiro,Engenharia de Redes de Comunicação (Bacharelado) | Diurno,Engenharia de Redes de Comunicação (Bacharelado) | AC,Engenharia de Redes de Comunicação (Bacharelado) | Darcy Ribeiro | Diurno,Engenharia de Redes de Comunicação (Bacharelado) | AC | Darcy Ribeiro,Engenharia de Redes de Comunicação (Bacharelado) | AC | Diurno
2021-2023,2023,Darcy Ribeiro,Estatística (Bacharelado),Diurno,EP_R2_NPPI,EP_R2_NPPI,True,R2,NPPI,False,1.5,-34.548,-13.142,2021-2023,2021,2023,4,Estatística (Bacharelado) | Darcy Ribeiro,Estatística (Bacharelado) | Diurno,Estatística (Bacharelado) | EP_R2_NPPI,Estatística (Bacharelado) | Darcy Ribeiro | Diurno,Estatística (Bacharelado) | EP_R2_NPPI | Darcy Ribeiro,Estatística (Bacharelado) | EP_R2_NPPI | Diurno
2021-2023,2023,Darcy Ribeiro,Estatística (Bacharelado),Diurno,CN,CN,False,,NEGROS,False,,-44.549,-44.549,2021-2023,2021,2023,4,Estatística (Bacharelado) | Darcy Ribeiro,Estatística (Bacharelado) | Diurno,Estatística (Bacharelado) | CN,Estatística (Bacharelado) | Darcy Ribeiro | Diurno,Estatística (Bacharelado) | CN | Darcy Ribeiro,Estatística (Bacharelado) | CN | Diurno
2021-2023,2023,Darcy Ribeiro,Estatística (Bacharelado),Diurno,AC,AC,False,,,False,,30.096,136.549,2021-2023,2021,2023,4,Estatística (Bacharelado) | Darcy Ribeiro,Estatística (Bacharelado) | Diurno,Estatística (Bacharelado) | AC,Estatística (Bacharelado) | Darcy Ribeiro | Diurno,Estatística (Bacharelado) | AC | Darcy Ribeiro,Estatística (Bacharelado) | AC | Diurno
2021-2023,2023,Darcy Ribeiro,Farmácia (Bacharelado),Diurno,EP_R1_PPI,EP_R1_PPI,True,R1,PPI,False,1.5,-30.833,-30.833,2021-2023,2021,2023,4,Farmácia (Bacharelado) | Darcy Ribeiro,Farmácia (Bacharelado) | Diurno,Farmácia (Bacharelado) | EP_R1_PPI,Farmácia (Bacharelado) | Darcy Ribeiro | Diurno,Farmácia (Bacharelado) | EP_R1_PPI | Darcy Ribeiro,Farmácia (Bacharelado) | EP_R1_PPI | Diurno
2021-2023,2023,Darcy Ribeiro,Farmácia (Bacharelado),Diurno,EP_R1_NPPI,EP_R1_NPPI,True,R1,NPPI,False,1.5,-19.548,56.659,2021-2023,2021,2023,4,Farmácia (Bacharelado) | Darcy Ribeiro,Farmácia (Bacharelado) | Diurno,Farmácia (Bacharelado) | EP_R1_NPPI,Farmácia (Bacharelado) | Darcy Ribeiro | Diurno,Farmácia (Bacharelado) | EP_R1_NPPI | Darcy Ribeiro,Farmácia (Bacharelado) | EP_R1_NPPI | Diurno
2021-2023,2023,Darcy Ribeiro,Farmácia (Bacharelado),Diurno,EP_R2_PPI,EP_R2_PPI,True,R2,PPI,False,1.5,-63.95,27.148,2021-2023,2021,2023,4,Farmácia (Bacharelado) | Darcy Ribeiro,Farmácia (Bacharelado) | Diurno,Farmácia (Bacharelado) | EP_R2_PPI,Farmácia (Bacharelado) | Darcy Ribeiro | Diurno,Farmácia (Bacharelado) | EP_R2_PPI | Darcy Ribeiro,Farmácia (Bacharelado) | EP_R2_PPI | Diurno
2021-2023,2023,Darcy Ribeiro,Farmácia (Bacharelado),Diurno,EP_R2_NPPI,EP_R2_NPPI,True,R2,NPPI,False,1.5,36.288,66.401,2021-2023,2021,2023,4,Farmácia (Bacharelado) | Darcy Ribeiro,Farmácia (Bacharelado) | Diurno,Farmácia (Bacharelado) | EP_R2_NPPI,Farmácia (Bacharelado) | Darcy Ribeiro | Diurno,Farmácia (Bacharelado) | EP_R2_NPPI | Darcy Ribeiro,Farmácia (Bacharelado) | EP_R2_NPPI | Diurno
2021-2023,2023,Darcy Ribeiro,Farmácia (Bacharelado),Diurno,CN,CN,False,,NEGROS,False,,15.549,15.549,2021-2023,2021,2023,4,Farmácia (Bacharelado) | Darcy Ribeiro,Farmácia (Bacharelado) | Diurno,Farmácia (Bacharelado) | CN,Farmácia (Bacharelado) | Darcy Ribeiro | Diurno,Farmácia (Bacharelado) | CN | Darcy Ribeiro,Farmácia (Bacharelado) | CN | Diurno
2021-2023,2023,Darcy Ribeiro,Farmácia (Bacharelado),Diurno,AC,AC,False,,,False,,76.858,148.69,2021-2023,2021,2023,4,Farmácia (Bacharelado) | Darcy Ribeiro,Farmácia (Bacharelado) | Diurno,Farmácia (Bacharelado) | AC,Farmácia (Bacharelado) | Darcy Ribeiro | Diurno,Farmácia (Bacharelado) | AC | Darcy Ribeiro,Farmácia (Bacharelado) | AC | Diurno
2021-2023,2023,Darcy Ribeiro,Farmácia (Bacharelado),Noturno,EP_R1_PPI,EP_R1_PPI,True,R1,PPI,False,1.5,-4.337,-4.337,2021-2023,2021,2023,4,Farmácia (Bacharelado) | Darcy Ribeiro,Farmácia (Bacharelado) | Noturno,Farmácia (Bacharelado) | EP_R1_PPI,Farmácia (Bacharelado) | Darcy Ribeiro | Noturno,Farmácia (Bacharelado) | EP_R1_PPI | Darcy Ribeiro,Farmácia (Bacharelado) | EP_R1_PPI | Noturno
2021-2023,2023,Darcy Ribeiro,Farmácia (Bacharelado),Noturno,EP_R1_NPPI,EP_R1_NPPI,True,R1,NPPI,False,1.5,-14.031,2.801,2021-2023,2021,2023,4,Farmácia (Bacharelado) | Darcy Ribeiro,Farmácia (Bacharelado) | Noturno,Farmácia (Bacharelado) | EP_R1_NPPI,Farmácia (Bacharelado) | Darcy Ribeiro | Noturno,Farmácia (Bacharelado) | EP_R1_NPPI | Darcy Ribeiro,Farmácia (Bacharelado) | EP_R1_NPPI | Noturno
2021-2023,2023,Darcy Ribeiro,Farmácia (Bacharelado),Noturno,EP_R2_NPPI,EP_R2_NPPI,True,R2,NPPI,False,1.5,-37.354,5.191,2021-2023,2021,2023,4,Farmácia (Bacharelado) | Darcy Ribeiro,Farmácia (Bacharelado) | Noturno,Farmácia (Bacharelado) | EP_R2_NPPI,Farmácia (Bacharelado) | Darcy Ribeiro | Noturno,Farmácia (Bacharelado) | EP_R2_NPPI | Darcy Ribeiro,Farmácia (Bacharelado) | EP_R2_NPPI | Noturno
2021-2023,2023,Darcy Ribeiro,Farmácia (Bacharelado),Noturno,CN,CN,False,,NEGROS,False,,25.623,25.623,2021-2023,2021,2023,4,Farmácia (Bacharelado) | Darcy Ribeiro,Farmácia (Bacharelado) | Noturno,Farmácia (Bacharelado) | CN,Farmácia (Bacharelado) | Darcy Ribeiro | Noturno,Farmácia (Bacharelado) | CN | Darcy Ribeiro,Farmácia (Bacharelado) | CN | Noturno
2021-2023,2023,Darcy Ribeiro,Farmácia (Bacharelado),Noturno,AC,AC,False,,,False,,19.242,88.621,2021-2023,2021,2023,4,Farmácia (Bacharelado) | Darcy Ribeiro,Farmácia (Bacharelado) | Noturno,Farmácia (Bacharelado) | AC,Farmácia (Bacharelado) | Darcy Ribeiro | Noturno,Farmácia (Bacharelado) | AC | Darcy Ribeiro,Farmácia (Bacharelado) | AC | Noturno
2021-2023,2023,Darcy Ribeiro,Filosofia (Bacharelado/Licenciatura),Diurno,EP_R1_PPI,EP_R1_PPI,True,R1,PPI,False,1.5,-37.555,-37.555,2021-2023,2021,2023,4,Filosofia (Bacharelado/Licenciatura) | Darcy Ribeiro,Filosofia (Bacharelado/Licenciatura) | Diurno,Filosofia (Bacharelado/Licenciatura) | EP_R1_PPI,Filosofia (Bacharelado/Licenciatura) | Darcy Ribeiro | Diurno,Filosofia (Bacharelado/Licenciatura) | EP_R1_PPI | Darcy Ribeiro,Filosofia (Bacharelado/Licenciatura) | EP_R1_PPI | Diurno
2021-2023,2023,Darcy Ribeiro,Filosofia (Bacharelado/Licenciatura),Diurno,EP_R1_NPPI,EP_R1_NPPI,True,R1,NPPI,False,1.5,-17.946,-17.946,2021-2023,2021,2023,4,Filosofia (Bacharelado/Licenciatura) | Darcy Ribeiro,Filosofia (Bacharelado/Licenciatura) | Diurno,Filosofia (Bacharelado/Licenciatura) | EP_R1_NPPI,Filosofia (Bacharelado/Licenciatura) | Darcy Ribeiro | Diurno,Filosofia (Bacharelado/Licenciatura) | EP_R1_NPPI | Darcy Ribeiro,Filosofia (Bacharelado/Licenciatura) | EP_R1_NPPI | Diurno
2021-2023,2023,Darcy Ribeiro,Filosofia (Bacharelado/Licenciatura),Diurno,EP_R2_PPI_PCD,EP_R2_PPI_PCD,True,R2,PPI,True,1.5,-48.451,-48.451,2021-2023,2021,2023,4,Filosofia (Bacharelado/Licenciatura) | Darcy Ribeiro,Filosofia (Bacharelado/Licenciatura) | Diurno,Filosofia (Bacharelado/Licenciatura) | EP_R2_PPI_PCD,Filosofia (Bacharelado/Licenciatura) | Darcy Ribeiro | Diurno,Filosofia (Bacharelado/Licenciatura) | EP_R2_PPI_PCD | Darcy Ribeiro,Filosofia (Bacharelado/Licenciatura) | EP_R2_PPI_PCD | Diurno
2021-2023,2023,Darcy Ribeiro,Filosofia (Bacharelado/Licenciatura),Diurno,EP_R2_NPPI,EP_R2_NPPI,True,R2,NPPI,False,1.5,-68.186,-15.966,2021-2023,2021,2023,4,Filosofia (Bacharelado/Licenciatura) | Darcy Ribeiro,Filosofia (Bacharelado/Licenciatura) | Diurno,Filosofia (Bacharelado/Licenciatura) | EP_R2_NPPI,Filosofia (Bacharelado/Licenciatura) | Darcy Ribeiro | Diurno,Filosofia (Bacharelado/Licenciatura) | EP_R2_NPPI | Darcy Ribeiro,Filosofia (Bacharelado/Licenciatura) | EP_R2_NPPI | Diurno
2021-2023,2023,Darcy Ribeiro,Filosofia (Bacharelado/Licenciatura),Diurno,CN,CN,False,,NEGROS,False,,-23.598,-23.598,2021-2023,2021,2023,4,Filosofia (Bacharelado/Licenciatura) | Darcy Ribeiro,Filosofia (Bacharelado/Licenciatura) | Diurno,Filosofia (Bacharelado/Licenciatura) | CN,Filosofia (Bacharelado/Licenciatura) | Darcy Ribeiro | Diurno,Filosofia (Bacharelado/Licenciatura) | CN | Darcy Ribeiro,Filosofia (Bacharelado/Licenciatura) | CN | Diurno
2021-2023,2023,Darcy Ribeiro,Filosofia (Bacharelado/Licenciatura),Diurno,AC,AC,False,,,False,,-30.256,34.653,2021-2023,2021,2023,4,Filosofia (Bacharelado/Licenciatura) | Darcy Ribeiro,Filosofia (Bacharelado/Licenciatura) | Diurno,Filosofia (Bacharelado/Licenciatura) | AC,Filosofia (Bacharelado/Licenciatura) | Darcy Ribeiro | Diurno,Filosofia (Bacharelado/Licenciatura) | AC | Darcy Ribeiro,Filosofia (Bacharelado/Licenciatura) | AC | Diurno
2021-2023,2023,Darcy Ribeiro,Filosofia (Licenciatura),Noturno,AC,AC,False,,,False,,-48.29,-48.29,2021-2023,2021,2023,4,Filosofia (Licenciatura) | Darcy Ribeiro,Filosofia (Licenciatura) | Noturno,Filosofia (Licenciatura) | AC,Filosofia (Licenciatura) | Darcy Ribeiro | Noturno,Filosofia (Licenciatura) | AC | Darcy Ribeiro,Filosofia (Licenciatura) | AC | Noturno
2021-2023,2023,Darcy Ribeiro,Física (Bacharelado),Diurno,EP_R1_NPPI,EP_R1_NPPI,True,R1,NPPI,False,1.5,-15.349,7.367,2021-2023,2021,2023,4,Física (Bacharelado) | Darcy Ribeiro,Física (Bacharelado) | Diurno,Física (Bacharelado) | EP_R1_NPPI,Física (Bacharelado) | Darcy Ribeiro | Diurno,Física (Bacharelado) | EP_R1_NPPI | Darcy Ribeiro,Física (Bacharelado) | EP_R1_NPPI | Diurno
2021-2023,2023,Darcy Ribeiro,Física (Bacharelado),Diurno,EP_R2_NPPI,EP_R2_NPPI,True,R2,NPPI,False,1.5,-57.411,41.027,2021-2023,2021,2023,4,Física (Bacharelado) | Darcy Ribeiro,Física (Bacharelado) | Diurno,Física (Bacharelado) | EP_R2_NPPI,Física (Bacharelado) | Darcy Ribeiro | Diurno,Física (Bacharelado) | EP_R2_NPPI | Darcy Ribeiro,Física (Bacharelado) | EP_R2_NPPI | Diurno
2021-2023,2023,Darcy Ribeiro,Física (Bacharelado),Diurno,CN,CN,False,,NEGROS,False,,37.136,37.136,2021-2023,2021,2023,4,Física (Bacharelado) | Darcy Ribeiro,Física (Bacharelado) | Diurno,Física (Bacharelado) | CN,Física (Bacharelado) | Darcy Ribeiro | Diurno,Física (Bacharelado) | CN | Darcy Ribeiro,Física (Bacharelado) | CN | Diurno
2021-2023,2023,Darcy Ribeiro,Física (Bacharelado),Diurno,AC,AC,False,,,False,,-7.206,141.578,2021-2023,2021,2023,4,Física (Bacharelado) | Darcy Ribeiro,Física (Bacharelado) | Diurno,Física (Bacharelado) | AC,Física (Bacharelado) | Darcy Ribeiro | Diurno,Física (Bacharelado) | AC | Darcy Ribeiro,Física (Bacharelado) | AC | Diurno
2021-2023,2023,Darcy Ribeiro,Física (Licenciatura),Noturno,AC,AC,False,,,False,,55.585,149.957,2021-2023,2021,2023,4,Física (Licenciatura) | Darcy Ribeiro,Física (Licenciatura) | Noturno,Física (Licenciatura) | AC,Física (Licenciatura) | Darcy Ribeiro | Noturno,Física (Licenciatura) | AC | Darcy Ribeiro,Física (Licenciatura) | AC | Noturno
2021-2023,2023,Darcy Ribeiro,Geofísica (Bacharelado),Diurno,EP_R1_NPPI,EP_R1_NPPI,True,R1,NPPI,False,1.5,-50.006,-50.006,2021-2023,2021,2023,4,Geofísica (Bacharelado) | Darcy Ribeiro,Geofísica (Bacharelado) | Diurno,Geofísica (Bacharelado) | EP_R1_NPPI,Geofísica (Bacharelado) | Darcy Ribeiro | Diurno,Geofísica (Bacharelado) | EP_R1_NPPI | Darcy Ribeiro,Geofísica (Bacharelado) | EP_R1_NPPI | Diurno
2021-2023,2023,Darcy Ribeiro,Geofísica (Bacharelado),Diurno,EP_R2_NPPI,EP_R2_NPPI,True,R2,NPPI,False,1.5,-48.561,-48.561,2021-2023,2021,2023,4,Geofísica (Bacharelado) | Darcy Ribeiro,Geofísica (Bacharelado) | Diurno,Geofísica (Bacharelado) | EP_R2_NPPI,Geofísica (Bacharelado) | Darcy Ribeiro | Diurno,Geofísica (Bacharelado) | EP_R2_NPPI | Darcy Ribeiro,Geofísica (Bacharelado) | EP_R2_NPPI | Diurno
2021-2023,2023,Darcy Ribeiro,Geofísica (Bacharelado),Diurno,AC,AC,False,,,False,,-47.521,8.759,2021-2023,2021,2023,4,Geofísica (Bacharelado) | Darcy Ribeiro,Geofísica (Bacharelado) | Diurno,Geofísica (Bacharelado) | AC,Geofísica (Bacharelado) | Darcy Ribeiro | Diurno,Geofísica (Bacharelado) | AC | Darcy Ribeiro,Geofísica (Bacharelado) | AC | Diurno
2021-2023,2023,Darcy Ribeiro,Geografia (Bacharelado/Licenciatura),Diurno,EP_R1_PPI,EP_R1_PPI,True,R1,PPI,False,1.5,-53.491,-53.491,2021-2023,2021,2023,4,Geografia (Bacharelado/Licenciatura) | Darcy Ribeiro,Geografia (Bacharelado/Licenciatura) | Diurno,Geografia (Bacharelado/Licenciatura) | EP_R1_PPI,Geografia (Bacharelado/Licenciatura) | Darcy Ribeiro | Diurno,Geografia (Bacharelado/Licenciatura) | EP_R1_PPI | Darcy Ribeiro,Geografia (Bacharelado/Licenciatura) | EP_R1_PPI | Diurno
2021-2023,2023,Darcy Ribeiro,Geografia (Bacharelado/Licenciatura),Diurno,EP_R1_NPPI,EP_R1_NPPI,True,R1,NPPI,False,1.5,7.666,7.666,2021-2023,2021,2023,4,Geografia (Bacharelado/Licenciatura) | Darcy Ribeiro,Geografia (Bacharelado/Licenciatura) | Diurno,Geografia (Bacharelado/Licenciatura) | EP_R1_NPPI,Geografia (Bacharelado/Licenciatura) | Darcy Ribeiro | Diurno,Geografia (Bacharelado/Licenciatura) | EP_R1_NPPI | Darcy Ribeiro,Geografia (Bacharelado/Licenciatura) | EP_R1_NPPI | Diurno
2021-2023,2023,Darcy Ribeiro,Geografia (Bacharelado/Licenciatura),Diurno,EP_R2_PPI,EP_R2_PPI,True,R2,PPI,False,1.5,-16.387,7.067,2021-2023,2021,2023,4,Geografia (Bacharelado/Licenciatura) | Darcy Ribeiro,Geografia (Bacharelado/Licenciatura) | Diurno,Geografia (Bacharelado/Licenciatura) | EP_R2_PPI,Geografia (Bacharelado/Licenciatura) | Darcy Ribeiro | Diurno,Geografia (Bacharelado/Licenciatura) | EP_R2_PPI | Darcy Ribeiro,Geografia (Bacharelado/Licenciatura) | EP_R2_PPI | Diurno
2021-2023,2023,Darcy Ribeiro,Geografia (Bacharelado/Licenciatura),Diurno,EP_R2_NPPI,EP_R2_NPPI,True,R2,NPPI,False,1.5,-8.19,18.368,2021-2023,2021,2023,4,Geografia (Bacharelado/Licenciatura) | Darcy Ribeiro,Geografia (Bacharelado/Licenciatura) | Diurno,Geografia (Bacharelado/Licenciatura) | EP_R2_NPPI,Geografia (Bacharelado/Licenciatura) | Darcy Ribeiro | Diurno,Geografia (Bacharelado/Licenciatura) | EP_R2_NPPI | Darcy Ribeiro,Geografia (Bacharelado/Licenciatura) | EP_R2_NPPI | Diurno
2021-2023,2023,Darcy Ribeiro,Geografia (Bacharelado/Licenciatura),Diurno,AC,AC,False,,,False,,-25.568,44.373,2021-2023,2021,2023,4,Geografia (Bacharelado/Licenciatura) | Darcy Ribeiro,Geografia (Bacharelado/Licenciatura) | Diurno,Geografia (Bacharelado/Licenciatura) | AC,Geografia (Bacharelado/Licenciatura) | Darcy Ribeiro | Diurno,Geografia (Bacharelado/Licenciatura) | AC | Darcy Ribeiro,Geografia (Bacharelado/Licenciatura) | AC | Diurno
2021-2023,2023,Darcy Ribeiro,Geologia (Bacharelado),Diurno,EP_R1_PPI,EP_R1_PPI,True,R1,PPI,False,1.5,-3.498,-3.498,2021-2023,2021,2023,4,Geologia (Bacharelado) | Darcy Ribeiro,Geologia (Bacharelado) | Diurno,Geologia (Bacharelado) | EP_R1_PPI,Geologia (Bacharelado) | Darcy Ribeiro | Diurno,Geologia (Bacharelado) | EP_R1_PPI | Darcy Ribeiro,Geologia (Bacharelado) | EP_R1_PPI | Diurno
2021-2023,2023,Darcy Ribeiro,Geologia (Bacharelado),Diurno,EP_R2_NPPI,EP_R2_NPPI,True,R2,NPPI,False,1.5,9.264,9.264,2021-2023,2021,2023,4,Geologia (Bacharelado) | Darcy Ribeiro,Geologia (Bacharelado) | Diurno,Geologia (Bacharelado) | EP_R2_NPPI,Geologia (Bacharelado) | Darcy Ribeiro | Diurno,Geologia (Bacharelado) | EP_R2_NPPI | Darcy Ribeiro,Geologia (Bacharelado) | EP_R2_NPPI | Diurno
2021-2023,2023,Darcy Ribeiro,Geologia (Bacharelado),Diurno,AC,AC,False,,,False,,-56.763,97.846,2021-2023,2021,2023,4,Geologia (Bacharelado) | Darcy Ribeiro,Geologia (Bacharelado) | Diurno,Geologia (Bacharelado) | AC,Geologia (Bacharelado) | Darcy Ribeiro | Diurno,Geologia (Bacharelado) | AC | Darcy Ribeiro,Geologia (Bacharelado) | AC | Diurno
2021-2023,2023,Darcy Ribeiro,Gestão de Agronegócio (Bacharelado),Noturno,EP_R1_NPPI,EP_R1_NPPI,True,R1,NPPI,False,1.5,-32.966,-32.966,2021-2023,2021,2023,4,Gestão de Agronegócio (Bacharelado) | Darcy Ribeiro,Gestão de Agronegócio (Bacharelado) | Noturno,Gestão de Agronegócio (Bacharelado) | EP_R1_NPPI,Gestão de Agronegócio (Bacharelado) | Darcy Ribeiro | Noturno,Gestão de Agronegócio (Bacharelado) | EP_R1_NPPI | Darcy Ribeiro,Gestão de Agronegócio (Bacharelado) | EP_R1_NPPI | Noturno
2021-2023,2023,Darcy Ribeiro,Gestão de Agronegócio (Bacharelado),Noturno,EP_R2_NPPI,EP_R2_NPPI,True,R2,NPPI,False,1.5,-48.114,-48.114,2021-2023,2021,2023,4,Gestão de Agronegócio (Bacharelado) | Darcy Ribeiro,Gestão de Agronegócio (Bacharelado) | Noturno,Gestão de Agronegócio (Bacharelado) | EP_R2_NPPI,Gestão de Agronegócio (Bacharelado) | Darcy Ribeiro | Noturno,Gestão de Agronegócio (Bacharelado) | EP_R2_NPPI | Darcy Ribeiro,Gestão de Agronegócio (Bacharelado) | EP_R2_NPPI | Noturno
2021-2023,2023,Darcy Ribeiro,Gestão de Agronegócio (Bacharelado),Noturno,CN,CN,False,,NEGROS,False,,-12.02,-12.02,2021-2023,2021,2023,4,Gestão de Agronegócio (Bacharelado) | Darcy Ribeiro,Gestão de Agronegócio (Bacharelado) | Noturno,Gestão de Agronegócio (Bacharelado) | CN,Gestão de Agronegócio (Bacharelado) | Darcy Ribeiro | Noturno,Gestão de Agronegócio (Bacharelado) | CN | Darcy Ribeiro,Gestão de Agronegócio (Bacharelado) | CN | Noturno
2021-2023,2023,Darcy Ribeiro,Gestão de Agronegócio (Bacharelado),Noturno,AC,AC,False,,,False,,-83.888,-27.976,2021-2023,2021,2023,4,Gestão de Agronegócio (Bacharelado) | Darcy Ribeiro,Gestão de Agronegócio (Bacharelado) | Noturno,Gestão de Agronegócio (Bacharelado) | AC,Gestão de Agronegócio (Bacharelado) | Darcy Ribeiro | Noturno,Gestão de Agronegócio (Bacharelado) | AC | Darcy Ribeiro,Gestão de Agronegócio (Bacharelado) | AC | Noturno
2021-2023,2023,Darcy Ribeiro,Gestão de Políticas Públicas (Bacharelado),Noturno,EP_R1_PPI,EP_R1_PPI,True,R1,PPI,False,1.5,-41.061,-34.96,2021-2023,2021,2023,4,Gestão de Políticas Públicas (Bacharelado) | Darcy Ribeiro,Gestão de Políticas Públicas (Bacharelado) | Noturno,Gestão de Políticas Públicas (Bacharelado) | EP_R1_PPI,Gestão de Políticas Públicas (Bacharelado) | Darcy Ribeiro | Noturno,Gestão de Políticas Públicas (Bacharelado) | EP_R1_PPI | Darcy Ribeiro,Gestão de Políticas Públicas (Bacharelado) | EP_R1_PPI | Noturno
2021-2023,2023,Darcy Ribeiro,Gestão de Políticas Públicas (Bacharelado),Noturno,EP_R1_NPPI,EP_R1_NPPI,True,R1,NPPI,False,1.5,-58.902,-41.161,2021-2023,2021,2023,4,Gestão de Políticas Públicas (Bacharelado) | Darcy Ribeiro,Gestão de Políticas Públicas (Bacharelado) | Noturno,Gestão de Políticas Públicas (Bacharelado) | EP_R1_NPPI,Gestão de Políticas Públicas (Bacharelado) | Darcy Ribeiro | Noturno,Gestão de Políticas Públicas (Bacharelado) | EP_R1_NPPI | Darcy Ribeiro,Gestão de Políticas Públicas (Bacharelado) | EP_R1_NPPI | Noturno
2021-2023,2023,Darcy Ribeiro,Gestão de Políticas Públicas (Bacharelado),Noturno,EP_R2_PPI,EP_R2_PPI,True,R2,PPI,False,1.5,-36.205,-36.205,2021-2023,2021,2023,4,Gestão de Políticas Públicas (Bacharelado) | Darcy Ribeiro,Gestão de Políticas Públicas (Bacharelado) | Noturno,Gestão de Políticas Públicas (Bacharelado) | EP_R2_PPI,Gestão de Políticas Públicas (Bacharelado) | Darcy Ribeiro | Noturno,Gestão de Políticas Públicas (Bacharelado) | EP_R2_PPI | Darcy Ribeiro,Gestão de Políticas Públicas (Bacharelado) | EP_R2_PPI | Noturno
2021-2023,2023,Darcy Ribeiro,Gestão de Políticas Públicas (Bacharelado),Noturno,EP_R2_NPPI,EP_R2_NPPI,True,R2,NPPI,False,1.5,-64.37,20.875,2021-2023,2021,2023,4,Gestão de Políticas Públicas (Bacharelado) | Darcy Ribeiro,Gestão de Políticas Públicas (Bacharelado) | Noturno,Gestão de Políticas Públicas (Bacharelado) | EP_R2_NPPI,Gestão de Políticas Públicas (Bacharelado) | Darcy Ribeiro | Noturno,Gestão de Políticas Públicas (Bacharelado) | EP_R2_NPPI | Darcy Ribeiro,Gestão de Políticas Públicas (Bacharelado) | EP_R2_NPPI | Noturno
2021-2023,2023,Darcy Ribeiro,Gestão de Políticas Públicas (Bacharelado),Noturno,CN,CN,False,,NEGROS,False,,5.313,5.313,2021-2023,2021,2023,4,Gestão de Políticas Públicas (Bacharelado) | Darcy Ribeiro,Gestão de Políticas Públicas (Bacharelado) | Noturno,Gestão de Políticas Públicas (Bacharelado) | CN,Gestão de Políticas Públicas (Bacharelado) | Darcy Ribeiro | Noturno,Gestão de Políticas Públicas (Bacharelado) | CN | Darcy Ribeiro,Gestão de Políticas Públicas (Bacharelado) | CN | Noturno
2021-2023,2023,Darcy Ribeiro,Gestão de Políticas Públicas (Bacharelado),Noturno,AC,AC,False,,,False,,-19.441,89.961,2021-2023,2021,2023,4,Gestão de Políticas Públicas (Bacharelado) | Darcy Ribeiro,Gestão de Políticas Públicas (Bacharelado) | Noturno,Gestão de Políticas Públicas (Bacharelado) | AC,Gestão de Políticas Públicas (Bacharelado) | Darcy Ribeiro | Noturno,Gestão de Políticas Públicas (Bacharelado) | AC | Darcy Ribeiro,Gestão de Políticas Públicas (Bacharelado) | AC | Noturno
2021-2023,2023,Darcy Ribeiro,História (Bacharelado/Licenciatura),Diurno,EP_R1_PPI,EP_R1_PPI,True,R1,PPI,False,1.5,-24.22,10.211,2021-2023,2021,2023,4,História (Bacharelado/Licenciatura) | Darcy Ribeiro,História (Bacharelado/Licenciatura) | Diurno,História (Bacharelado/Licenciatura) | EP_R1_PPI,História (Bacharelado/Licenciatura) | Darcy Ribeiro | Diurno,História (Bacharelado/Licenciatura) | EP_R1_PPI | Darcy Ribeiro,História (Bacharelado/Licenciatura) | EP_R1_PPI | Diurno
2021-2023,2023,Darcy Ribeiro,História (Bacharelado/Licenciatura),Diurno,EP_R1_NPPI,EP_R1_NPPI,True,R1,NPPI,False,1.5,19.371,52.742,2021-2023,2021,2023,4,História (Bacharelado/Licenciatura) | Darcy Ribeiro,História (Bacharelado/Licenciatura) | Diurno,História (Bacharelado/Licenciatura) | EP_R1_NPPI,História (Bacharelado/Licenciatura) | Darcy Ribeiro | Diurno,História (Bacharelado/Licenciatura) | EP_R1_NPPI | Darcy Ribeiro,História (Bacharelado/Licenciatura) | EP_R1_NPPI | Diurno
2021-2023,2023,Darcy Ribeiro,História (Bacharelado/Licenciatura),Diurno,EP_R2_PPI,EP_R2_PPI,True,R2,PPI,False,1.5,-41.891,-6.303,2021-2023,2021,2023,4,História (Bacharelado/Licenciatura) | Darcy Ribeiro,História (Bacharelado/Licenciatura) | Diurno,História (Bacharelado/Licenciatura) | EP_R2_PPI,História (Bacharelado/Licenciatura) | Darcy Ribeiro | Diurno,História (Bacharelado/Licenciatura) | EP_R2_PPI | Darcy Ribeiro,História (Bacharelado/Licenciatura) | EP_R2_PPI | Diurno
2021-2023,2023,Darcy Ribeiro,História (Bacharelado/Licenciatura),Diurno,EP_R2_NPPI,EP_R2_NPPI,True,R2,NPPI,False,1.5,32.467,41.995,2021-2023,2021,2023,4,História (Bacharelado/Licenciatura) | Darcy Ribeiro,História (Bacharelado/Licenciatura) | Diurno,História (Bacharelado/Licenciatura) | EP_R2_NPPI,História (Bacharelado/Licenciatura) | Darcy Ribeiro | Diurno,História (Bacharelado/Licenciatura) | EP_R2_NPPI | Darcy Ribeiro,História (Bacharelado/Licenciatura) | EP_R2_NPPI | Diurno
2021-2023,2023,Darcy Ribeiro,História (Bacharelado/Licenciatura),Diurno,CN,CN,False,,NEGROS,False,,11.829,11.829,2021-2023,2021,2023,4,História (Bacharelado/Licenciatura) | Darcy Ribeiro,História (Bacharelado/Licenciatura) | Diurno,História (Bacharelado/Licenciatura) | CN,História (Bacharelado/Licenciatura) | Darcy Ribeiro | Diurno,História (Bacharelado/Licenciatura) | CN | Darcy Ribeiro,História (Bacharelado/Licenciatura) | CN | Diurno
2021-2023,2023,Darcy Ribeiro,História (Bacharelado/Licenciatura),Diurno,AC,AC,False,,,False,,36.27,120.935,2021-2023,2021,2023,4,História (Bacharelado/Licenciatura) | Darcy Ribeiro,História (Bacharelado/Licenciatura) | Diurno,História (Bacharelado/Licenciatura) | AC,História (Bacharelado/Licenciatura) | Darcy Ribeiro | Diurno,História (Bacharelado/Licenciatura) | AC | Darcy Ribeiro,História (Bacharelado/Licenciatura) | AC | Diurno
2021-2023,2023,Darcy Ribeiro,História (Licenciatura),Noturno,EP_R1_PPI,EP_R1_PPI,True,R1,PPI,False,1.5,-17.725,-17.725,2021-2023,2021,2023,4,História (Licenciatura) | Darcy Ribeiro,História (Licenciatura) | Noturno,História (Licenciatura) | EP_R1_PPI,História (Licenciatura) | Darcy Ribeiro | Noturno,História (Licenciatura) | EP_R1_PPI | Darcy Ribeiro,História (Licenciatura) | EP_R1_PPI | Noturno
2021-2023,2023,Darcy Ribeiro,História (Licenciatura),Noturno,EP_R1_NPPI,EP_R1_NPPI,True,R1,NPPI,False,1.5,-47.859,4.551,2021-2023,2021,2023,4,História (Licenciatura) | Darcy Ribeiro,História (Licenciatura) | Noturno,História (Licenciatura) | EP_R1_NPPI,História (Licenciatura) | Darcy Ribeiro | Noturno,História (Licenciatura) | EP_R1_NPPI | Darcy Ribeiro,História (Licenciatura) | EP_R1_NPPI | Noturno
2021-2023,2023,Darcy Ribeiro,História (Licenciatura),Noturno,EP_R2_NPPI,EP_R2_NPPI,True,R2,NPPI,False,1.5,-25.475,-17.183,2021-2023,2021,2023,4,História (Licenciatura) | Darcy Ribeiro,História (Licenciatura) | Noturno,História (Licenciatura) | EP_R2_NPPI,História (Licenciatura) | Darcy Ribeiro | Noturno,História (Licenciatura) | EP_R2_NPPI | Darcy Ribeiro,História (Licenciatura) | EP_R2_NPPI | Noturno
2021-2023,2023,Darcy Ribeiro,História (Licenciatura),Noturno,AC,AC,False,,,False,,-69.357,12.295,2021-2023,2021,2023,4,História (Licenciatura) | Darcy Ribeiro,História (Licenciatura) | Noturno,História (Licenciatura) | AC,História (Licenciatura) | Darcy Ribeiro | Noturno,História (Licenciatura) | AC | Darcy Ribeiro,História (Licenciatura) | AC | Noturno
2021-2023,2023,Darcy Ribeiro,Japonês (Licenciatura),Noturno,EP_R2_NPPI,EP_R2_NPPI,True,R2,NPPI,False,1.5,-18.525,-18.525,2021-2023,2021,2023,4,Japonês (Licenciatura) | Darcy Ribeiro,Japonês (Licenciatura) | Noturno,Japonês (Licenciatura) | EP_R2_NPPI,Japonês (Licenciatura) | Darcy Ribeiro | Noturno,Japonês (Licenciatura) | EP_R2_NPPI | Darcy Ribeiro,Japonês (Licenciatura) | EP_R2_NPPI | Noturno
2021-2023,2023,Darcy Ribeiro,Japonês (Licenciatura),Noturno,AC,AC,False,,,False,,-5.043,5.755,2021-2023,2021,2023,4,Japonês (Licenciatura) | Darcy Ribeiro,Japonês (Licenciatura) | Noturno,Japonês (Licenciatura) | AC,Japonês (Licenciatura) | Darcy Ribeiro | Noturno,Japonês (Licenciatura) | AC | Darcy Ribeiro,Japonês (Licenciatura) | AC | Noturno
2021-2023,2023,Darcy Ribeiro,Jornalismo (Bacharelado),Diurno,EP_R1_PPI,EP_R1_PPI,True,R1,PPI,False,1.5,18.926,19.95,2021-2023,2021,2023,4,Jornalismo (Bacharelado) | Darcy Ribeiro,Jornalismo (Bacharelado) | Diurno,Jornalismo (Bacharelado) | EP_R1_PPI,Jornalismo (Bacharelado) | Darcy Ribeiro | Diurno,Jornalismo (Bacharelado) | EP_R1_PPI | Darcy Ribeiro,Jornalismo (Bacharelado) | EP_R1_PPI | Diurno
2021-2023,2023,Darcy Ribeiro,Jornalismo (Bacharelado),Diurno,EP_R1_NPPI,EP_R1_NPPI,True,R1,NPPI,False,1.5,9.81,9.81,2021-2023,2021,2023,4,Jornalismo (Bacharelado) | Darcy Ribeiro,Jornalismo (Bacharelado) | Diurno,Jornalismo (Bacharelado) | EP_R1_NPPI,Jornalismo (Bacharelado) | Darcy Ribeiro | Diurno,Jornalismo (Bacharelado) | EP_R1_NPPI | Darcy Ribeiro,Jornalismo (Bacharelado) | EP_R1_NPPI | Diurno
2021-2023,2023,Darcy Ribeiro,Jornalismo (Bacharelado),Diurno,EP_R2_PPI,EP_R2_PPI,True,R2,PPI,False,1.5,4.081,44.224,2021-2023,2021,2023,4,Jornalismo (Bacharelado) | Darcy Ribeiro,Jornalismo (Bacharelado) | Diurno,Jornalismo (Bacharelado) | EP_R2_PPI,Jornalismo (Bacharelado) | Darcy Ribeiro | Diurno,Jornalismo (Bacharelado) | EP_R2_PPI | Darcy Ribeiro,Jornalismo (Bacharelado) | EP_R2_PPI | Diurno
2021-2023,2023,Darcy Ribeiro,Jornalismo (Bacharelado),Diurno,EP_R2_NPPI,EP_R2_NPPI,True,R2,NPPI,False,1.5,21.437,21.437,2021-2023,2021,2023,4,Jornalismo (Bacharelado) | Darcy Ribeiro,Jornalismo (Bacharelado) | Diurno,Jornalismo (Bacharelado) | EP_R2_NPPI,Jornalismo (Bacharelado) | Darcy Ribeiro | Diurno,Jornalismo (Bacharelado) | EP_R2_NPPI | Darcy Ribeiro,Jornalismo (Bacharelado) | EP_R2_NPPI | Diurno
2021-2023,2023,Darcy Ribeiro,Jornalismo (Bacharelado),Diurno,CN,CN,False,,NEGROS,False,,53.554,53.554,2021-2023,2021,2023,4,Jornalismo (Bacharelado) | Darcy Ribeiro,Jornalismo (Bacharelado) | Diurno,Jornalismo (Bacharelado) | CN,Jornalismo (Bacharelado) | Darcy Ribeiro | Diurno,Jornalismo (Bacharelado) | CN | Darcy Ribeiro,Jornalismo (Bacharelado) | CN | Diurno
2021-2023,2023,Darcy Ribeiro,Jornalismo (Bacharelado),Diurno,AC,AC,False,,,False,,95.519,130.233,2021-2023,2021,2023,4,Jornalismo (Bacharelado) | Darcy Ribeiro,Jornalismo (Bacharelado) | Diurno,Jornalismo (Bacharelado) | AC,Jornalismo (Bacharelado) | Darcy Ribeiro | Diurno,Jornalismo (Bacharelado) | AC | Darcy Ribeiro,Jornalismo (Bacharelado) | AC | Diurno
2021-2023,2023,Darcy Ribeiro,Letras - Espanhol (Licenciatura),Noturno,EP_R2_PPI,EP_R2_PPI,True,R2,PPI,False,1.5,-14.494,-14.494,2021-2023,2021,2023,4,Letras - Espanhol (Licenciatura) | Darcy Ribeiro,Letras - Espanhol (Licenciatura) | Noturno,Letras - Espanhol (Licenciatura) | EP_R2_PPI,Letras - Espanhol (Licenciatura) | Darcy Ribeiro | Noturno,Letras - Espanhol (Licenciatura) | EP_R2_PPI | Darcy Ribeiro,Letras - Espanhol (Licenciatura) | EP_R2_PPI | Noturno
2021-2023,2023,Darcy Ribeiro,Letras - Espanhol (Licenciatura),Noturno,AC,AC,False,,,False,,-46.586,-13.667,2021-2023,2021,2023,4,Letras - Espanhol (Licenciatura) | Darcy Ribeiro,Letras - Espanhol (Licenciatura) | Noturno,Letras - Espanhol (Licenciatura) | AC,Letras - Espanhol (Licenciatura) | Darcy Ribeiro | Noturno,Letras - Espanhol (Licenciatura) | AC | Darcy Ribeiro,Letras - Espanhol (Licenciatura) | AC | Noturno
2021-2023,2023,Darcy Ribeiro,Letras - Francês (Bacharelado/Licenciatura),Diurno,EP_R1_NPPI,EP_R1_NPPI,True,R1,NPPI,False,1.5,-48.692,0.205,2021-2023,2021,2023,4,Letras - Francês (Bacharelado/Licenciatura) | Darcy Ribeiro,Letras - Francês (Bacharelado/Licenciatura) | Diurno,Letras - Francês (Bacharelado/Licenciatura) | EP_R1_NPPI,Letras - Francês (Bacharelado/Licenciatura) | Darcy Ribeiro | Diurno,Letras - Francês (Bacharelado/Licenciatura) | EP_R1_NPPI | Darcy Ribeiro,Letras - Francês (Bacharelado/Licenciatura) | EP_R1_NPPI | Diurno
2021-2023,2023,Darcy Ribeiro,Letras - Francês (Bacharelado/Licenciatura),Diurno,EP_R2_NPPI,EP_R2_NPPI,True,R2,NPPI,False,1.5,-33.805,-33.805,2021-2023,2021,2023,4,Letras - Francês (Bacharelado/Licenciatura) | Darcy Ribeiro,Letras - Francês (Bacharelado/Licenciatura) | Diurno,Letras - Francês (Bacharelado/Licenciatura) | EP_R2_NPPI,Letras - Francês (Bacharelado/Licenciatura) | Darcy Ribeiro | Diurno,Letras - Francês (Bacharelado/Licenciatura) | EP_R2_NPPI | Darcy Ribeiro,Letras - Francês (Bacharelado/Licenciatura) | EP_R2_NPPI | Diurno
2021-2023,2023,Darcy Ribeiro,Letras - Inglês (Bacharelado/Licenciatura),Diurno,EP_R1_PPI,EP_R1_PPI,True,R1,PPI,False,1.5,-18.631,-17.678,2021-2023,2021,2023,4,Letras - Inglês (Bacharelado/Licenciatura) | Darcy Ribeiro,Letras - Inglês (Bacharelado/Licenciatura) | Diurno,Letras - Inglês (Bacharelado/Licenciatura) | EP_R1_PPI,Letras - Inglês (Bacharelado/Licenciatura) | Darcy Ribeiro | Diurno,Letras - Inglês (Bacharelado/Licenciatura) | EP_R1_PPI | Darcy Ribeiro,Letras - Inglês (Bacharelado/Licenciatura) | EP_R1_PPI | Diurno
2021-2023,2023,Darcy Ribeiro,Letras - Inglês (Bacharelado/Licenciatura),Diurno,EP_R1_NPPI,EP_R1_NPPI,True,R1,NPPI,False,1.5,-5.532,-5.532,2021-2023,2021,2023,4,Letras - Inglês (Bacharelado/Licenciatura) | Darcy Ribeiro,Letras - Inglês (Bacharelado/Licenciatura) | Diurno,Letras - Inglês (Bacharelado/Licenciatura) | EP_R1_NPPI,Letras - Inglês (Bacharelado/Licenciatura) | Darcy Ribeiro | Diurno,Letras - Inglês (Bacharelado/Licenciatura) | EP_R1_NPPI | Darcy Ribeiro,Letras - Inglês (Bacharelado/Licenciatura) | EP_R1_NPPI | Diurno
2021-2023,2023,Darcy Ribeiro,Letras - Inglês (Bacharelado/Licenciatura),Diurno,EP_R2_PPI,EP_R2_PPI,True,R2,PPI,False,1.5,-77.785,-77.785,2021-2023,2021,2023,4,Letras - Inglês (Bacharelado/Licenciatura) | Darcy Ribeiro,Letras - Inglês (Bacharelado/Licenciatura) | Diurno,Letras - Inglês (Bacharelado/Licenciatura) | EP_R2_PPI,Letras - Inglês (Bacharelado/Licenciatura) | Darcy Ribeiro | Diurno,Letras - Inglês (Bacharelado/Licenciatura) | EP_R2_PPI | Darcy Ribeiro,Letras - Inglês (Bacharelado/Licenciatura) | EP_R2_PPI | Diurno
2021-2023,2023,Darcy Ribeiro,Letras - Inglês (Bacharelado/Licenciatura),Diurno,EP_R2_NPPI,EP_R2_NPPI,True,R2,NPPI,False,1.5,3.014,11.995,2021-2023,2021,2023,4,Letras - Inglês (Bacharelado/Licenciatura) | Darcy Ribeiro,Letras - Inglês (Bacharelado/Licenciatura) | Diurno,Letras - Inglês (Bacharelado/Licenciatura) | EP_R2_NPPI,Letras - Inglês (Bacharelado/Licenciatura) | Darcy Ribeiro | Diurno,Letras - Inglês (Bacharelado/Licenciatura) | EP_R2_NPPI | Darcy Ribeiro,Letras - Inglês (Bacharelado/Licenciatura) | EP_R2_NPPI | Diurno
2021-2023,2023,Darcy Ribeiro,Letras - Inglês (Bacharelado/Licenciatura),Diurno,CN,CN,False,,NEGROS,False,,-17.014,-17.014,2021-2023,2021,2023,4,Letras - Inglês (Bacharelado/Licenciatura) | Darcy Ribeiro,Letras - Inglês (Bacharelado/Licenciatura) | Diurno,Letras - Inglês (Bacharelado/Licenciatura) | CN,Letras - Inglês (Bacharelado/Licenciatura) | Darcy Ribeiro | Diurno,Letras - Inglês (Bacharelado/Licenciatura) | CN | Darcy Ribeiro,Letras - Inglês (Bacharelado/Licenciatura) | CN | Diurno
2021-2023,2023,Darcy Ribeiro,Letras - Inglês (Bacharelado/Licenciatura),Diurno,AC,AC,False,,,False,,32.247,72.62,2021-2023,2021,2023,4,Letras - Inglês (Bacharelado/Licenciatura) | Darcy Ribeiro,Letras - Inglês (Bacharelado/Licenciatura) | Diurno,Letras - Inglês (Bacharelado/Licenciatura) | AC,Letras - Inglês (Bacharelado/Licenciatura) | Darcy Ribeiro | Diurno,Letras - Inglês (Bacharelado/Licenciatura) | AC | Darcy Ribeiro,Letras - Inglês (Bacharelado/Licenciatura) | AC | Diurno
2021-2023,2023,Darcy Ribeiro,Letras - Português (Bacharelado/Licenciatura),Diurno,EP_R1_PPI,EP_R1_PPI,True,R1,PPI,False,1.5,-21.582,1.737,2021-2023,2021,2023,4,Letras - Português (Bacharelado/Licenciatura) | Darcy Ribeiro,Letras - Português (Bacharelado/Licenciatura) | Diurno,Letras - Português (Bacharelado/Licenciatura) | EP_R1_PPI,Letras - Português (Bacharelado/Licenciatura) | Darcy Ribeiro | Diurno,Letras - Português (Bacharelado/Licenciatura) | EP_R1_PPI | Darcy Ribeiro,Letras - Português (Bacharelado/Licenciatura) | EP_R1_PPI | Diurno
2021-2023,2023,Darcy Ribeiro,Letras - Português (Bacharelado/Licenciatura),Diurno,EP_R1_NPPI,EP_R1_NPPI,True,R1,NPPI,False,1.5,39.574,39.574,2021-2023,2021,2023,4,Letras - Português (Bacharelado/Licenciatura) | Darcy Ribeiro,Letras - Português (Bacharelado/Licenciatura) | Diurno,Letras - Português (Bacharelado/Licenciatura) | EP_R1_NPPI,Letras - Português (Bacharelado/Licenciatura) | Darcy Ribeiro | Diurno,Letras - Português (Bacharelado/Licenciatura) | EP_R1_NPPI | Darcy Ribeiro,Letras - Português (Bacharelado/Licenciatura) | EP_R1_NPPI | Diurno
2021-2023,2023,Darcy Ribeiro,Letras - Português (Bacharelado/Licenciatura),Diurno,EP_R2_PPI,EP_R2_PPI,True,R2,PPI,False,1.5,-23.758,9.729,2021-2023,2021,2023,4,Letras - Português (Bacharelado/Licenciatura) | Darcy Ribeiro,Letras - Português (Bacharelado/Licenciatura) | Diurno,Letras - Português (Bacharelado/Licenciatura) | EP_R2_PPI,Letras - Português (Bacharelado/Licenciatura) | Darcy Ribeiro | Diurno,Letras - Português (Bacharelado/Licenciatura) | EP_R2_PPI | Darcy Ribeiro,Letras - Português (Bacharelado/Licenciatura) | EP_R2_PPI | Diurno
2021-2023,2023,Darcy Ribeiro,Letras - Português (Bacharelado/Licenciatura),Diurno,EP_R2_NPPI,EP_R2_NPPI,True,R2,NPPI,False,1.5,17.882,34.783,2021-2023,2021,2023,4,Letras - Português (Bacharelado/Licenciatura) | Darcy Ribeiro,Letras - Português (Bacharelado/Licenciatura) | Diurno,Letras - Português (Bacharelado/Licenciatura) | EP_R2_NPPI,Letras - Português (Bacharelado/Licenciatura) | Darcy Ribeiro | Diurno,Letras - Português (Bacharelado/Licenciatura) | EP_R2_NPPI | Darcy Ribeiro,Letras - Português (Bacharelado/Licenciatura) | EP_R2_NPPI | Diurno
2021-2023,2023,Darcy Ribeiro,Letras - Português (Bacharelado/Licenciatura),Diurno,CN,CN,False,,NEGROS,False,,35.734,35.734,2021-2023,2021,2023,4,Letras - Português (Bacharelado/Licenciatura) | Darcy Ribeiro,Letras - Português (Bacharelado/Licenciatura) | Diurno,Letras - Português (Bacharelado/Licenciatura) | CN,Letras - Português (Bacharelado/Licenciatura) | Darcy Ribeiro | Diurno,Letras - Português (Bacharelado/Licenciatura) | CN | Darcy Ribeiro,Letras - Português (Bacharelado/Licenciatura) | CN | Diurno
2021-2023,2023,Darcy Ribeiro,Letras - Português (Bacharelado/Licenciatura),Diurno,AC,AC,False,,,False,,52.636,82.448,2021-2023,2021,2023,4,Letras - Português (Bacharelado/Licenciatura) | Darcy Ribeiro,Letras - Português (Bacharelado/Licenciatura) | Diurno,Letras - Português (Bacharelado/Licenciatura) | AC,Letras - Português (Bacharelado/Licenciatura) | Darcy Ribeiro | Diurno,Letras - Português (Bacharelado/Licenciatura) | AC | Darcy Ribeiro,Letras - Português (Bacharelado/Licenciatura) | AC | Diurno
2021-2023,2023,Darcy Ribeiro,Letras - Português (Licenciatura),Noturno,EP_R1_NPPI,EP_R1_NPPI,True,R1,NPPI,False,1.5,-45.745,14.783,2021-2023,2021,2023,4,Letras - Português (Licenciatura) | Darcy Ribeiro,Letras - Português (Licenciatura) | Noturno,Letras - Português (Licenciatura) | EP_R1_NPPI,Letras - Português (Licenciatura) | Darcy Ribeiro | Noturno,Letras - Português (Licenciatura) | EP_R1_NPPI | Darcy Ribeiro,Letras - Português (Licenciatura) | EP_R1_NPPI | Noturno
2021-2023,2023,Darcy Ribeiro,Letras - Português (Licenciatura),Noturno,EP_R2_PPI,EP_R2_PPI,True,R2,PPI,False,1.5,-13.592,-13.592,2021-2023,2021,2023,4,Letras - Português (Licenciatura) | Darcy Ribeiro,Letras - Português (Licenciatura) | Noturno,Letras - Português (Licenciatura) | EP_R2_PPI,Letras - Português (Licenciatura) | Darcy Ribeiro | Noturno,Letras - Português (Licenciatura) | EP_R2_PPI | Darcy Ribeiro,Letras - Português (Licenciatura) | EP_R2_PPI | Noturno
2021-2023,2023,Darcy Ribeiro,Letras - Português (Licenciatura),Noturno,EP_R2_NPPI,EP_R2_NPPI,True,R2,NPPI,False,1.5,-8.792,-7.475,2021-2023,2021,2023,4,Letras - Português (Licenciatura) | Darcy Ribeiro,Letras - Português (Licenciatura) | Noturno,Letras - Português (Licenciatura) | EP_R2_NPPI,Letras - Português (Licenciatura) | Darcy Ribeiro | Noturno,Letras - Português (Licenciatura) | EP_R2_NPPI | Darcy Ribeiro,Letras - Português (Licenciatura) | EP_R2_NPPI | Noturno
2021-2023,2023,Darcy Ribeiro,Letras - Português (Licenciatura),Noturno,CN,CN,False,,NEGROS,False,,-31.96,-31.96,2021-2023,2021,2023,4,Letras - Português (Licenciatura) | Darcy Ribeiro,Letras - Português (Licenciatura) | Noturno,Letras - Português (Licenciatura) | CN,Letras - Português (Licenciatura) | Darcy Ribeiro | Noturno,Letras - Português (Licenciatura) | CN | Darcy Ribeiro,Letras - Português (Licenciatura) | CN | Noturno
2021-2023,2023,Darcy Ribeiro,Letras - Português (Licenciatura),Noturno,AC,AC,False,,,False,,-46.157,-9.045,2021-2023,2021,2023,4,Letras - Português (Licenciatura) | Darcy Ribeiro,Letras - Português (Licenciatura) | Noturno,Letras - Português (Licenciatura) | AC,Letras - Português (Licenciatura) | Darcy Ribeiro | Noturno,Letras - Português (Licenciatura) | AC | Darcy Ribeiro,Letras - Português (Licenciatura) | AC | Noturno
2021-2023,2023,Darcy Ribeiro,Letras – Português do Brasil como Segunda Língua (Licenciatura),Diurno,EP_R1_PPI,EP_R1_PPI,True,R1,PPI,False,1.5,-48.36,-48.36,2021-2023,2021,2023,4,Letras – Português do Brasil como Segunda Língua (Licenciatura) | Darcy Ribeiro,Letras – Português do Brasil como Segunda Língua (Licenciatura) | Diurno,Letras – Português do Brasil como Segunda Língua (Licenciatura) | EP_R1_PPI,Letras – Português do Brasil como Segunda Língua (Licenciatura) | Darcy Ribeiro | Diurno,Letras – Português do Brasil como Segunda Língua (Licenciatura) | EP_R1_PPI | Darcy Ribeiro,Letras – Português do Brasil como Segunda Língua (Licenciatura) | EP_R1_PPI | Diurno
2021-2023,2023,Darcy Ribeiro,Letras – Português do Brasil como Segunda Língua (Licenciatura),Diurno,EP_R1_NPPI,EP_R1_NPPI,True,R1,NPPI,False,1.5,-41.555,-41.555,2021-2023,2021,2023,4,Letras – Português do Brasil como Segunda Língua (Licenciatura) | Darcy Ribeiro,Letras – Português do Brasil como Segunda Língua (Licenciatura) | Diurno,Letras – Português do Brasil como Segunda Língua (Licenciatura) | EP_R1_NPPI,Letras – Português do Brasil como Segunda Língua (Licenciatura) | Darcy Ribeiro | Diurno,Letras – Português do Brasil como Segunda Língua (Licenciatura) | EP_R1_NPPI | Darcy Ribeiro,Letras – Português do Brasil como Segunda Língua (Licenciatura) | EP_R1_NPPI | Diurno
2021-2023,2023,Darcy Ribeiro,Letras – Português do Brasil como Segunda Língua (Licenciatura),Diurno,CN,CN,False,,NEGROS,False,,-45.762,-45.762,2021-2023,2021,2023,4,Letras – Português do Brasil como Segunda Língua (Licenciatura) | Darcy Ribeiro,Letras – Português do Brasil como Segunda Língua (Licenciatura) | Diurno,Letras – Português do Brasil como Segunda Língua (Licenciatura) | CN,Letras – Português do Brasil como Segunda Língua (Licenciatura) | Darcy Ribeiro | Diurno,Letras – Português do Brasil como Segunda Língua (Licenciatura) | CN | Darcy Ribeiro,Letras – Português do Brasil como Segunda Língua (Licenciatura) | CN | Diurno
2021-2023,2023,Darcy Ribeiro,Letras – Português do Brasil como Segunda Língua (Licenciatura),Diurno,AC,AC,False,,,False,,-49.96,58.052,2021-2023,2021,2023,4,Letras – Português do Brasil como Segunda Língua (Licenciatura) | Darcy Ribeiro,Letras – Português do Brasil como Segunda Língua (Licenciatura) | Diurno,Letras – Português do Brasil como Segunda Língua (Licenciatura) | AC,Letras – Português do Brasil como Segunda Língua (Licenciatura) | Darcy Ribeiro | Diurno,Letras – Português do Brasil como Segunda Língua (Licenciatura) | AC | Darcy Ribeiro,Letras – Português do Brasil como Segunda Língua (Licenciatura) | AC | Diurno
2021-2023,2023,Darcy Ribeiro,Letras – Tradução – Espanhol (Bacharelado),Noturno,EP_R2_NPPI,EP_R2_NPPI,True,R2,NPPI,False,1.5,-74.097,-24.363,2021-2023,2021,2023,4,Letras – Tradução – Espanhol (Bacharelado) | Darcy Ribeiro,Letras – Tradução – Espanhol (Bacharelado) | Noturno,Letras – Tradução – Espanhol (Bacharelado) | EP_R2_NPPI,Letras – Tradução – Espanhol (Bacharelado) | Darcy Ribeiro | Noturno,Letras – Tradução – Espanhol (Bacharelado) | EP_R2_NPPI | Darcy Ribeiro,Letras – Tradução – Espanhol (Bacharelado) | EP_R2_NPPI | Noturno
2021-2023,2023,Darcy Ribeiro,Letras – Tradução – Espanhol (Bacharelado),Noturno,AC,AC,False,,,False,,-56.295,-56.295,2021-2023,2021,2023,4,Letras – Tradução – Espanhol (Bacharelado) | Darcy Ribeiro,Letras – Tradução – Espanhol (Bacharelado) | Noturno,Letras – Tradução – Espanhol (Bacharelado) | AC,Letras – Tradução – Espanhol (Bacharelado) | Darcy Ribeiro | Noturno,Letras – Tradução – Espanhol (Bacharelado) | AC | Darcy Ribeiro,Letras – Tradução – Espanhol (Bacharelado) | AC | Noturno
2021-2023,2023,Darcy Ribeiro,Letras – Tradução – Francês (Bacharelado),Diurno,AC,AC,False,,,False,,-27.088,108.22,2021-2023,2021,2023,4,Letras – Tradução – Francês (Bacharelado) | Darcy Ribeiro,Letras – Tradução – Francês (Bacharelado) | Diurno,Letras – Tradução – Francês (Bacharelado) | AC,Letras – Tradução – Francês (Bacharelado) | Darcy Ribeiro | Diurno,Letras – Tradução – Francês (Bacharelado) | AC | Darcy Ribeiro,Letras – Tradução – Francês (Bacharelado) | AC | Diurno
2021-2023,2023,Darcy Ribeiro,Letras – Tradução – Inglês (Bacharelado),Diurno,EP_R1_PPI,EP_R1_PPI,True,R1,PPI,False,1.5,-50.121,-0.815,2021-2023,2021,2023,4,Letras – Tradução – Inglês (Bacharelado) | Darcy Ribeiro,Letras – Tradução – Inglês (Bacharelado) | Diurno,Letras – Tradução – Inglês (Bacharelado) | EP_R1_PPI,Letras – Tradução – Inglês (Bacharelado) | Darcy Ribeiro | Diurno,Letras – Tradução – Inglês (Bacharelado) | EP_R1_PPI | Darcy Ribeiro,Letras – Tradução – Inglês (Bacharelado) | EP_R1_PPI | Diurno
2021-2023,2023,Darcy Ribeiro,Letras – Tradução – Inglês (Bacharelado),Diurno,EP_R2_NPPI,EP_R2_NPPI,True,R2,NPPI,False,1.5,-20.761,-20.341,2021-2023,2021,2023,4,Letras – Tradução – Inglês (Bacharelado) | Darcy Ribeiro,Letras – Tradução – Inglês (Bacharelado) | Diurno,Letras – Tradução – Inglês (Bacharelado) | EP_R2_NPPI,Letras – Tradução – Inglês (Bacharelado) | Darcy Ribeiro | Diurno,Letras – Tradução – Inglês (Bacharelado) | EP_R2_NPPI | Darcy Ribeiro,Letras – Tradução – Inglês (Bacharelado) | EP_R2_NPPI | Diurno
2021-2023,2023,Darcy Ribeiro,Letras – Tradução – Inglês (Bacharelado),Diurno,CN,CN,False,,NEGROS,False,,8.667,8.667,2021-2023,2021,2023,4,Letras – Tradução – Inglês (Bacharelado) | Darcy Ribeiro,Letras – Tradução – Inglês (Bacharelado) | Diurno,Letras – Tradução – Inglês (Bacharelado) | CN,Letras – Tradução – Inglês (Bacharelado) | Darcy Ribeiro | Diurno,Letras – Tradução – Inglês (Bacharelado) | CN | Darcy Ribeiro,Letras – Tradução – Inglês (Bacharelado) | CN | Diurno
2021-2023,2023,Darcy Ribeiro,Letras – Tradução – Inglês (Bacharelado),Diurno,AC,AC,False,,,False,,-18.136,26.575,2021-2023,2021,2023,4,Letras – Tradução – Inglês (Bacharelado) | Darcy Ribeiro,Letras – Tradução – Inglês (Bacharelado) | Diurno,Letras – Tradução – Inglês (Bacharelado) | AC,Letras – Tradução – Inglês (Bacharelado) | Darcy Ribeiro | Diurno,Letras – Tradução – Inglês (Bacharelado) | AC | Darcy Ribeiro,Letras – Tradução – Inglês (Bacharelado) | AC | Diurno
2021-2023,2023,Darcy Ribeiro,Línguas Estrangeiras Aplicadas (Bacharelado),Diurno,EP_R1_PPI,EP_R1_PPI,True,R1,PPI,False,1.5,-45.996,-32.916,2021-2023,2021,2023,4,Línguas Estrangeiras Aplicadas (Bacharelado) | Darcy Ribeiro,Línguas Estrangeiras Aplicadas (Bacharelado) | Diurno,Línguas Estrangeiras Aplicadas (Bacharelado) | EP_R1_PPI,Línguas Estrangeiras Aplicadas (Bacharelado) | Darcy Ribeiro | Diurno,Línguas Estrangeiras Aplicadas (Bacharelado) | EP_R1_PPI | Darcy Ribeiro,Línguas Estrangeiras Aplicadas (Bacharelado) | EP_R1_PPI | Diurno
2021-2023,2023,Darcy Ribeiro,Línguas Estrangeiras Aplicadas (Bacharelado),Diurno,EP_R2_PPI,EP_R2_PPI,True,R2,PPI,False,1.5,-15.779,-15.779,2021-2023,2021,2023,4,Línguas Estrangeiras Aplicadas (Bacharelado) | Darcy Ribeiro,Línguas Estrangeiras Aplicadas (Bacharelado) | Diurno,Línguas Estrangeiras Aplicadas (Bacharelado) | EP_R2_PPI,Línguas Estrangeiras Aplicadas (Bacharelado) | Darcy Ribeiro | Diurno,Línguas Estrangeiras Aplicadas (Bacharelado) | EP_R2_PPI | Darcy Ribeiro,Línguas Estrangeiras Aplicadas (Bacharelado) | EP_R2_PPI | Diurno
2021-2023,2023,Darcy Ribeiro,Línguas Estrangeiras Aplicadas (Bacharelado),Diurno,AC,AC,False,,,False,,-47.775,48.385,2021-2023,2021,2023,4,Línguas Estrangeiras Aplicadas (Bacharelado) | Darcy Ribeiro,Línguas Estrangeiras Aplicadas (Bacharelado) | Diurno,Línguas Estrangeiras Aplicadas (Bacharelado) | AC,Línguas Estrangeiras Aplicadas (Bacharelado) | Darcy Ribeiro | Diurno,Línguas Estrangeiras Aplicadas (Bacharelado) | AC | Darcy Ribeiro,Línguas Estrangeiras Aplicadas (Bacharelado) | AC | Diurno
2021-2023,2023,Darcy Ribeiro,Matemática (Bacharelado/Licenciatura),Diurno,EP_R1_PPI,EP_R1_PPI,True,R1,PPI,False,1.5,-6.051,13.305,2021-2023,2021,2023,4,Matemática (Bacharelado/Licenciatura) | Darcy Ribeiro,Matemática (Bacharelado/Licenciatura) | Diurno,Matemática (Bacharelado/Licenciatura) | EP_R1_PPI,Matemática (Bacharelado/Licenciatura) | Darcy Ribeiro | Diurno,Matemática (Bacharelado/Licenciatura) | EP_R1_PPI | Darcy Ribeiro,Matemática (Bacharelado/Licenciatura) | EP_R1_PPI | Diurno
2021-2023,2023,Darcy Ribeiro,Matemática (Bacharelado/Licenciatura),Diurno,EP_R1_NPPI,EP_R1_NPPI,True,R1,NPPI,False,1.5,-20.208,8.078,2021-2023,2021,2023,4,Matemática (Bacharelado/Licenciatura) | Darcy Ribeiro,Matemática (Bacharelado/Licenciatura) | Diurno,Matemática (Bacharelado/Licenciatura) | EP_R1_NPPI,Matemática (Bacharelado/Licenciatura) | Darcy Ribeiro | Diurno,Matemática (Bacharelado/Licenciatura) | EP_R1_NPPI | Darcy Ribeiro,Matemática (Bacharelado/Licenciatura) | EP_R1_NPPI | Diurno
2021-2023,2023,Darcy Ribeiro,Matemática (Bacharelado/Licenciatura),Diurno,EP_R2_PPI,EP_R2_PPI,True,R2,PPI,False,1.5,-51.87,21.222,2021-2023,2021,2023,4,Matemática (Bacharelado/Licenciatura) | Darcy Ribeiro,Matemática (Bacharelado/Licenciatura) | Diurno,Matemática (Bacharelado/Licenciatura) | EP_R2_PPI,Matemática (Bacharelado/Licenciatura) | Darcy Ribeiro | Diurno,Matemática (Bacharelado/Licenciatura) | EP_R2_PPI | Darcy Ribeiro,Matemática (Bacharelado/Licenciatura) | EP_R2_PPI | Diurno
2021-2023,2023,Darcy Ribeiro,Matemática (Bacharelado/Licenciatura),Diurno,EP_R2_NPPI,EP_R2_NPPI,True,R2,NPPI,False,1.5,18.569,18.569,2021-2023,2021,2023,4,Matemática (Bacharelado/Licenciatura) | Darcy Ribeiro,Matemática (Bacharelado/Licenciatura) | Diurno,Matemática (Bacharelado/Licenciatura) | EP_R2_NPPI,Matemática (Bacharelado/Licenciatura) | Darcy Ribeiro | Diurno,Matemática (Bacharelado/Licenciatura) | EP_R2_NPPI | Darcy Ribeiro,Matemática (Bacharelado/Licenciatura) | EP_R2_NPPI | Diurno
2021-2023,2023,Darcy Ribeiro,Matemática (Bacharelado/Licenciatura),Diurno,CN,CN,False,,NEGROS,False,,12.575,12.575,2021-2023,2021,2023,4,Matemática (Bacharelado/Licenciatura) | Darcy Ribeiro,Matemática (Bacharelado/Licenciatura) | Diurno,Matemática (Bacharelado/Licenciatura) | CN,Matemática (Bacharelado/Licenciatura) | Darcy Ribeiro | Diurno,Matemática (Bacharelado/Licenciatura) | CN | Darcy Ribeiro,Matemática (Bacharelado/Licenciatura) | CN | Diurno
2021-2023,2023,Darcy Ribeiro,Matemática (Bacharelado/Licenciatura),Diurno,AC,AC,False,,,False,,-2.875,75.036,2021-2023,2021,2023,4,Matemática (Bacharelado/Licenciatura) | Darcy Ribeiro,Matemática (Bacharelado/Licenciatura) | Diurno,Matemática (Bacharelado/Licenciatura) | AC,Matemática (Bacharelado/Licenciatura) | Darcy Ribeiro | Diurno,Matemática (Bacharelado/Licenciatura) | AC | Darcy Ribeiro,Matemática (Bacharelado/Licenciatura) | AC | Diurno
2021-2023,2023,Darcy Ribeiro,Matemática (Licenciatura),Noturno,CN,CN,False,,NEGROS,False,,43.063,43.063,2021-2023,2021,2023,4,Matemática (Licenciatura) | Darcy Ribeiro,Matemática (Licenciatura) | Noturno,Matemática (Licenciatura) | CN,Matemática (Licenciatura) | Darcy Ribeiro | Noturno,Matemática (Licenciatura) | CN | Darcy Ribeiro,Matemática (Licenciatura) | CN | Noturno
2021-2023,2023,Darcy Ribeiro,Matemática (Licenciatura),Noturno,AC,AC,False,,,False,,-73.474,22.858,2021-2023,2021,2023,4,Matemática (Licenciatura) | Darcy Ribeiro,Matemática (Licenciatura) | Noturno,Matemática (Licenciatura) | AC,Matemática (Licenciatura) | Darcy Ribeiro | Noturno,Matemática (Licenciatura) | AC | Darcy Ribeiro,Matemática (Licenciatura) | AC | Noturno
2021-2023,2023,Darcy Ribeiro,Medicina (Bacharelado),Diurno,EP_R1_PPI,EP_R1_PPI,True,R1,PPI,False,1.5,43.826,86.39,2021-2023,2021,2023,4,Medicina (Bacharelado) | Darcy Ribeiro,Medicina (Bacharelado) | Diurno,Medicina (Bacharelado) | EP_R1_PPI,Medicina (Bacharelado) | Darcy Ribeiro | Diurno,Medicina (Bacharelado) | EP_R1_PPI | Darcy Ribeiro,Medicina (Bacharelado) | EP_R1_PPI | Diurno
2021-2023,2023,Darcy Ribeiro,Medicina (Bacharelado),Diurno,EP_R1_NPPI,EP_R1_NPPI,True,R1,NPPI,False,1.5,93.632,98.249,2021-2023,2021,2023,4,Medicina (Bacharelado) | Darcy Ribeiro,Medicina (Bacharelado) | Diurno,Medicina (Bacharelado) | EP_R1_NPPI,Medicina (Bacharelado) | Darcy Ribeiro | Diurno,Medicina (Bacharelado) | EP_R1_NPPI | Darcy Ribeiro,Medicina (Bacharelado) | EP_R1_NPPI | Diurno
2021-2023,2023,Darcy Ribeiro,Medicina (Bacharelado),Diurno,EP_R2_PPI,EP_R2_PPI,True,R2,PPI,False,1.5,107.578,134.438,2021-2023,2021,2023,4,Medicina (Bacharelado) | Darcy Ribeiro,Medicina (Bacharelado) | Diurno,Medicina (Bacharelado) | EP_R2_PPI,Medicina (Bacharelado) | Darcy Ribeiro | Diurno,Medicina (Bacharelado) | EP_R2_PPI | Darcy Ribeiro,Medicina (Bacharelado) | EP_R2_PPI | Diurno
2021-2023,2023,Darcy Ribeiro,Medicina (Bacharelado),Diurno,EP_R2_NPPI,EP_R2_NPPI,True,R2,NPPI,False,1.5,175.472,175.472,2021-2023,2021,2023,4,Medicina (Bacharelado) | Darcy Ribeiro,Medicina (Bacharelado) | Diurno,Medicina (Bacharelado) | EP_R2_NPPI,Medicina (Bacharelado) | Darcy Ribeiro | Diurno,Medicina (Bacharelado) | EP_R2_NPPI | Darcy Ribeiro,Medicina (Bacharelado) | EP_R2_NPPI | Diurno
2021-2023,2023,Darcy Ribeiro,Medicina (Bacharelado),Diurno,EP_R2_NPPI_PCD,EP_R2_NPPI_PCD,True,R2,NPPI,True,1.5,107.509,107.509,2021-2023,2021,2023,4,Medicina (Bacharelado) | Darcy Ribeiro,Medicina (Bacharelado) | Diurno,Medicina (Bacharelado) | EP_R2_NPPI_PCD,Medicina (Bacharelado) | Darcy Ribeiro | Diurno,Medicina (Bacharelado) | EP_R2_NPPI_PCD | Darcy Ribeiro,Medicina (Bacharelado) | EP_R2_NPPI_PCD | Diurno
2021-2023,2023,Darcy Ribeiro,Medicina (Bacharelado),Diurno,CN,CN,False,,NEGROS,False,,171.622,171.622,2021-2023,2021,2023,4,Medicina (Bacharelado) | Darcy Ribeiro,Medicina (Bacharelado) | Diurno,Medicina (Bacharelado) | CN,Medicina (Bacharelado) | Darcy Ribeiro | Diurno,Medicina (Bacharelado) | CN | Darcy Ribeiro,Medicina (Bacharelado) | CN | Diurno
2021-2023,2023,Darcy Ribeiro,Medicina (Bacharelado),Diurno,AC,AC,False,,,False,,177.881,211.738,2021-2023,2021,2023,4,Medicina (Bacharelado) | Darcy Ribeiro,Medicina (Bacharelado) | Diurno,Medicina (Bacharelado) | AC,Medicina (Bacharelado) | Darcy Ribeiro | Diurno,Medicina (Bacharelado) | AC | Darcy Ribeiro,Medicina (Bacharelado) | AC | Diurno
2021-2023,2023,Darcy Ribeiro,Medicina Veterinária (Bacharelado),Diurno,EP_R1_PPI,EP_R1_PPI,True,R1,PPI,False,1.5,-33.589,27.235,2021-2023,2021,2023,4,Medicina Veterinária (Bacharelado) | Darcy Ribeiro,Medicina Veterinária (Bacharelado) | Diurno,Medicina Veterinária (Bacharelado) | EP_R1_PPI,Medicina Veterinária (Bacharelado) | Darcy Ribeiro | Diurno,Medicina Veterinária (Bacharelado) | EP_R1_PPI | Darcy Ribeiro,Medicina Veterinária (Bacharelado) | EP_R1_PPI | Diurno
2021-2023,2023,Darcy Ribeiro,Medicina Veterinária (Bacharelado),Diurno,EP_R1_NPPI,EP_R1_NPPI,True,R1,NPPI,False,1.5,20.167,56.233,2021-2023,2021,2023,4,Medicina Veterinária (Bacharelado) | Darcy Ribeiro,Medicina Veterinária (Bacharelado) | Diurno,Medicina Veterinária (Bacharelado) | EP_R1_NPPI,Medicina Veterinária (Bacharelado) | Darcy Ribeiro | Diurno,Medicina Veterinária (Bacharelado) | EP_R1_NPPI | Darcy Ribeiro,Medicina Veterinária (Bacharelado) | EP_R1_NPPI | Diurno
2021-2023,2023,Darcy Ribeiro,Medicina Veterinária (Bacharelado),Diurno,EP_R2_PPI,EP_R2_PPI,True,R2,PPI,False,1.5,16.694,78.776,2021-2023,2021,2023,4,Medicina Veterinária (Bacharelado) | Darcy Ribeiro,Medicina Veterinária (Bacharelado) | Diurno,Medicina Veterinária (Bacharelado) | EP_R2_PPI,Medicina Veterinária (Bacharelado) | Darcy Ribeiro | Diurno,Medicina Veterinária (Bacharelado) | EP_R2_PPI | Darcy Ribeiro,Medicina Veterinária (Bacharelado) | EP_R2_PPI | Diurno
2021-2023,2023,Darcy Ribeiro,Medicina Veterinária (Bacharelado),Diurno,EP_R2_NPPI,EP_R2_NPPI,True,R2,NPPI,False,1.5,49.328,58.293,2021-2023,2021,2023,4,Medicina Veterinária (Bacharelado) | Darcy Ribeiro,Medicina Veterinária (Bacharelado) | Diurno,Medicina Veterinária (Bacharelado) | EP_R2_NPPI,Medicina Veterinária (Bacharelado) | Darcy Ribeiro | Diurno,Medicina Veterinária (Bacharelado) | EP_R2_NPPI | Darcy Ribeiro,Medicina Veterinária (Bacharelado) | EP_R2_NPPI | Diurno
2021-2023,2023,Darcy Ribeiro,Medicina Veterinária (Bacharelado),Diurno,CN,CN,False,,NEGROS,False,,73.643,73.643,2021-2023,2021,2023,4,Medicina Veterinária (Bacharelado) | Darcy Ribeiro,Medicina Veterinária (Bacharelado) | Diurno,Medicina Veterinária (Bacharelado) | CN,Medicina Veterinária (Bacharelado) | Darcy Ribeiro | Diurno,Medicina Veterinária (Bacharelado) | CN | Darcy Ribeiro,Medicina Veterinária (Bacharelado) | CN | Diurno
2021-2023,2023,Darcy Ribeiro,Medicina Veterinária (Bacharelado),Diurno,AC,AC,False,,,False,,93.664,127.484,2021-2023,2021,2023,4,Medicina Veterinária (Bacharelado) | Darcy Ribeiro,Medicina Veterinária (Bacharelado) | Diurno,Medicina Veterinária (Bacharelado) | AC,Medicina Veterinária (Bacharelado) | Darcy Ribeiro | Diurno,Medicina Veterinária (Bacharelado) | AC | Darcy Ribeiro,Medicina Veterinária (Bacharelado) | AC | Diurno
2021-2023,2023,Darcy Ribeiro,Museologia (Bacharelado),Diurno,CN,CN,False,,NEGROS,False,,-38.902,-38.902,2021-2023,2021,2023,4,Museologia (Bacharelado) | Darcy Ribeiro,Museologia (Bacharelado) | Diurno,Museologia (Bacharelado) | CN,Museologia (Bacharelado) | Darcy Ribeiro | Diurno,Museologia (Bacharelado) | CN | Darcy Ribeiro,Museologia (Bacharelado) | CN | Diurno
2021-2023,2023,Darcy Ribeiro,Museologia (Bacharelado),Diurno,AC,AC,False,,,False,,-59.957,11.393,2021-2023,2021,2023,4,Museologia (Bacharelado) | Darcy Ribeiro,Museologia (Bacharelado) | Diurno,Museologia (Bacharelado) | AC,Museologia (Bacharelado) | Darcy Ribeiro | Diurno,Museologia (Bacharelado) | AC | Darcy Ribeiro,Museologia (Bacharelado) | AC | Diurno
2021-2023,2023,Darcy Ribeiro,Música (Bacharelado),Diurno,AC,AC,False,,,False,,-23.394,46.282,2021-2023,2021,2023,4,Música (Bacharelado) | Darcy Ribeiro,Música (Bacharelado) | Diurno,Música (Bacharelado) | AC,Música (Bacharelado) | Darcy Ribeiro | Diurno,Música (Bacharelado) | AC | Darcy Ribeiro,Música (Bacharelado) | AC | Diurno
2021-2023,2023,Darcy Ribeiro,Música (Licenciatura),Diurno,EP_R1_NPPI,EP_R1_NPPI,True,R1,NPPI,False,1.5,-69.94,-69.94,2021-2023,2021,2023,4,Música (Licenciatura) | Darcy Ribeiro,Música (Licenciatura) | Diurno,Música (Licenciatura) | EP_R1_NPPI,Música (Licenciatura) | Darcy Ribeiro | Diurno,Música (Licenciatura) | EP_R1_NPPI | Darcy Ribeiro,Música (Licenciatura) | EP_R1_NPPI | Diurno
2021-2023,2023,Darcy Ribeiro,Música (Licenciatura),Diurno,EP_R2_PPI,EP_R2_PPI,True,R2,PPI,False,1.5,-64.024,-64.024,2021-2023,2021,2023,4,Música (Licenciatura) | Darcy Ribeiro,Música (Licenciatura) | Diurno,Música (Licenciatura) | EP_R2_PPI,Música (Licenciatura) | Darcy Ribeiro | Diurno,Música (Licenciatura) | EP_R2_PPI | Darcy Ribeiro,Música (Licenciatura) | EP_R2_PPI | Diurno
2021-2023,2023,Darcy Ribeiro,Música (Licenciatura),Diurno,EP_R2_NPPI,EP_R2_NPPI,True,R2,NPPI,False,1.5,30.345,41.995,2021-2023,2021,2023,4,Música (Licenciatura) | Darcy Ribeiro,Música (Licenciatura) | Diurno,Música (Licenciatura) | EP_R2_NPPI,Música (Licenciatura) | Darcy Ribeiro | Diurno,Música (Licenciatura) | EP_R2_NPPI | Darcy Ribeiro,Música (Licenciatura) | EP_R2_NPPI | Diurno
2021-2023,2023,Darcy Ribeiro,Música (Licenciatura),Diurno,AC,AC,False,,,False,,-41.36,25.412,2021-2023,2021,2023,4,Música (Licenciatura) | Darcy Ribeiro,Música (Licenciatura) | Diurno,Música (Licenciatura) | AC,Música (Licenciatura) | Darcy Ribeiro | Diurno,Música (Licenciatura) | AC | Darcy Ribeiro,Música (Licenciatura) | AC | Diurno
2021-2023,2023,Darcy Ribeiro,Nutrição (Bacharelado),Diurno,EP_R1_PPI,EP_R1_PPI,True,R1,PPI,False,1.5,-25.597,3.043,2021-2023,2021,2023,4,Nutrição (Bacharelado) | Darcy Ribeiro,Nutrição (Bacharelado) | Diurno,Nutrição (Bacharelado) | EP_R1_PPI,Nutrição (Bacharelado) | Darcy Ribeiro | Diurno,Nutrição (Bacharelado) | EP_R1_PPI | Darcy Ribeiro,Nutrição (Bacharelado) | EP_R1_PPI | Diurno
2021-2023,2023,Darcy Ribeiro,Nutrição (Bacharelado),Diurno,EP_R1_NPPI,EP_R1_NPPI,True,R1,NPPI,False,1.5,3.444,3.444,2021-2023,2021,2023,4,Nutrição (Bacharelado) | Darcy Ribeiro,Nutrição (Bacharelado) | Diurno,Nutrição (Bacharelado) | EP_R1_NPPI,Nutrição (Bacharelado) | Darcy Ribeiro | Diurno,Nutrição (Bacharelado) | EP_R1_NPPI | Darcy Ribeiro,Nutrição (Bacharelado) | EP_R1_NPPI | Diurno
2021-2023,2023,Darcy Ribeiro,Nutrição (Bacharelado),Diurno,EP_R2_PPI,EP_R2_PPI,True,R2,PPI,False,1.5,-29.919,47.747,2021-2023,2021,2023,4,Nutrição (Bacharelado) | Darcy Ribeiro,Nutrição (Bacharelado) | Diurno,Nutrição (Bacharelado) | EP_R2_PPI,Nutrição (Bacharelado) | Darcy Ribeiro | Diurno,Nutrição (Bacharelado) | EP_R2_PPI | Darcy Ribeiro,Nutrição (Bacharelado) | EP_R2_PPI | Diurno
2021-2023,2023,Darcy Ribeiro,Nutrição (Bacharelado),Diurno,EP_R2_NPPI,EP_R2_NPPI,True,R2,NPPI,False,1.5,24.985,24.985,2021-2023,2021,2023,4,Nutrição (Bacharelado) | Darcy Ribeiro,Nutrição (Bacharelado) | Diurno,Nutrição (Bacharelado) | EP_R2_NPPI,Nutrição (Bacharelado) | Darcy Ribeiro | Diurno,Nutrição (Bacharelado) | EP_R2_NPPI | Darcy Ribeiro,Nutrição (Bacharelado) | EP_R2_NPPI | Diurno
2021-2023,2023,Darcy Ribeiro,Nutrição (Bacharelado),Diurno,CN,CN,False,,NEGROS,False,,31.75,31.75,2021-2023,2021,2023,4,Nutrição (Bacharelado) | Darcy Ribeiro,Nutrição (Bacharelado) | Diurno,Nutrição (Bacharelado) | CN,Nutrição (Bacharelado) | Darcy Ribeiro | Diurno,Nutrição (Bacharelado) | CN | Darcy Ribeiro,Nutrição (Bacharelado) | CN | Diurno
2021-2023,2023,Darcy Ribeiro,Nutrição (Bacharelado),Diurno,AC,AC,False,,,False,,66.13,101.845,2021-2023,2021,2023,4,Nutrição (Bacharelado) | Darcy Ribeiro,Nutrição (Bacharelado) | Diurno,Nutrição (Bacharelado) | AC,Nutrição (Bacharelado) | Darcy Ribeiro | Diurno,Nutrição (Bacharelado) | AC | Darcy Ribeiro,Nutrição (Bacharelado) | AC | Diurno
2021-2023,2023,Darcy Ribeiro,Odontologia (Bacharelado),Diurno,EP_R1_PPI,EP_R1_PPI,True,R1,PPI,False,1.5,-2.387,50.584,2021-2023,2021,2023,4,Odontologia (Bacharelado) | Darcy Ribeiro,Odontologia (Bacharelado) | Diurno,Odontologia (Bacharelado) | EP_R1_PPI,Odontologia (Bacharelado) | Darcy Ribeiro | Diurno,Odontologia (Bacharelado) | EP_R1_PPI | Darcy Ribeiro,Odontologia (Bacharelado) | EP_R1_PPI | Diurno
2021-2023,2023,Darcy Ribeiro,Odontologia (Bacharelado),Diurno,EP_R1_NPPI,EP_R1_NPPI,True,R1,NPPI,False,1.5,51.88,51.88,2021-2023,2021,2023,4,Odontologia (Bacharelado) | Darcy Ribeiro,Odontologia (Bacharelado) | Diurno,Odontologia (Bacharelado) | EP_R1_NPPI,Odontologia (Bacharelado) | Darcy Ribeiro | Diurno,Odontologia (Bacharelado) | EP_R1_NPPI | Darcy Ribeiro,Odontologia (Bacharelado) | EP_R1_NPPI | Diurno
2021-2023,2023,Darcy Ribeiro,Odontologia (Bacharelado),Diurno,EP_R2_PPI,EP_R2_PPI,True,R2,PPI,False,1.5,-20.934,0.839,2021-2023,2021,2023,4,Odontologia (Bacharelado) | Darcy Ribeiro,Odontologia (Bacharelado) | Diurno,Odontologia (Bacharelado) | EP_R2_PPI,Odontologia (Bacharelado) | Darcy Ribeiro | Diurno,Odontologia (Bacharelado) | EP_R2_PPI | Darcy Ribeiro,Odontologia (Bacharelado) | EP_R2_PPI | Diurno
2021-2023,2023,Darcy Ribeiro,Odontologia (Bacharelado),Diurno,EP_R2_NPPI,EP_R2_NPPI,True,R2,NPPI,False,1.5,113.007,113.007,2021-2023,2021,2023,4,Odontologia (Bacharelado) | Darcy Ribeiro,Odontologia (Bacharelado) | Diurno,Odontologia (Bacharelado) | EP_R2_NPPI,Odontologia (Bacharelado) | Darcy Ribeiro | Diurno,Odontologia (Bacharelado) | EP_R2_NPPI | Darcy Ribeiro,Odontologia (Bacharelado) | EP_R2_NPPI | Diurno
2021-2023,2023,Darcy Ribeiro,Odontologia (Bacharelado),Diurno,CN,CN,False,,NEGROS,False,,34.282,34.282,2021-2023,2021,2023,4,Odontologia (Bacharelado) | Darcy Ribeiro,Odontologia (Bacharelado) | Diurno,Odontologia (Bacharelado) | CN,Odontologia (Bacharelado) | Darcy Ribeiro | Diurno,Odontologia (Bacharelado) | CN | Darcy Ribeiro,Odontologia (Bacharelado) | CN | Diurno
2021-2023,2023,Darcy Ribeiro,Odontologia (Bacharelado),Diurno,AC,AC,False,,,False,,90.466,104.035,2021-2023,2021,2023,4,Odontologia (Bacharelado) | Darcy Ribeiro,Odontologia (Bacharelado) | Diurno,Odontologia (Bacharelado) | AC,Odontologia (Bacharelado) | Darcy Ribeiro | Diurno,Odontologia (Bacharelado) | AC | Darcy Ribeiro,Odontologia (Bacharelado) | AC | Diurno
2021-2023,2023,Darcy Ribeiro,Pedagogia (Licenciatura),Diurno,EP_R1_PPI,EP_R1_PPI,True,R1,PPI,False,1.5,-69.472,-11.148,2021-2023,2021,2023,4,Pedagogia (Licenciatura) | Darcy Ribeiro,Pedagogia (Licenciatura) | Diurno,Pedagogia (Licenciatura) | EP_R1_PPI,Pedagogia (Licenciatura) | Darcy Ribeiro | Diurno,Pedagogia (Licenciatura) | EP_R1_PPI | Darcy Ribeiro,Pedagogia (Licenciatura) | EP_R1_PPI | Diurno
2021-2023,2023,Darcy Ribeiro,Pedagogia (Licenciatura),Diurno,EP_R1_NPPI,EP_R1_NPPI,True,R1,NPPI,False,1.5,-2.29,26.289,2021-2023,2021,2023,4,Pedagogia (Licenciatura) | Darcy Ribeiro,Pedagogia (Licenciatura) | Diurno,Pedagogia (Licenciatura) | EP_R1_NPPI,Pedagogia (Licenciatura) | Darcy Ribeiro | Diurno,Pedagogia (Licenciatura) | EP_R1_NPPI | Darcy Ribeiro,Pedagogia (Licenciatura) | EP_R1_NPPI | Diurno
2021-2023,2023,Darcy Ribeiro,Pedagogia (Licenciatura),Diurno,EP_R2_PPI,EP_R2_PPI,True,R2,PPI,False,1.5,-92.894,17.832,2021-2023,2021,2023,4,Pedagogia (Licenciatura) | Darcy Ribeiro,Pedagogia (Licenciatura) | Diurno,Pedagogia (Licenciatura) | EP_R2_PPI,Pedagogia (Licenciatura) | Darcy Ribeiro | Diurno,Pedagogia (Licenciatura) | EP_R2_PPI | Darcy Ribeiro,Pedagogia (Licenciatura) | EP_R2_PPI | Diurno
2021-2023,2023,Darcy Ribeiro,Pedagogia (Licenciatura),Diurno,EP_R2_NPPI,EP_R2_NPPI,True,R2,NPPI,False,1.5,-8.669,16.663,2021-2023,2021,2023,4,Pedagogia (Licenciatura) | Darcy Ribeiro,Pedagogia (Licenciatura) | Diurno,Pedagogia (Licenciatura) | EP_R2_NPPI,Pedagogia (Licenciatura) | Darcy Ribeiro | Diurno,Pedagogia (Licenciatura) | EP_R2_NPPI | Darcy Ribeiro,Pedagogia (Licenciatura) | EP_R2_NPPI | Diurno
2021-2023,2023,Darcy Ribeiro,Pedagogia (Licenciatura),Diurno,CN,CN,False,,NEGROS,False,,0.572,9.731,2021-2023,2021,2023,4,Pedagogia (Licenciatura) | Darcy Ribeiro,Pedagogia (Licenciatura) | Diurno,Pedagogia (Licenciatura) | CN,Pedagogia (Licenciatura) | Darcy Ribeiro | Diurno,Pedagogia (Licenciatura) | CN | Darcy Ribeiro,Pedagogia (Licenciatura) | CN | Diurno
2021-2023,2023,Darcy Ribeiro,Pedagogia (Licenciatura),Diurno,AC,AC,False,,,False,,-10.802,60.661,2021-2023,2021,2023,4,Pedagogia (Licenciatura) | Darcy Ribeiro,Pedagogia (Licenciatura) | Diurno,Pedagogia (Licenciatura) | AC,Pedagogia (Licenciatura) | Darcy Ribeiro | Diurno,Pedagogia (Licenciatura) | AC | Darcy Ribeiro,Pedagogia (Licenciatura) | AC | Diurno
2021-2023,2023,Darcy Ribeiro,Pedagogia (Licenciatura),Noturno,EP_R1_PPI,EP_R1_PPI,True,R1,PPI,False,1.5,-96.102,-18.331,2021-2023,2021,2023,4,Pedagogia (Licenciatura) | Darcy Ribeiro,Pedagogia (Licenciatura) | Noturno,Pedagogia (Licenciatura) | EP_R1_PPI,Pedagogia (Licenciatura) | Darcy Ribeiro | Noturno,Pedagogia (Licenciatura) | EP_R1_PPI | Darcy Ribeiro,Pedagogia (Licenciatura) | EP_R1_PPI | Noturno
2021-2023,2023,Darcy Ribeiro,Pedagogia (Licenciatura),Noturno,EP_R1_NPPI,EP_R1_NPPI,True,R1,NPPI,False,1.5,-65.559,-52.908,2021-2023,2021,2023,4,Pedagogia (Licenciatura) | Darcy Ribeiro,Pedagogia (Licenciatura) | Noturno,Pedagogia (Licenciatura) | EP_R1_NPPI,Pedagogia (Licenciatura) | Darcy Ribeiro | Noturno,Pedagogia (Licenciatura) | EP_R1_NPPI | Darcy Ribeiro,Pedagogia (Licenciatura) | EP_R1_NPPI | Noturno
2021-2023,2023,Darcy Ribeiro,Pedagogia (Licenciatura),Noturno,EP_R2_PPI,EP_R2_PPI,True,R2,PPI,False,1.5,-16.966,-16.966,2021-2023,2021,2023,4,Pedagogia (Licenciatura) | Darcy Ribeiro,Pedagogia (Licenciatura) | Noturno,Pedagogia (Licenciatura) | EP_R2_PPI,Pedagogia (Licenciatura) | Darcy Ribeiro | Noturno,Pedagogia (Licenciatura) | EP_R2_PPI | Darcy Ribeiro,Pedagogia (Licenciatura) | EP_R2_PPI | Noturno
2021-2023,2023,Darcy Ribeiro,Pedagogia (Licenciatura),Noturno,EP_R2_NPPI,EP_R2_NPPI,True,R2,NPPI,False,1.5,-66.338,-38.725,2021-2023,2021,2023,4,Pedagogia (Licenciatura) | Darcy Ribeiro,Pedagogia (Licenciatura) | Noturno,Pedagogia (Licenciatura) | EP_R2_NPPI,Pedagogia (Licenciatura) | Darcy Ribeiro | Noturno,Pedagogia (Licenciatura) | EP_R2_NPPI | Darcy Ribeiro,Pedagogia (Licenciatura) | EP_R2_NPPI | Noturno
2021-2023,2023,Darcy Ribeiro,Pedagogia (Licenciatura),Noturno,CN,CN,False,,NEGROS,False,,-52.111,-52.111,2021-2023,2021,2023,4,Pedagogia (Licenciatura) | Darcy Ribeiro,Pedagogia (Licenciatura) | Noturno,Pedagogia (Licenciatura) | CN,Pedagogia (Licenciatura) | Darcy Ribeiro | Noturno,Pedagogia (Licenciatura) | CN | Darcy Ribeiro,Pedagogia (Licenciatura) | CN | Noturno
2021-2023,2023,Darcy Ribeiro,Pedagogia (Licenciatura),Noturno,AC,AC,False,,,False,,-59.858,5.534,2021-2023,2021,2023,4,Pedagogia (Licenciatura) | Darcy Ribeiro,Pedagogia (Licenciatura) | Noturno,Pedagogia (Licenciatura) | AC,Pedagogia (Licenciatura) | Darcy Ribeiro | Noturno,Pedagogia (Licenciatura) | AC | Darcy Ribeiro,Pedagogia (Licenciatura) | AC | Noturno
2021-2023,2023,Darcy Ribeiro,Psicologia (Bacharelado / Licenciatura / Psicólogo),Diurno,EP_R1_PPI,EP_R1_PPI,True,R1,PPI,False,1.5,7.379,43.658,2021-2023,2021,2023,4,Psicologia (Bacharelado / Licenciatura / Psicólogo) | Darcy Ribeiro,Psicologia (Bacharelado / Licenciatura / Psicólogo) | Diurno,Psicologia (Bacharelado / Licenciatura / Psicólogo) | EP_R1_PPI,Psicologia (Bacharelado / Licenciatura / Psicólogo) | Darcy Ribeiro | Diurno,Psicologia (Bacharelado / Licenciatura / Psicólogo) | EP_R1_PPI | Darcy Ribeiro,Psicologia (Bacharelado / Licenciatura / Psicólogo) | EP_R1_PPI | Diurno
2021-2023,2023,Darcy Ribeiro,Psicologia (Bacharelado / Licenciatura / Psicólogo),Diurno,EP_R1_NPPI,EP_R1_NPPI,True,R1,NPPI,False,1.5,26.153,40.23,2021-2023,2021,2023,4,Psicologia (Bacharelado / Licenciatura / Psicólogo) | Darcy Ribeiro,Psicologia (Bacharelado / Licenciatura / Psicólogo) | Diurno,Psicologia (Bacharelado / Licenciatura / Psicólogo) | EP_R1_NPPI,Psicologia (Bacharelado / Licenciatura / Psicólogo) | Darcy Ribeiro | Diurno,Psicologia (Bacharelado / Licenciatura / Psicólogo) | EP_R1_NPPI | Darcy Ribeiro,Psicologia (Bacharelado / Licenciatura / Psicólogo) | EP_R1_NPPI | Diurno
2021-2023,2023,Darcy Ribeiro,Psicologia (Bacharelado / Licenciatura / Psicólogo),Diurno,EP_R1_NPPI_PCD,EP_R1_NPPI_PCD,True,R1,NPPI,True,1.5,-11.536,-11.536,2021-2023,2021,2023,4,Psicologia (Bacharelado / Licenciatura / Psicólogo) | Darcy Ribeiro,Psicologia (Bacharelado / Licenciatura / Psicólogo) | Diurno,Psicologia (Bacharelado / Licenciatura / Psicólogo) | EP_R1_NPPI_PCD,Psicologia (Bacharelado / Licenciatura / Psicólogo) | Darcy Ribeiro | Diurno,Psicologia (Bacharelado / Licenciatura / Psicólogo) | EP_R1_NPPI_PCD | Darcy Ribeiro,Psicologia (Bacharelado / Licenciatura / Psicólogo) | EP_R1_NPPI_PCD | Diurno
2021-2023,2023,Darcy Ribeiro,Psicologia (Bacharelado / Licenciatura / Psicólogo),Diurno,EP_R2_PPI,EP_R2_PPI,True,R2,PPI,False,1.5,27.138,66.328,2021-2023,2021,2023,4,Psicologia (Bacharelado / Licenciatura / Psicólogo) | Darcy Ribeiro,Psicologia (Bacharelado / Licenciatura / Psicólogo) | Diurno,Psicologia (Bacharelado / Licenciatura / Psicólogo) | EP_R2_PPI,Psicologia (Bacharelado / Licenciatura / Psicólogo) | Darcy Ribeiro | Diurno,Psicologia (Bacharelado / Licenciatura / Psicólogo) | EP_R2_PPI | Darcy Ribeiro,Psicologia (Bacharelado / Licenciatura / Psicólogo) | EP_R2_PPI | Diurno
2021-2023,2023,Darcy Ribeiro,Psicologia (Bacharelado / Licenciatura / Psicólogo),Diurno,EP_R2_NPPI,EP_R2_NPPI,True,R2,NPPI,False,1.5,81.072,81.072,2021-2023,2021,2023,4,Psicologia (Bacharelado / Licenciatura / Psicólogo) | Darcy Ribeiro,Psicologia (Bacharelado / Licenciatura / Psicólogo) | Diurno,Psicologia (Bacharelado / Licenciatura / Psicólogo) | EP_R2_NPPI,Psicologia (Bacharelado / Licenciatura / Psicólogo) | Darcy Ribeiro | Diurno,Psicologia (Bacharelado / Licenciatura / Psicólogo) | EP_R2_NPPI | Darcy Ribeiro,Psicologia (Bacharelado / Licenciatura / Psicólogo) | EP_R2_NPPI | Diurno
2021-2023,2023,Darcy Ribeiro,Psicologia (Bacharelado / Licenciatura / Psicólogo),Diurno,EP_R2_NPPI_PCD,EP_R2_NPPI_PCD,True,R2,NPPI,True,1.5,2.412,2.412,2021-2023,2021,2023,4,Psicologia (Bacharelado / Licenciatura / Psicólogo) | Darcy Ribeiro,Psicologia (Bacharelado / Licenciatura / Psicólogo) | Diurno,Psicologia (Bacharelado / Licenciatura / Psicólogo) | EP_R2_NPPI_PCD,Psicologia (Bacharelado / Licenciatura / Psicólogo) | Darcy Ribeiro | Diurno,Psicologia (Bacharelado / Licenciatura / Psicólogo) | EP_R2_NPPI_PCD | Darcy Ribeiro,Psicologia (Bacharelado / Licenciatura / Psicólogo) | EP_R2_NPPI_PCD | Diurno
2021-2023,2023,Darcy Ribeiro,Psicologia (Bacharelado / Licenciatura / Psicólogo),Diurno,CN,CN,False,,NEGROS,False,,61.64,61.64,2021-2023,2021,2023,4,Psicologia (Bacharelado / Licenciatura / Psicólogo) | Darcy Ribeiro,Psicologia (Bacharelado / Licenciatura / Psicólogo) | Diurno,Psicologia (Bacharelado / Licenciatura / Psicólogo) | CN,Psicologia (Bacharelado / Licenciatura / Psicólogo) | Darcy Ribeiro | Diurno,Psicologia (Bacharelado / Licenciatura / Psicólogo) | CN | Darcy Ribeiro,Psicologia (Bacharelado / Licenciatura / Psicólogo) | CN | Diurno
2021-2023,2023,Darcy Ribeiro,Psicologia (Bacharelado / Licenciatura / Psicólogo),Diurno,AC,AC,False,,,False,,98.121,139.15,2021-2023,2021,2023,4,Psicologia (Bacharelado / Licenciatura / Psicólogo) | Darcy Ribeiro,Psicologia (Bacharelado / Licenciatura / Psicólogo) | Diurno,Psicologia (Bacharelado / Licenciatura / Psicólogo) | AC,Psicologia (Bacharelado / Licenciatura / Psicólogo) | Darcy Ribeiro | Diurno,Psicologia (Bacharelado / Licenciatura / Psicólogo) | AC | Darcy Ribeiro,Psicologia (Bacharelado / Licenciatura / Psicólogo) | AC | Diurno
2021-2023,2023,Darcy Ribeiro,Química (Bacharelado),Diurno,EP_R1_NPPI,EP_R1_NPPI,True,R1,NPPI,False,1.5,-57.812,20.502,2021-2023,2021,2023,4,Química (Bacharelado) | Darcy Ribeiro,Química (Bacharelado) | Diurno,Química (Bacharelado) | EP_R1_NPPI,Química (Bacharelado) | Darcy Ribeiro | Diurno,Química (Bacharelado) | EP_R1_NPPI | Darcy Ribeiro,Química (Bacharelado) | EP_R1_NPPI | Diurno
2021-2023,2023,Darcy Ribeiro,Química (Bacharelado),Diurno,EP_R2_NPPI,EP_R2_NPPI,True,R2,NPPI,False,1.5,-45.165,47.427,2021-2023,2021,2023,4,Química (Bacharelado) | Darcy Ribeiro,Química (Bacharelado) | Diurno,Química (Bacharelado) | EP_R2_NPPI,Química (Bacharelado) | Darcy Ribeiro | Diurno,Química (Bacharelado) | EP_R2_NPPI | Darcy Ribeiro,Química (Bacharelado) | EP_R2_NPPI | Diurno
2021-2023,2023,Darcy Ribeiro,Química (Bacharelado),Diurno,CN,CN,False,,NEGROS,False,,-1.973,-1.973,2021-2023,2021,2023,4,Química (Bacharelado) | Darcy Ribeiro,Química (Bacharelado) | Diurno,Química (Bacharelado) | CN,Química (Bacharelado) | Darcy Ribeiro | Diurno,Química (Bacharelado) | CN | Darcy Ribeiro,Química (Bacharelado) | CN | Diurno
2021-2023,2023,Darcy Ribeiro,Química (Bacharelado),Diurno,AC,AC,False,,,False,,34.268,108.78,2021-2023,2021,2023,4,Química (Bacharelado) | Darcy Ribeiro,Química (Bacharelado) | Diurno,Química (Bacharelado) | AC,Química (Bacharelado) | Darcy Ribeiro | Diurno,Química (Bacharelado) | AC | Darcy Ribeiro,Química (Bacharelado) | AC | Diurno
2021-2023,2023,Darcy Ribeiro,Química (Licenciatura),Noturno,EP_R1_NPPI,EP_R1_NPPI,True,R1,NPPI,False,1.5,-30.874,-30.874,2021-2023,2021,2023,4,Química (Licenciatura) | Darcy Ribeiro,Química (Licenciatura) | Noturno,Química (Licenciatura) | EP_R1_NPPI,Química (Licenciatura) | Darcy Ribeiro | Noturno,Química (Licenciatura) | EP_R1_NPPI | Darcy Ribeiro,Química (Licenciatura) | EP_R1_NPPI | Noturno
2021-2023,2023,Darcy Ribeiro,Química (Licenciatura),Noturno,EP_R2_NPPI,EP_R2_NPPI,True,R2,NPPI,False,1.5,-22.384,-22.241,2021-2023,2021,2023,4,Química (Licenciatura) | Darcy Ribeiro,Química (Licenciatura) | Noturno,Química (Licenciatura) | EP_R2_NPPI,Química (Licenciatura) | Darcy Ribeiro | Noturno,Química (Licenciatura) | EP_R2_NPPI | Darcy Ribeiro,Química (Licenciatura) | EP_R2_NPPI | Noturno
2021-2023,2023,Darcy Ribeiro,Química (Licenciatura),Noturno,AC,AC,False,,,False,,-21.346,1.634,2021-2023,2021,2023,4,Química (Licenciatura) | Darcy Ribeiro,Química (Licenciatura) | Noturno,Química (Licenciatura) | AC,Química (Licenciatura) | Darcy Ribeiro | Noturno,Química (Licenciatura) | AC | Darcy Ribeiro,Química (Licenciatura) | AC | Noturno
2021-2023,2023,Darcy Ribeiro,Química Tecnológica (Bacharelado),Diurno,EP_R2_NPPI,EP_R2_NPPI,True,R2,NPPI,False,1.5,-53.722,-27.07,2021-2023,2021,2023,4,Química Tecnológica (Bacharelado) | Darcy Ribeiro,Química Tecnológica (Bacharelado) | Diurno,Química Tecnológica (Bacharelado) | EP_R2_NPPI,Química Tecnológica (Bacharelado) | Darcy Ribeiro | Diurno,Química Tecnológica (Bacharelado) | EP_R2_NPPI | Darcy Ribeiro,Química Tecnológica (Bacharelado) | EP_R2_NPPI | Diurno
2021-2023,2023,Darcy Ribeiro,Química Tecnológica (Bacharelado),Diurno,AC,AC,False,,,False,,-67.895,53.064,2021-2023,2021,2023,4,Química Tecnológica (Bacharelado) | Darcy Ribeiro,Química Tecnológica (Bacharelado) | Diurno,Química Tecnológica (Bacharelado) | AC,Química Tecnológica (Bacharelado) | Darcy Ribeiro | Diurno,Química Tecnológica (Bacharelado) | AC | Darcy Ribeiro,Química Tecnológica (Bacharelado) | AC | Diurno
2021-2023,2023,Darcy Ribeiro,Relações Internacionais (Bacharelado),Diurno,EP_R1_PPI,EP_R1_PPI,True,R1,PPI,False,1.5,-25.567,81.011,2021-2023,2021,2023,4,Relações Internacionais (Bacharelado) | Darcy Ribeiro,Relações Internacionais (Bacharelado) | Diurno,Relações Internacionais (Bacharelado) | EP_R1_PPI,Relações Internacionais (Bacharelado) | Darcy Ribeiro | Diurno,Relações Internacionais (Bacharelado) | EP_R1_PPI | Darcy Ribeiro,Relações Internacionais (Bacharelado) | EP_R1_PPI | Diurno
2021-2023,2023,Darcy Ribeiro,Relações Internacionais (Bacharelado),Diurno,EP_R1_NPPI,EP_R1_NPPI,True,R1,NPPI,False,1.5,13.986,28.171,2021-2023,2021,2023,4,Relações Internacionais (Bacharelado) | Darcy Ribeiro,Relações Internacionais (Bacharelado) | Diurno,Relações Internacionais (Bacharelado) | EP_R1_NPPI,Relações Internacionais (Bacharelado) | Darcy Ribeiro | Diurno,Relações Internacionais (Bacharelado) | EP_R1_NPPI | Darcy Ribeiro,Relações Internacionais (Bacharelado) | EP_R1_NPPI | Diurno
2021-2023,2023,Darcy Ribeiro,Relações Internacionais (Bacharelado),Diurno,EP_R2_PPI,EP_R2_PPI,True,R2,PPI,False,1.5,-10.252,10.138,2021-2023,2021,2023,4,Relações Internacionais (Bacharelado) | Darcy Ribeiro,Relações Internacionais (Bacharelado) | Diurno,Relações Internacionais (Bacharelado) | EP_R2_PPI,Relações Internacionais (Bacharelado) | Darcy Ribeiro | Diurno,Relações Internacionais (Bacharelado) | EP_R2_PPI | Darcy Ribeiro,Relações Internacionais (Bacharelado) | EP_R2_PPI | Diurno
2021-2023,2023,Darcy Ribeiro,Relações Internacionais (Bacharelado),Diurno,EP_R2_NPPI,EP_R2_NPPI,True,R2,NPPI,False,1.5,68.634,73.11,2021-2023,2021,2023,4,Relações Internacionais (Bacharelado) | Darcy Ribeiro,Relações Internacionais (Bacharelado) | Diurno,Relações Internacionais (Bacharelado) | EP_R2_NPPI,Relações Internacionais (Bacharelado) | Darcy Ribeiro | Diurno,Relações Internacionais (Bacharelado) | EP_R2_NPPI | Darcy Ribeiro,Relações Internacionais (Bacharelado) | EP_R2_NPPI | Diurno
2021-2023,2023,Darcy Ribeiro,Relações Internacionais (Bacharelado),Diurno,CN,CN,False,,NEGROS,False,,94.164,94.164,2021-2023,2021,2023,4,Relações Internacionais (Bacharelado) | Darcy Ribeiro,Relações Internacionais (Bacharelado) | Diurno,Relações Internacionais (Bacharelado) | CN,Relações Internacionais (Bacharelado) | Darcy Ribeiro | Diurno,Relações Internacionais (Bacharelado) | CN | Darcy Ribeiro,Relações Internacionais (Bacharelado) | CN | Diurno
2021-2023,2023,Darcy Ribeiro,Relações Internacionais (Bacharelado),Diurno,AC,AC,False,,,False,,92.834,138.473,2021-2023,2021,2023,4,Relações Internacionais (Bacharelado) | Darcy Ribeiro,Relações Internacionais (Bacharelado) | Diurno,Relações Internacionais (Bacharelado) | AC,Relações Internacionais (Bacharelado) | Darcy Ribeiro | Diurno,Relações Internacionais (Bacharelado) | AC | Darcy Ribeiro,Relações Internacionais (Bacharelado) | AC | Diurno
2021-2023,2023,Darcy Ribeiro,Saúde Coletiva (Bacharelado),Noturno,EP_R1_PPI,EP_R1_PPI,True,R1,PPI,False,1.5,-78.911,-78.911,2021-2023,2021,2023,4,Saúde Coletiva (Bacharelado) | Darcy Ribeiro,Saúde Coletiva (Bacharelado) | Noturno,Saúde Coletiva (Bacharelado) | EP_R1_PPI,Saúde Coletiva (Bacharelado) | Darcy Ribeiro | Noturno,Saúde Coletiva (Bacharelado) | EP_R1_PPI | Darcy Ribeiro,Saúde Coletiva (Bacharelado) | EP_R1_PPI | Noturno
2021-2023,2023,Darcy Ribeiro,Saúde Coletiva (Bacharelado),Noturno,EP_R1_NPPI,EP_R1_NPPI,True,R1,NPPI,False,1.5,-5.497,-5.497,2021-2023,2021,2023,4,Saúde Coletiva (Bacharelado) | Darcy Ribeiro,Saúde Coletiva (Bacharelado) | Noturno,Saúde Coletiva (Bacharelado) | EP_R1_NPPI,Saúde Coletiva (Bacharelado) | Darcy Ribeiro | Noturno,Saúde Coletiva (Bacharelado) | EP_R1_NPPI | Darcy Ribeiro,Saúde Coletiva (Bacharelado) | EP_R1_NPPI | Noturno
2021-2023,2023,Darcy Ribeiro,Saúde Coletiva (Bacharelado),Noturno,EP_R2_NPPI,EP_R2_NPPI,True,R2,NPPI,False,1.5,-85.042,-50.55,2021-2023,2021,2023,4,Saúde Coletiva (Bacharelado) | Darcy Ribeiro,Saúde Coletiva (Bacharelado) | Noturno,Saúde Coletiva (Bacharelado) | EP_R2_NPPI,Saúde Coletiva (Bacharelado) | Darcy Ribeiro | Noturno,Saúde Coletiva (Bacharelado) | EP_R2_NPPI | Darcy Ribeiro,Saúde Coletiva (Bacharelado) | EP_R2_NPPI | Noturno
2021-2023,2023,Darcy Ribeiro,Saúde Coletiva (Bacharelado),Noturno,CN,CN,False,,NEGROS,False,,-37.506,-37.506,2021-2023,2021,2023,4,Saúde Coletiva (Bacharelado) | Darcy Ribeiro,Saúde Coletiva (Bacharelado) | Noturno,Saúde Coletiva (Bacharelado) | CN,Saúde Coletiva (Bacharelado) | Darcy Ribeiro | Noturno,Saúde Coletiva (Bacharelado) | CN | Darcy Ribeiro,Saúde Coletiva (Bacharelado) | CN | Noturno
2021-2023,2023,Darcy Ribeiro,Saúde Coletiva (Bacharelado),Noturno,AC,AC,False,,,False,,-90.691,-12.104,2021-2023,2021,2023,4,Saúde Coletiva (Bacharelado) | Darcy Ribeiro,Saúde Coletiva (Bacharelado) | Noturno,Saúde Coletiva (Bacharelado) | AC,Saúde Coletiva (Bacharelado) | Darcy Ribeiro | Noturno,Saúde Coletiva (Bacharelado) | AC | Darcy Ribeiro,Saúde Coletiva (Bacharelado) | AC | Noturno
2021-2023,2023,Darcy Ribeiro,Serviço Social (Bacharelado),Diurno,EP_R1_PPI,EP_R1_PPI,True,R1,PPI,False,1.5,-21.301,-21.301,2021-2023,2021,2023,4,Serviço Social (Bacharelado) | Darcy Ribeiro,Serviço Social (Bacharelado) | Diurno,Serviço Social (Bacharelado) | EP_R1_PPI,Serviço Social (Bacharelado) | Darcy Ribeiro | Diurno,Serviço Social (Bacharelado) | EP_R1_PPI | Darcy Ribeiro,Serviço Social (Bacharelado) | EP_R1_PPI | Diurno
2021-2023,2023,Darcy Ribeiro,Serviço Social (Bacharelado),Diurno,EP_R1_NPPI,EP_R1_NPPI,True,R1,NPPI,False,1.5,-19.616,-18.297,2021-2023,2021,2023,4,Serviço Social (Bacharelado) | Darcy Ribeiro,Serviço Social (Bacharelado) | Diurno,Serviço Social (Bacharelado) | EP_R1_NPPI,Serviço Social (Bacharelado) | Darcy Ribeiro | Diurno,Serviço Social (Bacharelado) | EP_R1_NPPI | Darcy Ribeiro,Serviço Social (Bacharelado) | EP_R1_NPPI | Diurno
2021-2023,2023,Darcy Ribeiro,Serviço Social (Bacharelado),Diurno,EP_R2_NPPI,EP_R2_NPPI,True,R2,NPPI,False,1.5,-61.49,-36.38,2021-2023,2021,2023,4,Serviço Social (Bacharelado) | Darcy Ribeiro,Serviço Social (Bacharelado) | Diurno,Serviço Social (Bacharelado) | EP_R2_NPPI,Serviço Social (Bacharelado) | Darcy Ribeiro | Diurno,Serviço Social (Bacharelado) | EP_R2_NPPI | Darcy Ribeiro,Serviço Social (Bacharelado) | EP_R2_NPPI | Diurno
2021-2023,2023,Darcy Ribeiro,Serviço Social (Bacharelado),Diurno,CN,CN,False,,NEGROS,False,,-22.493,-22.493,2021-2023,2021,2023,4,Serviço Social (Bacharelado) | Darcy Ribeiro,Serviço Social (Bacharelado) | Diurno,Serviço Social (Bacharelado) | CN,Serviço Social (Bacharelado) | Darcy Ribeiro | Diurno,Serviço Social (Bacharelado) | CN | Darcy Ribeiro,Serviço Social (Bacharelado) | CN | Diurno
2021-2023,2023,Darcy Ribeiro,Serviço Social (Bacharelado),Diurno,AC,AC,False,,,False,,-26.943,26.034,2021-2023,2021,2023,4,Serviço Social (Bacharelado) | Darcy Ribeiro,Serviço Social (Bacharelado) | Diurno,Serviço Social (Bacharelado) | AC,Serviço Social (Bacharelado) | Darcy Ribeiro | Diurno,Serviço Social (Bacharelado) | AC | Darcy Ribeiro,Serviço Social (Bacharelado) | AC | Diurno
2021-2023,2023,Darcy Ribeiro,Serviço Social (Bacharelado),Noturno,EP_R1_PPI,EP_R1_PPI,True,R1,PPI,False,1.5,-46.647,-46.647,2021-2023,2021,2023,4,Serviço Social (Bacharelado) | Darcy Ribeiro,Serviço Social (Bacharelado) | Noturno,Serviço Social (Bacharelado) | EP_R1_PPI,Serviço Social (Bacharelado) | Darcy Ribeiro | Noturno,Serviço Social (Bacharelado) | EP_R1_PPI | Darcy Ribeiro,Serviço Social (Bacharelado) | EP_R1_PPI | Noturno
2021-2023,2023,Darcy Ribeiro,Serviço Social (Bacharelado),Noturno,EP_R1_NPPI,EP_R1_NPPI,True,R1,NPPI,False,1.5,-31.822,-31.822,2021-2023,2021,2023,4,Serviço Social (Bacharelado) | Darcy Ribeiro,Serviço Social (Bacharelado) | Noturno,Serviço Social (Bacharelado) | EP_R1_NPPI,Serviço Social (Bacharelado) | Darcy Ribeiro | Noturno,Serviço Social (Bacharelado) | EP_R1_NPPI | Darcy Ribeiro,Serviço Social (Bacharelado) | EP_R1_NPPI | Noturno
2021-2023,2023,Darcy Ribeiro,Serviço Social (Bacharelado),Noturno,EP_R2_PPI,EP_R2_PPI,True,R2,PPI,False,1.5,-45.238,-45.238,2021-2023,2021,2023,4,Serviço Social (Bacharelado) | Darcy Ribeiro,Serviço Social (Bacharelado) | Noturno,Serviço Social (Bacharelado) | EP_R2_PPI,Serviço Social (Bacharelado) | Darcy Ribeiro | Noturno,Serviço Social (Bacharelado) | EP_R2_PPI | Darcy Ribeiro,Serviço Social (Bacharelado) | EP_R2_PPI | Noturno
2021-2023,2023,Darcy Ribeiro,Serviço Social (Bacharelado),Noturno,CN,CN,False,,NEGROS,False,,-9.961,-9.961,2021-2023,2021,2023,4,Serviço Social (Bacharelado) | Darcy Ribeiro,Serviço Social (Bacharelado) | Noturno,Serviço Social (Bacharelado) | CN,Serviço Social (Bacharelado) | Darcy Ribeiro | Noturno,Serviço Social (Bacharelado) | CN | Darcy Ribeiro,Serviço Social (Bacharelado) | CN | Noturno
2021-2023,2023,Darcy Ribeiro,Serviço Social (Bacharelado),Noturno,AC,AC,False,,,False,,-69.15,1.997,2021-2023,2021,2023,4,Serviço Social (Bacharelado) | Darcy Ribeiro,Serviço Social (Bacharelado) | Noturno,Serviço Social (Bacharelado) | AC,Serviço Social (Bacharelado) | Darcy Ribeiro | Noturno,Serviço Social (Bacharelado) | AC | Darcy Ribeiro,Serviço Social (Bacharelado) | AC | Noturno
2021-2023,2023,Darcy Ribeiro,"Teoria, Crítica e História da Arte (Bacharelado)",Noturno,CN,CN,False,,NEGROS,False,,4.736,4.736,2021-2023,2021,2023,4,"Teoria, Crítica e História da Arte (Bacharelado) | Darcy Ribeiro","Teoria, Crítica e História da Arte (Bacharelado) | Noturno","Teoria, Crítica e História da Arte (Bacharelado) | CN","Teoria, Crítica e História da Arte (Bacharelado) | Darcy Ribeiro | Noturno","Teoria, Crítica e História da Arte (Bacharelado) | CN | Darcy Ribeiro","Teoria, Crítica e História da Arte (Bacharelado) | CN | Noturno"
2021-2023,2023,Darcy Ribeiro,"Teoria, Crítica e História da Arte (Bacharelado)",Noturno,AC,AC,False,,,False,,-56.171,25.563,2021-2023,2021,2023,4,"Teoria, Crítica e História da Arte (Bacharelado) | Darcy Ribeiro","Teoria, Crítica e História da Arte (Bacharelado) | Noturno","Teoria, Crítica e História da Arte (Bacharelado) | AC","Teoria, Crítica e História da Arte (Bacharelado) | Darcy Ribeiro | Noturno","Teoria, Crítica e História da Arte (Bacharelado) | AC | Darcy Ribeiro","Teoria, Crítica e História da Arte (Bacharelado) | AC | Noturno"
2021-2023,2023,Darcy Ribeiro,Turismo (Bacharelado),Diurno,EP_R1_NPPI,EP_R1_NPPI,True,R1,NPPI,False,1.5,-13.362,-7.216,2021-2023,2021,2023,4,Turismo (Bacharelado) | Darcy Ribeiro,Turismo (Bacharelado) | Diurno,Turismo (Bacharelado) | EP_R1_NPPI,Turismo (Bacharelado) | Darcy Ribeiro | Diurno,Turismo (Bacharelado) | EP_R1_NPPI | Darcy Ribeiro,Turismo (Bacharelado) | EP_R1_NPPI | Diurno
2021-2023,2023,Darcy Ribeiro,Turismo (Bacharelado),Diurno,EP_R2_NPPI,EP_R2_NPPI,True,R2,NPPI,False,1.5,-70.349,-23.007,2021-2023,2021,2023,4,Turismo (Bacharelado) | Darcy Ribeiro,Turismo (Bacharelado) | Diurno,Turismo (Bacharelado) | EP_R2_NPPI,Turismo (Bacharelado) | Darcy Ribeiro | Diurno,Turismo (Bacharelado) | EP_R2_NPPI | Darcy Ribeiro,Turismo (Bacharelado) | EP_R2_NPPI | Diurno
2021-2023,2023,Darcy Ribeiro,Turismo (Bacharelado),Diurno,CN,CN,False,,NEGROS,False,,-47.957,-47.957,2021-2023,2021,2023,4,Turismo (Bacharelado) | Darcy Ribeiro,Turismo (Bacharelado) | Diurno,Turismo (Bacharelado) | CN,Turismo (Bacharelado) | Darcy Ribeiro | Diurno,Turismo (Bacharelado) | CN | Darcy Ribeiro,Turismo (Bacharelado) | CN | Diurno
2021-2023,2023,Darcy Ribeiro,Turismo (Bacharelado),Diurno,AC,AC,False,,,False,,-95.121,-32.42,2021-2023,2021,2023,4,Turismo (Bacharelado) | Darcy Ribeiro,Turismo (Bacharelado) | Diurno,Turismo (Bacharelado) | AC,Turismo (Bacharelado) | Darcy Ribeiro | Diurno,Turismo (Bacharelado) | AC | Darcy Ribeiro,Turismo (Bacharelado) | AC | Diurno
2021-2023,2023,Gama,Engenharias (FGA),Diurno,EP_R1_PPI,EP_R1_PPI,True,R1,PPI,False,1.5,-48.142,32.607,2021-2023,2021,2023,4,Engenharias (FGA) | Gama,Engenharias (FGA) | Diurno,Engenharias (FGA) | EP_R1_PPI,Engenharias (FGA) | Gama | Diurno,Engenharias (FGA) | EP_R1_PPI | Gama,Engenharias (FGA) | EP_R1_PPI | Diurno
2021-2023,2023,Gama,Engenharias (FGA),Diurno,EP_R1_NPPI,EP_R1_NPPI,True,R1,NPPI,False,1.5,-36.993,53.835,2021-2023,2021,2023,4,Engenharias (FGA) | Gama,Engenharias (FGA) | Diurno,Engenharias (FGA) | EP_R1_NPPI,Engenharias (FGA) | Gama | Diurno,Engenharias (FGA) | EP_R1_NPPI | Gama,Engenharias (FGA) | EP_R1_NPPI | Diurno
2021-2023,2023,Gama,Engenharias (FGA),Diurno,EP_R2_PPI,EP_R2_PPI,True,R2,PPI,False,1.5,-44.055,107.386,2021-2023,2021,2023,4,Engenharias (FGA) | Gama,Engenharias (FGA) | Diurno,Engenharias (FGA) | EP_R2_PPI,Engenharias (FGA) | Gama | Diurno,Engenharias (FGA) | EP_R2_PPI | Gama,Engenharias (FGA) | EP_R2_PPI | Diurno
2021-2023,2023,Gama,Engenharias (FGA),Diurno,EP_R2_NPPI,EP_R2_NPPI,True,R2,NPPI,False,1.5,13.073,93.718,2021-2023,2021,2023,4,Engenharias (FGA) | Gama,Engenharias (FGA) | Diurno,Engenharias (FGA) | EP_R2_NPPI,Engenharias (FGA) | Gama | Diurno,Engenharias (FGA) | EP_R2_NPPI | Gama,Engenharias (FGA) | EP_R2_NPPI | Diurno
2021-2023,2023,Gama,Engenharias (FGA),Diurno,CN,CN,False,,NEGROS,False,,33.37,77.805,2021-2023,2021,2023,4,Engenharias (FGA) | Gama,Engenharias (FGA) | Diurno,Engenharias (FGA) | CN,Engenharias (FGA) | Gama | Diurno,Engenharias (FGA) | CN | Gama,Engenharias (FGA) | CN | Diurno
2021-2023,2023,Gama,Engenharias (FGA),Diurno,AC,AC,False,,,False,,70.386,144.063,2021-2023,2021,2023,4,Engenharias (FGA) | Gama,Engenharias (FGA) | Diurno,Engenharias (FGA) | AC,Engenharias (FGA) | Gama | Diurno,Engenharias (FGA) | AC | Gama,Engenharias (FGA) | AC | Diurno
2021-2023,2023,Planaltina,Ciências Naturais (Licenciatura),Diurno,EP_R1_PPI,EP_R1_PPI,True,R1,PPI,False,1.5,-49.692,-49.692,2021-2023,2021,2023,4,Ciências Naturais (Licenciatura) | Planaltina,Ciências Naturais (Licenciatura) | Diurno,Ciências Naturais (Licenciatura) | EP_R1_PPI,Ciências Naturais (Licenciatura) | Planaltina | Diurno,Ciências Naturais (Licenciatura) | EP_R1_PPI | Planaltina,Ciências Naturais (Licenciatura) | EP_R1_PPI | Diurno
2021-2023,2023,Planaltina,Ciências Naturais (Licenciatura),Diurno,AC,AC,False,,,False,,-85.11,9.258,2021-2023,2021,2023,4,Ciências Naturais (Licenciatura) | Planaltina,Ciências Naturais (Licenciatura) | Diurno,Ciências Naturais (Licenciatura) | AC,Ciências Naturais (Licenciatura) | Planaltina | Diurno,Ciências Naturais (Licenciatura) | AC | Planaltina,Ciências Naturais (Licenciatura) | AC | Diurno
2021-2023,2023,Planaltina,Ciências Naturais (Licenciatura),Noturno,AC,AC,False,,,False,,-52.216,9.125,2021-2023,2021,2023,4,Ciências Naturais (Licenciatura) | Planaltina,Ciências Naturais (Licenciatura) | Noturno,Ciências Naturais (Licenciatura) | AC,Ciências Naturais (Licenciatura) | Planaltina | Noturno,Ciências Naturais (Licenciatura) | AC | Planaltina,Ciências Naturais (Licenciatura) | AC | Noturno
2021-2023,2023,Planaltina,Gestão do Agronegócio (Bacharelado),Diurno,EP_R2_NPPI,EP_R2_NPPI,True,R2,NPPI,False,1.5,-54.109,-22.499,2021-2023,2021,2023,4,Gestão do Agronegócio (Bacharelado) | Planaltina,Gestão do Agronegócio (Bacharelado) | Diurno,Gestão do Agronegócio (Bacharelado) | EP_R2_NPPI,Gestão do Agronegócio (Bacharelado) | Planaltina | Diurno,Gestão do Agronegócio (Bacharelado) | EP_R2_NPPI | Planaltina,Gestão do Agronegócio (Bacharelado) | EP_R2_NPPI | Diurno
2021-2023,2023,Planaltina,Gestão do Agronegócio (Bacharelado),Diurno,AC,AC,False,,,False,,-56.321,-36.7,2021-2023,2021,2023,4,Gestão do Agronegócio (Bacharelado) | Planaltina,Gestão do Agronegócio (Bacharelado) | Diurno,Gestão do Agronegócio (Bacharelado) | AC,Gestão do Agronegócio (Bacharelado) | Planaltina | Diurno,Gestão do Agronegócio (Bacharelado) | AC | Planaltina,Gestão do Agronegócio (Bacharelado) | AC | Diurno
2022-2024,2024,Ceilândia,Enfermagem (Bacharelado),Diurno,EP_R1_NPPI,EP_R1_NPPI,True,R1,NPPI,False,1.5,-49.851,-32.128,2022-2024,2022,2024,5,Enfermagem (Bacharelado) | Ceilândia,Enfermagem (Bacharelado) | Diurno,Enfermagem (Bacharelado) | EP_R1_NPPI,Enfermagem (Bacharelado) | Ceilândia | Diurno,Enfermagem (Bacharelado) | EP_R1_NPPI | Ceilândia,Enfermagem (Bacharelado) | EP_R1_NPPI | Diurno
2022-2024,2024,Ceilândia,Enfermagem (Bacharelado),Diurno,EP_R2_PPI,EP_R2_PPI,True,R2,PPI,False,1.5,-77.474,-39.613,2022-2024,2022,2024,5,Enfermagem (Bacharelado) | Ceilândia,Enfermagem (Bacharelado) | Diurno,Enfermagem (Bacharelado) | EP_R2_PPI,Enfermagem (Bacharelado) | Ceilândia | Diurno,Enfermagem (Bacharelado) | EP_R2_PPI | Ceilândia,Enfermagem (Bacharelado) | EP_R2_PPI | Diurno
2022-2024,2024,Ceilândia,Enfermagem (Bacharelado),Diurno,EP_R2_NPPI,EP_R2_NPPI,True,R2,NPPI,False,1.5,-16.271,-1.68,2022-2024,2022,2024,5,Enfermagem (Bacharelado) | Ceilândia,Enfermagem (Bacharelado) | Diurno,Enfermagem (Bacharelado) | EP_R2_NPPI,Enfermagem (Bacharelado) | Ceilândia | Diurno,Enfermagem (Bacharelado) | EP_R2_NPPI | Ceilândia,Enfermagem (Bacharelado) | EP_R2_NPPI | Diurno
2022-2024,2024,Ceilândia,Enfermagem (Bacharelado),Diurno,CN,CN,False,,NEGROS,False,,-45.031,-45.031,2022-2024,2022,2024,5,Enfermagem (Bacharelado) | Ceilândia,Enfermagem (Bacharelado) | Diurno,Enfermagem (Bacharelado) | CN,Enfermagem (Bacharelado) | Ceilândia | Diurno,Enfermagem (Bacharelado) | CN | Ceilândia,Enfermagem (Bacharelado) | CN | Diurno
2022-2024,2024,Ceilândia,Enfermagem (Bacharelado),Diurno,AC,AC,False,,,False,,2.383,9.145,2022-2024,2022,2024,5,Enfermagem (Bacharelado) | Ceilândia,Enfermagem (Bacharelado) | Diurno,Enfermagem (Bacharelado) | AC,Enfermagem (Bacharelado) | Ceilândia | Diurno,Enfermagem (Bacharelado) | AC | Ceilândia,Enfermagem (Bacharelado) | AC | Diurno
2022-2024,2024,Ceilândia,Farmácia (Bacharelado),Diurno,EP_R1_NPPI,EP_R1_NPPI,True,R1,NPPI,False,1.5,-52.228,-42.092,2022-2024,2022,2024,5,Farmácia (Bacharelado) | Ceilândia,Farmácia (Bacharelado) | Diurno,Farmácia (Bacharelado) | EP_R1_NPPI,Farmácia (Bacharelado) | Ceilândia | Diurno,Farmácia (Bacharelado) | EP_R1_NPPI | Ceilândia,Farmácia (Bacharelado) | EP_R1_NPPI | Diurno
2022-2024,2024,Ceilândia,Farmácia (Bacharelado),Diurno,EP_R2_NPPI,EP_R2_NPPI,True,R2,NPPI,False,1.5,-86.268,-18.416,2022-2024,2022,2024,5,Farmácia (Bacharelado) | Ceilândia,Farmácia (Bacharelado) | Diurno,Farmácia (Bacharelado) | EP_R2_NPPI,Farmácia (Bacharelado) | Ceilândia | Diurno,Farmácia (Bacharelado) | EP_R2_NPPI | Ceilândia,Farmácia (Bacharelado) | EP_R2_NPPI | Diurno
2022-2024,2024,Ceilândia,Farmácia (Bacharelado),Diurno,CN,CN,False,,NEGROS,False,,-53.795,-53.795,2022-2024,2022,2024,5,Farmácia (Bacharelado) | Ceilândia,Farmácia (Bacharelado) | Diurno,Farmácia (Bacharelado) | CN,Farmácia (Bacharelado) | Ceilândia | Diurno,Farmácia (Bacharelado) | CN | Ceilândia,Farmácia (Bacharelado) | CN | Diurno
2022-2024,2024,Ceilândia,Farmácia (Bacharelado),Diurno,AC,AC,False,,,False,,0.278,14.814,2022-2024,2022,2024,5,Farmácia (Bacharelado) | Ceilândia,Farmácia (Bacharelado) | Diurno,Farmácia (Bacharelado) | AC,Farmácia (Bacharelado) | Ceilândia | Diurno,Farmácia (Bacharelado) | AC | Ceilândia,Farmácia (Bacharelado) | AC | Diurno
2022-2024,2024,Ceilândia,Fisioterapia (Bacharelado),Diurno,EP_R1_NPPI,EP_R1_NPPI,True,R1,NPPI,False,1.5,-65.973,-65.973,2022-2024,2022,2024,5,Fisioterapia (Bacharelado) | Ceilândia,Fisioterapia (Bacharelado) | Diurno,Fisioterapia (Bacharelado) | EP_R1_NPPI,Fisioterapia (Bacharelado) | Ceilândia | Diurno,Fisioterapia (Bacharelado) | EP_R1_NPPI | Ceilândia,Fisioterapia (Bacharelado) | EP_R1_NPPI | Diurno
2022-2024,2024,Ceilândia,Fisioterapia (Bacharelado),Diurno,EP_R2_PPI,EP_R2_PPI,True,R2,PPI,False,1.5,-79.757,-46.126,2022-2024,2022,2024,5,Fisioterapia (Bacharelado) | Ceilândia,Fisioterapia (Bacharelado) | Diurno,Fisioterapia (Bacharelado) | EP_R2_PPI,Fisioterapia (Bacharelado) | Ceilândia | Diurno,Fisioterapia (Bacharelado) | EP_R2_PPI | Ceilândia,Fisioterapia (Bacharelado) | EP_R2_PPI | Diurno
2022-2024,2024,Ceilândia,Fisioterapia (Bacharelado),Diurno,EP_R2_NPPI,EP_R2_NPPI,True,R2,NPPI,False,1.5,-19.889,-0.296,2022-2024,2022,2024,5,Fisioterapia (Bacharelado) | Ceilândia,Fisioterapia (Bacharelado) | Diurno,Fisioterapia (Bacharelado) | EP_R2_NPPI,Fisioterapia (Bacharelado) | Ceilândia | Diurno,Fisioterapia (Bacharelado) | EP_R2_NPPI | Ceilândia,Fisioterapia (Bacharelado) | EP_R2_NPPI | Diurno
2022-2024,2024,Ceilândia,Fisioterapia (Bacharelado),Diurno,CN,CN,False,,NEGROS,False,,-4.572,-4.572,2022-2024,2022,2024,5,Fisioterapia (Bacharelado) | Ceilândia,Fisioterapia (Bacharelado) | Diurno,Fisioterapia (Bacharelado) | CN,Fisioterapia (Bacharelado) | Ceilândia | Diurno,Fisioterapia (Bacharelado) | CN | Ceilândia,Fisioterapia (Bacharelado) | CN | Diurno
2022-2024,2024,Ceilândia,Fisioterapia (Bacharelado),Diurno,AC,AC,False,,,False,,3.438,16.934,2022-2024,2022,2024,5,Fisioterapia (Bacharelado) | Ceilândia,Fisioterapia (Bacharelado) | Diurno,Fisioterapia (Bacharelado) | AC,Fisioterapia (Bacharelado) | Ceilândia | Diurno,Fisioterapia (Bacharelado) | AC | Ceilândia,Fisioterapia (Bacharelado) | AC | Diurno
2022-2024,2024,Ceilândia,Fonoaudiologia (Bacharelado),Diurno,EP_R2_NPPI,EP_R2_NPPI,True,R2,NPPI,False,1.5,-66.134,-37.894,2022-2024,2022,2024,5,Fonoaudiologia (Bacharelado) | Ceilândia,Fonoaudiologia (Bacharelado) | Diurno,Fonoaudiologia (Bacharelado) | EP_R2_NPPI,Fonoaudiologia (Bacharelado) | Ceilândia | Diurno,Fonoaudiologia (Bacharelado) | EP_R2_NPPI | Ceilândia,Fonoaudiologia (Bacharelado) | EP_R2_NPPI | Diurno
2022-2024,2024,Ceilândia,Fonoaudiologia (Bacharelado),Diurno,AC,AC,False,,,False,,-19.871,0.53,2022-2024,2022,2024,5,Fonoaudiologia (Bacharelado) | Ceilândia,Fonoaudiologia (Bacharelado) | Diurno,Fonoaudiologia (Bacharelado) | AC,Fonoaudiologia (Bacharelado) | Ceilândia | Diurno,Fonoaudiologia (Bacharelado) | AC | Ceilândia,Fonoaudiologia (Bacharelado) | AC | Diurno
2022-2024,2024,Ceilândia,Terapia Ocupacional (Bacharelado),Diurno,EP_R2_NPPI,EP_R2_NPPI,True,R2,NPPI,False,1.5,-98.316,-37.282,2022-2024,2022,2024,5,Terapia Ocupacional (Bacharelado) | Ceilândia,Terapia Ocupacional (Bacharelado) | Diurno,Terapia Ocupacional (Bacharelado) | EP_R2_NPPI,Terapia Ocupacional (Bacharelado) | Ceilândia | Diurno,Terapia Ocupacional (Bacharelado) | EP_R2_NPPI | Ceilândia,Terapia Ocupacional (Bacharelado) | EP_R2_NPPI | Diurno
2022-2024,2024,Ceilândia,Terapia Ocupacional (Bacharelado),Diurno,AC,AC,False,,,False,,-40.381,-12.674,2022-2024,2022,2024,5,Terapia Ocupacional (Bacharelado) | Ceilândia,Terapia Ocupacional (Bacharelado) | Diurno,Terapia Ocupacional (Bacharelado) | AC,Terapia Ocupacional (Bacharelado) | Ceilândia | Diurno,Terapia Ocupacional (Bacharelado) | AC | Ceilândia,Terapia Ocupacional (Bacharelado) | AC | Diurno
2022-2024,2024,Darcy Ribeiro,Administração (Bacharelado),Diurno,EP_R2_NPPI,EP_R2_NPPI,True,R2,NPPI,False,1.5,-77.484,-34.03,2022-2024,2022,2024,5,Administração (Bacharelado) | Darcy Ribeiro,Administração (Bacharelado) | Diurno,Administração (Bacharelado) | EP_R2_NPPI,Administração (Bacharelado) | Darcy Ribeiro | Diurno,Administração (Bacharelado) | EP_R2_NPPI | Darcy Ribeiro,Administração (Bacharelado) | EP_R2_NPPI | Diurno
2022-2024,2024,Darcy Ribeiro,Administração (Bacharelado),Diurno,CN,CN,False,,NEGROS,False,,-54.707,-48.66,2022-2024,2022,2024,5,Administração (Bacharelado) | Darcy Ribeiro,Administração (Bacharelado) | Diurno,Administração (Bacharelado) | CN,Administração (Bacharelado) | Darcy Ribeiro | Diurno,Administração (Bacharelado) | CN | Darcy Ribeiro,Administração (Bacharelado) | CN | Diurno
2022-2024,2024,Darcy Ribeiro,Administração (Bacharelado),Diurno,AC,AC,False,,,False,,0.137,12.807,2022-2024,2022,2024,5,Administração (Bacharelado) | Darcy Ribeiro,Administração (Bacharelado) | Diurno,Administração (Bacharelado) | AC,Administração (Bacharelado) | Darcy Ribeiro | Diurno,Administração (Bacharelado) | AC | Darcy Ribeiro,Administração (Bacharelado) | AC | Diurno
2022-2024,2024,Darcy Ribeiro,Administração (Bacharelado),Noturno,AC,AC,False,,,False,,-86.767,-40.646,2022-2024,2022,2024,5,Administração (Bacharelado) | Darcy Ribeiro,Administração (Bacharelado) | Noturno,Administração (Bacharelado) | AC,Administração (Bacharelado) | Darcy Ribeiro | Noturno,Administração (Bacharelado) | AC | Darcy Ribeiro,Administração (Bacharelado) | AC | Noturno
2022-2024,2024,Darcy Ribeiro,Agronomia (Bacharelado),Diurno,AC,AC,False,,,False,,-95.148,-49.448,2022-2024,2022,2024,5,Agronomia (Bacharelado) | Darcy Ribeiro,Agronomia (Bacharelado) | Diurno,Agronomia (Bacharelado) | AC,Agronomia (Bacharelado) | Darcy Ribeiro | Diurno,Agronomia (Bacharelado) | AC | Darcy Ribeiro,Agronomia (Bacharelado) | AC | Diurno
2022-2024,2024,Darcy Ribeiro,Arquitetura e Urbanismo (Bacharelado),Diurno,EP_R2_NPPI,EP_R2_NPPI,True,R2,NPPI,False,1.5,-33.969,4.708,2022-2024,2022,2024,5,Arquitetura e Urbanismo (Bacharelado) | Darcy Ribeiro,Arquitetura e Urbanismo (Bacharelado) | Diurno,Arquitetura e Urbanismo (Bacharelado) | EP_R2_NPPI,Arquitetura e Urbanismo (Bacharelado) | Darcy Ribeiro | Diurno,Arquitetura e Urbanismo (Bacharelado) | EP_R2_NPPI | Darcy Ribeiro,Arquitetura e Urbanismo (Bacharelado) | EP_R2_NPPI | Diurno
2022-2024,2024,Darcy Ribeiro,Arquitetura e Urbanismo (Bacharelado),Diurno,CN,CN,False,,NEGROS,False,,47.865,47.865,2022-2024,2022,2024,5,Arquitetura e Urbanismo (Bacharelado) | Darcy Ribeiro,Arquitetura e Urbanismo (Bacharelado) | Diurno,Arquitetura e Urbanismo (Bacharelado) | CN,Arquitetura e Urbanismo (Bacharelado) | Darcy Ribeiro | Diurno,Arquitetura e Urbanismo (Bacharelado) | CN | Darcy Ribeiro,Arquitetura e Urbanismo (Bacharelado) | CN | Diurno
2022-2024,2024,Darcy Ribeiro,Arquitetura e Urbanismo (Bacharelado),Diurno,AC,AC,False,,,False,,64.82,77.537,2022-2024,2022,2024,5,Arquitetura e Urbanismo (Bacharelado) | Darcy Ribeiro,Arquitetura e Urbanismo (Bacharelado) | Diurno,Arquitetura e Urbanismo (Bacharelado) | AC,Arquitetura e Urbanismo (Bacharelado) | Darcy Ribeiro | Diurno,Arquitetura e Urbanismo (Bacharelado) | AC | Darcy Ribeiro,Arquitetura e Urbanismo (Bacharelado) | AC | Diurno
2022-2024,2024,Darcy Ribeiro,Arquitetura e Urbanismo (Bacharelado),Noturno,CN,CN,False,,NEGROS,False,,0.302,0.302,2022-2024,2022,2024,5,Arquitetura e Urbanismo (Bacharelado) | Darcy Ribeiro,Arquitetura e Urbanismo (Bacharelado) | Noturno,Arquitetura e Urbanismo (Bacharelado) | CN,Arquitetura e Urbanismo (Bacharelado) | Darcy Ribeiro | Noturno,Arquitetura e Urbanismo (Bacharelado) | CN | Darcy Ribeiro,Arquitetura e Urbanismo (Bacharelado) | CN | Noturno
2022-2024,2024,Darcy Ribeiro,Arquitetura e Urbanismo (Bacharelado),Noturno,AC,AC,False,,,False,,-5.784,15.316,2022-2024,2022,2024,5,Arquitetura e Urbanismo (Bacharelado) | Darcy Ribeiro,Arquitetura e Urbanismo (Bacharelado) | Noturno,Arquitetura e Urbanismo (Bacharelado) | AC,Arquitetura e Urbanismo (Bacharelado) | Darcy Ribeiro | Noturno,Arquitetura e Urbanismo (Bacharelado) | AC | Darcy Ribeiro,Arquitetura e Urbanismo (Bacharelado) | AC | Noturno
2022-2024,2024,Darcy Ribeiro,Artes Cênicas (Bacharelado),Diurno,EP_R2_NPPI,EP_R2_NPPI,True,R2,NPPI,False,1.5,-19.882,-1.832,2022-2024,2022,2024,5,Artes Cênicas (Bacharelado) | Darcy Ribeiro,Artes Cênicas (Bacharelado) | Diurno,Artes Cênicas (Bacharelado) | EP_R2_NPPI,Artes Cênicas (Bacharelado) | Darcy Ribeiro | Diurno,Artes Cênicas (Bacharelado) | EP_R2_NPPI | Darcy Ribeiro,Artes Cênicas (Bacharelado) | EP_R2_NPPI | Diurno
2022-2024,2024,Darcy Ribeiro,Artes Cênicas (Bacharelado),Diurno,AC,AC,False,,,False,,27.497,29.223,2022-2024,2022,2024,5,Artes Cênicas (Bacharelado) | Darcy Ribeiro,Artes Cênicas (Bacharelado) | Diurno,Artes Cênicas (Bacharelado) | AC,Artes Cênicas (Bacharelado) | Darcy Ribeiro | Diurno,Artes Cênicas (Bacharelado) | AC | Darcy Ribeiro,Artes Cênicas (Bacharelado) | AC | Diurno
2022-2024,2024,Darcy Ribeiro,Artes Visuais (Bacharelado),Diurno,AC,AC,False,,,False,,-25.519,9.382,2022-2024,2022,2024,5,Artes Visuais (Bacharelado) | Darcy Ribeiro,Artes Visuais (Bacharelado) | Diurno,Artes Visuais (Bacharelado) | AC,Artes Visuais (Bacharelado) | Darcy Ribeiro | Diurno,Artes Visuais (Bacharelado) | AC | Darcy Ribeiro,Artes Visuais (Bacharelado) | AC | Diurno
2022-2024,2024,Darcy Ribeiro,Artes Visuais (Licenciatura),Diurno,EP_R1_NPPI,EP_R1_NPPI,True,R1,NPPI,False,1.5,-23.748,-23.748,2022-2024,2022,2024,5,Artes Visuais (Licenciatura) | Darcy Ribeiro,Artes Visuais (Licenciatura) | Diurno,Artes Visuais (Licenciatura) | EP_R1_NPPI,Artes Visuais (Licenciatura) | Darcy Ribeiro | Diurno,Artes Visuais (Licenciatura) | EP_R1_NPPI | Darcy Ribeiro,Artes Visuais (Licenciatura) | EP_R1_NPPI | Diurno
2022-2024,2024,Darcy Ribeiro,Artes Visuais (Licenciatura),Diurno,EP_R2_NPPI,EP_R2_NPPI,True,R2,NPPI,False,1.5,-59.575,-16.763,2022-2024,2022,2024,5,Artes Visuais (Licenciatura) | Darcy Ribeiro,Artes Visuais (Licenciatura) | Diurno,Artes Visuais (Licenciatura) | EP_R2_NPPI,Artes Visuais (Licenciatura) | Darcy Ribeiro | Diurno,Artes Visuais (Licenciatura) | EP_R2_NPPI | Darcy Ribeiro,Artes Visuais (Licenciatura) | EP_R2_NPPI | Diurno
2022-2024,2024,Darcy Ribeiro,Artes Visuais (Licenciatura),Diurno,CN,CN,False,,NEGROS,False,,-33.237,-33.237,2022-2024,2022,2024,5,Artes Visuais (Licenciatura) | Darcy Ribeiro,Artes Visuais (Licenciatura) | Diurno,Artes Visuais (Licenciatura) | CN,Artes Visuais (Licenciatura) | Darcy Ribeiro | Diurno,Artes Visuais (Licenciatura) | CN | Darcy Ribeiro,Artes Visuais (Licenciatura) | CN | Diurno
2022-2024,2024,Darcy Ribeiro,Artes Visuais (Licenciatura),Diurno,AC,AC,False,,,False,,-7.957,70.753,2022-2024,2022,2024,5,Artes Visuais (Licenciatura) | Darcy Ribeiro,Artes Visuais (Licenciatura) | Diurno,Artes Visuais (Licenciatura) | AC,Artes Visuais (Licenciatura) | Darcy Ribeiro | Diurno,Artes Visuais (Licenciatura) | AC | Darcy Ribeiro,Artes Visuais (Licenciatura) | AC | Diurno
2022-2024,2024,Darcy Ribeiro,Biologia (Bacharelado),Diurno,EP_R1_NPPI,EP_R1_NPPI,True,R1,NPPI,False,1.5,-64.765,-36.085,2022-2024,2022,2024,5,Biologia (Bacharelado) | Darcy Ribeiro,Biologia (Bacharelado) | Diurno,Biologia (Bacharelado) | EP_R1_NPPI,Biologia (Bacharelado) | Darcy Ribeiro | Diurno,Biologia (Bacharelado) | EP_R1_NPPI | Darcy Ribeiro,Biologia (Bacharelado) | EP_R1_NPPI | Diurno
2022-2024,2024,Darcy Ribeiro,Biologia (Bacharelado),Diurno,EP_R2_PPI,EP_R2_PPI,True,R2,PPI,False,1.5,-80.211,-58.11,2022-2024,2022,2024,5,Biologia (Bacharelado) | Darcy Ribeiro,Biologia (Bacharelado) | Diurno,Biologia (Bacharelado) | EP_R2_PPI,Biologia (Bacharelado) | Darcy Ribeiro | Diurno,Biologia (Bacharelado) | EP_R2_PPI | Darcy Ribeiro,Biologia (Bacharelado) | EP_R2_PPI | Diurno
2022-2024,2024,Darcy Ribeiro,Biologia (Bacharelado),Diurno,EP_R2_NPPI,EP_R2_NPPI,True,R2,NPPI,False,1.5,5.963,29.19,2022-2024,2022,2024,5,Biologia (Bacharelado) | Darcy Ribeiro,Biologia (Bacharelado) | Diurno,Biologia (Bacharelado) | EP_R2_NPPI,Biologia (Bacharelado) | Darcy Ribeiro | Diurno,Biologia (Bacharelado) | EP_R2_NPPI | Darcy Ribeiro,Biologia (Bacharelado) | EP_R2_NPPI | Diurno
2022-2024,2024,Darcy Ribeiro,Biologia (Bacharelado),Diurno,CN,CN,False,,NEGROS,False,,-29.292,-29.292,2022-2024,2022,2024,5,Biologia (Bacharelado) | Darcy Ribeiro,Biologia (Bacharelado) | Diurno,Biologia (Bacharelado) | CN,Biologia (Bacharelado) | Darcy Ribeiro | Diurno,Biologia (Bacharelado) | CN | Darcy Ribeiro,Biologia (Bacharelado) | CN | Diurno
2022-2024,2024,Darcy Ribeiro,Biologia (Bacharelado),Diurno,AC,AC,False,,,False,,48.174,55.263,2022-2024,2022,2024,5,Biologia (Bacharelado) | Darcy Ribeiro,Biologia (Bacharelado) | Diurno,Biologia (Bacharelado) | AC,Biologia (Bacharelado) | Darcy Ribeiro | Diurno,Biologia (Bacharelado) | AC | Darcy Ribeiro,Biologia (Bacharelado) | AC | Diurno
2022-2024,2024,Darcy Ribeiro,Biotecnologia (Bacharelado),Diurno,EP_R1_NPPI,EP_R1_NPPI,True,R1,NPPI,False,1.5,-32.078,-32.078,2022-2024,2022,2024,5,Biotecnologia (Bacharelado) | Darcy Ribeiro,Biotecnologia (Bacharelado) | Diurno,Biotecnologia (Bacharelado) | EP_R1_NPPI,Biotecnologia (Bacharelado) | Darcy Ribeiro | Diurno,Biotecnologia (Bacharelado) | EP_R1_NPPI | Darcy Ribeiro,Biotecnologia (Bacharelado) | EP_R1_NPPI | Diurno
2022-2024,2024,Darcy Ribeiro,Biotecnologia (Bacharelado),Diurno,EP_R2_NPPI,EP_R2_NPPI,True,R2,NPPI,False,1.5,-84.167,-24.822,2022-2024,2022,2024,5,Biotecnologia (Bacharelado) | Darcy Ribeiro,Biotecnologia (Bacharelado) | Diurno,Biotecnologia (Bacharelado) | EP_R2_NPPI,Biotecnologia (Bacharelado) | Darcy Ribeiro | Diurno,Biotecnologia (Bacharelado) | EP_R2_NPPI | Darcy Ribeiro,Biotecnologia (Bacharelado) | EP_R2_NPPI | Diurno
2022-2024,2024,Darcy Ribeiro,Biotecnologia (Bacharelado),Diurno,AC,AC,False,,,False,,-13.439,20.763,2022-2024,2022,2024,5,Biotecnologia (Bacharelado) | Darcy Ribeiro,Biotecnologia (Bacharelado) | Diurno,Biotecnologia (Bacharelado) | AC,Biotecnologia (Bacharelado) | Darcy Ribeiro | Diurno,Biotecnologia (Bacharelado) | AC | Darcy Ribeiro,Biotecnologia (Bacharelado) | AC | Diurno
2022-2024,2024,Darcy Ribeiro,Ciência Política (Bacharelado),Diurno,CN,CN,False,,NEGROS,False,,-1.435,-1.435,2022-2024,2022,2024,5,Ciência Política (Bacharelado) | Darcy Ribeiro,Ciência Política (Bacharelado) | Diurno,Ciência Política (Bacharelado) | CN,Ciência Política (Bacharelado) | Darcy Ribeiro | Diurno,Ciência Política (Bacharelado) | CN | Darcy Ribeiro,Ciência Política (Bacharelado) | CN | Diurno
2022-2024,2024,Darcy Ribeiro,Ciência Política (Bacharelado),Diurno,AC,AC,False,,,False,,-0.707,27.872,2022-2024,2022,2024,5,Ciência Política (Bacharelado) | Darcy Ribeiro,Ciência Política (Bacharelado) | Diurno,Ciência Política (Bacharelado) | AC,Ciência Política (Bacharelado) | Darcy Ribeiro | Diurno,Ciência Política (Bacharelado) | AC | Darcy Ribeiro,Ciência Política (Bacharelado) | AC | Diurno
2022-2024,2024,Darcy Ribeiro,Ciência da Computação (Bacharelado),Diurno,EP_R1_PPI,EP_R1_PPI,True,R1,PPI,False,1.5,-18.098,-7.693,2022-2024,2022,2024,5,Ciência da Computação (Bacharelado) | Darcy Ribeiro,Ciência da Computação (Bacharelado) | Diurno,Ciência da Computação (Bacharelado) | EP_R1_PPI,Ciência da Computação (Bacharelado) | Darcy Ribeiro | Diurno,Ciência da Computação (Bacharelado) | EP_R1_PPI | Darcy Ribeiro,Ciência da Computação (Bacharelado) | EP_R1_PPI | Diurno
2022-2024,2024,Darcy Ribeiro,Ciência da Computação (Bacharelado),Diurno,EP_R1_NPPI,EP_R1_NPPI,True,R1,NPPI,False,1.5,8.647,18.344,2022-2024,2022,2024,5,Ciência da Computação (Bacharelado) | Darcy Ribeiro,Ciência da Computação (Bacharelado) | Diurno,Ciência da Computação (Bacharelado) | EP_R1_NPPI,Ciência da Computação (Bacharelado) | Darcy Ribeiro | Diurno,Ciência da Computação (Bacharelado) | EP_R1_NPPI | Darcy Ribeiro,Ciência da Computação (Bacharelado) | EP_R1_NPPI | Diurno
2022-2024,2024,Darcy Ribeiro,Ciência da Computação (Bacharelado),Diurno,EP_R2_PPI,EP_R2_PPI,True,R2,PPI,False,1.5,-12.086,22.791,2022-2024,2022,2024,5,Ciência da Computação (Bacharelado) | Darcy Ribeiro,Ciência da Computação (Bacharelado) | Diurno,Ciência da Computação (Bacharelado) | EP_R2_PPI,Ciência da Computação (Bacharelado) | Darcy Ribeiro | Diurno,Ciência da Computação (Bacharelado) | EP_R2_PPI | Darcy Ribeiro,Ciência da Computação (Bacharelado) | EP_R2_PPI | Diurno
2022-2024,2024,Darcy Ribeiro,Ciência da Computação (Bacharelado),Diurno,EP_R2_NPPI,EP_R2_NPPI,True,R2,NPPI,False,1.5,77.535,77.535,2022-2024,2022,2024,5,Ciência da Computação (Bacharelado) | Darcy Ribeiro,Ciência da Computação (Bacharelado) | Diurno,Ciência da Computação (Bacharelado) | EP_R2_NPPI,Ciência da Computação (Bacharelado) | Darcy Ribeiro | Diurno,Ciência da Computação (Bacharelado) | EP_R2_NPPI | Darcy Ribeiro,Ciência da Computação (Bacharelado) | EP_R2_NPPI | Diurno
2022-2024,2024,Darcy Ribeiro,Ciência da Computação (Bacharelado),Diurno,EP_R2_NPPI_PCD,EP_R2_NPPI_PCD,True,R2,NPPI,True,1.5,-10.517,-10.517,2022-2024,2022,2024,5,Ciência da Computação (Bacharelado) | Darcy Ribeiro,Ciência da Computação (Bacharelado) | Diurno,Ciência da Computação (Bacharelado) | EP_R2_NPPI_PCD,Ciência da Computação (Bacharelado) | Darcy Ribeiro | Diurno,Ciência da Computação (Bacharelado) | EP_R2_NPPI_PCD | Darcy Ribeiro,Ciência da Computação (Bacharelado) | EP_R2_NPPI_PCD | Diurno
2022-2024,2024,Darcy Ribeiro,Ciência da Computação (Bacharelado),Diurno,CN,CN,False,,NEGROS,False,,64.835,64.835,2022-2024,2022,2024,5,Ciência da Computação (Bacharelado) | Darcy Ribeiro,Ciência da Computação (Bacharelado) | Diurno,Ciência da Computação (Bacharelado) | CN,Ciência da Computação (Bacharelado) | Darcy Ribeiro | Diurno,Ciência da Computação (Bacharelado) | CN | Darcy Ribeiro,Ciência da Computação (Bacharelado) | CN | Diurno
2022-2024,2024,Darcy Ribeiro,Ciência da Computação (Bacharelado),Diurno,AC,AC,False,,,False,,111.639,126.56,2022-2024,2022,2024,5,Ciência da Computação (Bacharelado) | Darcy Ribeiro,Ciência da Computação (Bacharelado) | Diurno,Ciência da Computação (Bacharelado) | AC,Ciência da Computação (Bacharelado) | Darcy Ribeiro | Diurno,Ciência da Computação (Bacharelado) | AC | Darcy Ribeiro,Ciência da Computação (Bacharelado) | AC | Diurno
2022-2024,2024,Darcy Ribeiro,Ciências Contábeis (Bacharelado),Diurno,EP_R2_NPPI,EP_R2_NPPI,True,R2,NPPI,False,1.5,-75.965,-49.701,2022-2024,2022,2024,5,Ciências Contábeis (Bacharelado) | Darcy Ribeiro,Ciências Contábeis (Bacharelado) | Diurno,Ciências Contábeis (Bacharelado) | EP_R2_NPPI,Ciências Contábeis (Bacharelado) | Darcy Ribeiro | Diurno,Ciências Contábeis (Bacharelado) | EP_R2_NPPI | Darcy Ribeiro,Ciências Contábeis (Bacharelado) | EP_R2_NPPI | Diurno
2022-2024,2024,Darcy Ribeiro,Ciências Contábeis (Bacharelado),Diurno,AC,AC,False,,,False,,-102.261,-10.335,2022-2024,2022,2024,5,Ciências Contábeis (Bacharelado) | Darcy Ribeiro,Ciências Contábeis (Bacharelado) | Diurno,Ciências Contábeis (Bacharelado) | AC,Ciências Contábeis (Bacharelado) | Darcy Ribeiro | Diurno,Ciências Contábeis (Bacharelado) | AC | Darcy Ribeiro,Ciências Contábeis (Bacharelado) | AC | Diurno
2022-2024,2024,Darcy Ribeiro,Ciências Econômicas (Bacharelado),Diurno,EP_R1_NPPI,EP_R1_NPPI,True,R1,NPPI,False,1.5,-56.632,-56.632,2022-2024,2022,2024,5,Ciências Econômicas (Bacharelado) | Darcy Ribeiro,Ciências Econômicas (Bacharelado) | Diurno,Ciências Econômicas (Bacharelado) | EP_R1_NPPI,Ciências Econômicas (Bacharelado) | Darcy Ribeiro | Diurno,Ciências Econômicas (Bacharelado) | EP_R1_NPPI | Darcy Ribeiro,Ciências Econômicas (Bacharelado) | EP_R1_NPPI | Diurno
2022-2024,2024,Darcy Ribeiro,Ciências Econômicas (Bacharelado),Diurno,EP_R2_NPPI,EP_R2_NPPI,True,R2,NPPI,False,1.5,-64.258,-22.961,2022-2024,2022,2024,5,Ciências Econômicas (Bacharelado) | Darcy Ribeiro,Ciências Econômicas (Bacharelado) | Diurno,Ciências Econômicas (Bacharelado) | EP_R2_NPPI,Ciências Econômicas (Bacharelado) | Darcy Ribeiro | Diurno,Ciências Econômicas (Bacharelado) | EP_R2_NPPI | Darcy Ribeiro,Ciências Econômicas (Bacharelado) | EP_R2_NPPI | Diurno
2022-2024,2024,Darcy Ribeiro,Ciências Econômicas (Bacharelado),Diurno,CN,CN,False,,NEGROS,False,,38.698,38.698,2022-2024,2022,2024,5,Ciências Econômicas (Bacharelado) | Darcy Ribeiro,Ciências Econômicas (Bacharelado) | Diurno,Ciências Econômicas (Bacharelado) | CN,Ciências Econômicas (Bacharelado) | Darcy Ribeiro | Diurno,Ciências Econômicas (Bacharelado) | CN | Darcy Ribeiro,Ciências Econômicas (Bacharelado) | CN | Diurno
2022-2024,2024,Darcy Ribeiro,Ciências Econômicas (Bacharelado),Diurno,AC,AC,False,,,False,,50.313,75.802,2022-2024,2022,2024,5,Ciências Econômicas (Bacharelado) | Darcy Ribeiro,Ciências Econômicas (Bacharelado) | Diurno,Ciências Econômicas (Bacharelado) | AC,Ciências Econômicas (Bacharelado) | Darcy Ribeiro | Diurno,Ciências Econômicas (Bacharelado) | AC | Darcy Ribeiro,Ciências Econômicas (Bacharelado) | AC | Diurno
2022-2024,2024,Darcy Ribeiro,Computação (Licenciatura),Noturno,AC,AC,False,,,False,,-105.03,-44.569,2022-2024,2022,2024,5,Computação (Licenciatura) | Darcy Ribeiro,Computação (Licenciatura) | Noturno,Computação (Licenciatura) | AC,Computação (Licenciatura) | Darcy Ribeiro | Noturno,Computação (Licenciatura) | AC | Darcy Ribeiro,Computação (Licenciatura) | AC | Noturno
2022-2024,2024,Darcy Ribeiro,Comunicação Organizacional (Bacharelado),Noturno,AC,AC,False,,,False,,-98.302,-18.384,2022-2024,2022,2024,5,Comunicação Organizacional (Bacharelado) | Darcy Ribeiro,Comunicação Organizacional (Bacharelado) | Noturno,Comunicação Organizacional (Bacharelado) | AC,Comunicação Organizacional (Bacharelado) | Darcy Ribeiro | Noturno,Comunicação Organizacional (Bacharelado) | AC | Darcy Ribeiro,Comunicação Organizacional (Bacharelado) | AC | Noturno
2022-2024,2024,Darcy Ribeiro,Comunicação Social - Publicidade e Propaganda (Bacharelado),Diurno,EP_R2_NPPI,EP_R2_NPPI,True,R2,NPPI,False,1.5,-39.668,-12.554,2022-2024,2022,2024,5,Comunicação Social - Publicidade e Propaganda (Bacharelado) | Darcy Ribeiro,Comunicação Social - Publicidade e Propaganda (Bacharelado) | Diurno,Comunicação Social - Publicidade e Propaganda (Bacharelado) | EP_R2_NPPI,Comunicação Social - Publicidade e Propaganda (Bacharelado) | Darcy Ribeiro | Diurno,Comunicação Social - Publicidade e Propaganda (Bacharelado) | EP_R2_NPPI | Darcy Ribeiro,Comunicação Social - Publicidade e Propaganda (Bacharelado) | EP_R2_NPPI | Diurno
2022-2024,2024,Darcy Ribeiro,Comunicação Social - Publicidade e Propaganda (Bacharelado),Diurno,CN,CN,False,,NEGROS,False,,-45.956,-45.956,2022-2024,2022,2024,5,Comunicação Social - Publicidade e Propaganda (Bacharelado) | Darcy Ribeiro,Comunicação Social - Publicidade e Propaganda (Bacharelado) | Diurno,Comunicação Social - Publicidade e Propaganda (Bacharelado) | CN,Comunicação Social - Publicidade e Propaganda (Bacharelado) | Darcy Ribeiro | Diurno,Comunicação Social - Publicidade e Propaganda (Bacharelado) | CN | Darcy Ribeiro,Comunicação Social - Publicidade e Propaganda (Bacharelado) | CN | Diurno
2022-2024,2024,Darcy Ribeiro,Comunicação Social - Publicidade e Propaganda (Bacharelado),Diurno,AC,AC,False,,,False,,40.414,48.42,2022-2024,2022,2024,5,Comunicação Social - Publicidade e Propaganda (Bacharelado) | Darcy Ribeiro,Comunicação Social - Publicidade e Propaganda (Bacharelado) | Diurno,Comunicação Social - Publicidade e Propaganda (Bacharelado) | AC,Comunicação Social - Publicidade e Propaganda (Bacharelado) | Darcy Ribeiro | Diurno,Comunicação Social - Publicidade e Propaganda (Bacharelado) | AC | Darcy Ribeiro,Comunicação Social - Publicidade e Propaganda (Bacharelado) | AC | Diurno
2022-2024,2024,Darcy Ribeiro,Comunicação Social – Audiovisual (Bacharelado),Diurno,EP_R2_NPPI,EP_R2_NPPI,True,R2,NPPI,False,1.5,-42.029,-0.538,2022-2024,2022,2024,5,Comunicação Social – Audiovisual (Bacharelado) | Darcy Ribeiro,Comunicação Social – Audiovisual (Bacharelado) | Diurno,Comunicação Social – Audiovisual (Bacharelado) | EP_R2_NPPI,Comunicação Social – Audiovisual (Bacharelado) | Darcy Ribeiro | Diurno,Comunicação Social – Audiovisual (Bacharelado) | EP_R2_NPPI | Darcy Ribeiro,Comunicação Social – Audiovisual (Bacharelado) | EP_R2_NPPI | Diurno
2022-2024,2024,Darcy Ribeiro,Comunicação Social – Audiovisual (Bacharelado),Diurno,CN,CN,False,,NEGROS,False,,2.287,2.287,2022-2024,2022,2024,5,Comunicação Social – Audiovisual (Bacharelado) | Darcy Ribeiro,Comunicação Social – Audiovisual (Bacharelado) | Diurno,Comunicação Social – Audiovisual (Bacharelado) | CN,Comunicação Social – Audiovisual (Bacharelado) | Darcy Ribeiro | Diurno,Comunicação Social – Audiovisual (Bacharelado) | CN | Darcy Ribeiro,Comunicação Social – Audiovisual (Bacharelado) | CN | Diurno
2022-2024,2024,Darcy Ribeiro,Comunicação Social – Audiovisual (Bacharelado),Diurno,AC,AC,False,,,False,,39.969,57.784,2022-2024,2022,2024,5,Comunicação Social – Audiovisual (Bacharelado) | Darcy Ribeiro,Comunicação Social – Audiovisual (Bacharelado) | Diurno,Comunicação Social – Audiovisual (Bacharelado) | AC,Comunicação Social – Audiovisual (Bacharelado) | Darcy Ribeiro | Diurno,Comunicação Social – Audiovisual (Bacharelado) | AC | Darcy Ribeiro,Comunicação Social – Audiovisual (Bacharelado) | AC | Diurno
2022-2024,2024,Darcy Ribeiro,Design – Programação Visual/Projeto do Produto (Bacharelado),Diurno,EP_R1_NPPI,EP_R1_NPPI,True,R1,NPPI,False,1.5,-63.935,-63.935,2022-2024,2022,2024,5,Design – Programação Visual/Projeto do Produto (Bacharelado) | Darcy Ribeiro,Design – Programação Visual/Projeto do Produto (Bacharelado) | Diurno,Design – Programação Visual/Projeto do Produto (Bacharelado) | EP_R1_NPPI,Design – Programação Visual/Projeto do Produto (Bacharelado) | Darcy Ribeiro | Diurno,Design – Programação Visual/Projeto do Produto (Bacharelado) | EP_R1_NPPI | Darcy Ribeiro,Design – Programação Visual/Projeto do Produto (Bacharelado) | EP_R1_NPPI | Diurno
2022-2024,2024,Darcy Ribeiro,Design – Programação Visual/Projeto do Produto (Bacharelado),Diurno,EP_R2_PPI,EP_R2_PPI,True,R2,PPI,False,1.5,-61.294,-29.644,2022-2024,2022,2024,5,Design – Programação Visual/Projeto do Produto (Bacharelado) | Darcy Ribeiro,Design – Programação Visual/Projeto do Produto (Bacharelado) | Diurno,Design – Programação Visual/Projeto do Produto (Bacharelado) | EP_R2_PPI,Design – Programação Visual/Projeto do Produto (Bacharelado) | Darcy Ribeiro | Diurno,Design – Programação Visual/Projeto do Produto (Bacharelado) | EP_R2_PPI | Darcy Ribeiro,Design – Programação Visual/Projeto do Produto (Bacharelado) | EP_R2_PPI | Diurno
2022-2024,2024,Darcy Ribeiro,Design – Programação Visual/Projeto do Produto (Bacharelado),Diurno,EP_R2_NPPI,EP_R2_NPPI,True,R2,NPPI,False,1.5,26.07,26.07,2022-2024,2022,2024,5,Design – Programação Visual/Projeto do Produto (Bacharelado) | Darcy Ribeiro,Design – Programação Visual/Projeto do Produto (Bacharelado) | Diurno,Design – Programação Visual/Projeto do Produto (Bacharelado) | EP_R2_NPPI,Design – Programação Visual/Projeto do Produto (Bacharelado) | Darcy Ribeiro | Diurno,Design – Programação Visual/Projeto do Produto (Bacharelado) | EP_R2_NPPI | Darcy Ribeiro,Design – Programação Visual/Projeto do Produto (Bacharelado) | EP_R2_NPPI | Diurno
2022-2024,2024,Darcy Ribeiro,Design – Programação Visual/Projeto do Produto (Bacharelado),Diurno,CN,CN,False,,NEGROS,False,,-82.226,-82.226,2022-2024,2022,2024,5,Design – Programação Visual/Projeto do Produto (Bacharelado) | Darcy Ribeiro,Design – Programação Visual/Projeto do Produto (Bacharelado) | Diurno,Design – Programação Visual/Projeto do Produto (Bacharelado) | CN,Design – Programação Visual/Projeto do Produto (Bacharelado) | Darcy Ribeiro | Diurno,Design – Programação Visual/Projeto do Produto (Bacharelado) | CN | Darcy Ribeiro,Design – Programação Visual/Projeto do Produto (Bacharelado) | CN | Diurno
2022-2024,2024,Darcy Ribeiro,Design – Programação Visual/Projeto do Produto (Bacharelado),Diurno,AC,AC,False,,,False,,54.836,69.182,2022-2024,2022,2024,5,Design – Programação Visual/Projeto do Produto (Bacharelado) | Darcy Ribeiro,Design – Programação Visual/Projeto do Produto (Bacharelado) | Diurno,Design – Programação Visual/Projeto do Produto (Bacharelado) | AC,Design – Programação Visual/Projeto do Produto (Bacharelado) | Darcy Ribeiro | Diurno,Design – Programação Visual/Projeto do Produto (Bacharelado) | AC | Darcy Ribeiro,Design – Programação Visual/Projeto do Produto (Bacharelado) | AC | Diurno
2022-2024,2024,Darcy Ribeiro,Direito (Bacharelado),Diurno,EP_R1_PPI,EP_R1_PPI,True,R1,PPI,False,1.5,-25.544,-13.238,2022-2024,2022,2024,5,Direito (Bacharelado) | Darcy Ribeiro,Direito (Bacharelado) | Diurno,Direito (Bacharelado) | EP_R1_PPI,Direito (Bacharelado) | Darcy Ribeiro | Diurno,Direito (Bacharelado) | EP_R1_PPI | Darcy Ribeiro,Direito (Bacharelado) | EP_R1_PPI | Diurno
2022-2024,2024,Darcy Ribeiro,Direito (Bacharelado),Diurno,EP_R1_NPPI,EP_R1_NPPI,True,R1,NPPI,False,1.5,1.715,12.53,2022-2024,2022,2024,5,Direito (Bacharelado) | Darcy Ribeiro,Direito (Bacharelado) | Diurno,Direito (Bacharelado) | EP_R1_NPPI,Direito (Bacharelado) | Darcy Ribeiro | Diurno,Direito (Bacharelado) | EP_R1_NPPI | Darcy Ribeiro,Direito (Bacharelado) | EP_R1_NPPI | Diurno
2022-2024,2024,Darcy Ribeiro,Direito (Bacharelado),Diurno,EP_R2_PPI,EP_R2_PPI,True,R2,PPI,False,1.5,19.197,45.871,2022-2024,2022,2024,5,Direito (Bacharelado) | Darcy Ribeiro,Direito (Bacharelado) | Diurno,Direito (Bacharelado) | EP_R2_PPI,Direito (Bacharelado) | Darcy Ribeiro | Diurno,Direito (Bacharelado) | EP_R2_PPI | Darcy Ribeiro,Direito (Bacharelado) | EP_R2_PPI | Diurno
2022-2024,2024,Darcy Ribeiro,Direito (Bacharelado),Diurno,EP_R2_NPPI,EP_R2_NPPI,True,R2,NPPI,False,1.5,87.931,94.48,2022-2024,2022,2024,5,Direito (Bacharelado) | Darcy Ribeiro,Direito (Bacharelado) | Diurno,Direito (Bacharelado) | EP_R2_NPPI,Direito (Bacharelado) | Darcy Ribeiro | Diurno,Direito (Bacharelado) | EP_R2_NPPI | Darcy Ribeiro,Direito (Bacharelado) | EP_R2_NPPI | Diurno
2022-2024,2024,Darcy Ribeiro,Direito (Bacharelado),Diurno,CN,CN,False,,NEGROS,False,,50.939,81.379,2022-2024,2022,2024,5,Direito (Bacharelado) | Darcy Ribeiro,Direito (Bacharelado) | Diurno,Direito (Bacharelado) | CN,Direito (Bacharelado) | Darcy Ribeiro | Diurno,Direito (Bacharelado) | CN | Darcy Ribeiro,Direito (Bacharelado) | CN | Diurno
2022-2024,2024,Darcy Ribeiro,Direito (Bacharelado),Diurno,AC,AC,False,,,False,,108.006,117.929,2022-2024,2022,2024,5,Direito (Bacharelado) | Darcy Ribeiro,Direito (Bacharelado) | Diurno,Direito (Bacharelado) | AC,Direito (Bacharelado) | Darcy Ribeiro | Diurno,Direito (Bacharelado) | AC | Darcy Ribeiro,Direito (Bacharelado) | AC | Diurno
2022-2024,2024,Darcy Ribeiro,Direito (Bacharelado),Noturno,EP_R1_NPPI,EP_R1_NPPI,True,R1,NPPI,False,1.5,-23.726,-20.32,2022-2024,2022,2024,5,Direito (Bacharelado) | Darcy Ribeiro,Direito (Bacharelado) | Noturno,Direito (Bacharelado) | EP_R1_NPPI,Direito (Bacharelado) | Darcy Ribeiro | Noturno,Direito (Bacharelado) | EP_R1_NPPI | Darcy Ribeiro,Direito (Bacharelado) | EP_R1_NPPI | Noturno
2022-2024,2024,Darcy Ribeiro,Direito (Bacharelado),Noturno,EP_R2_PPI,EP_R2_PPI,True,R2,PPI,False,1.5,-54.298,-22.6,2022-2024,2022,2024,5,Direito (Bacharelado) | Darcy Ribeiro,Direito (Bacharelado) | Noturno,Direito (Bacharelado) | EP_R2_PPI,Direito (Bacharelado) | Darcy Ribeiro | Noturno,Direito (Bacharelado) | EP_R2_PPI | Darcy Ribeiro,Direito (Bacharelado) | EP_R2_PPI | Noturno
2022-2024,2024,Darcy Ribeiro,Direito (Bacharelado),Noturno,EP_R2_NPPI,EP_R2_NPPI,True,R2,NPPI,False,1.5,34.633,65.065,2022-2024,2022,2024,5,Direito (Bacharelado) | Darcy Ribeiro,Direito (Bacharelado) | Noturno,Direito (Bacharelado) | EP_R2_NPPI,Direito (Bacharelado) | Darcy Ribeiro | Noturno,Direito (Bacharelado) | EP_R2_NPPI | Darcy Ribeiro,Direito (Bacharelado) | EP_R2_NPPI | Noturno
2022-2024,2024,Darcy Ribeiro,Direito (Bacharelado),Noturno,CN,CN,False,,NEGROS,False,,30.06,30.572,2022-2024,2022,2024,5,Direito (Bacharelado) | Darcy Ribeiro,Direito (Bacharelado) | Noturno,Direito (Bacharelado) | CN,Direito (Bacharelado) | Darcy Ribeiro | Noturno,Direito (Bacharelado) | CN | Darcy Ribeiro,Direito (Bacharelado) | CN | Noturno
2022-2024,2024,Darcy Ribeiro,Direito (Bacharelado),Noturno,AC,AC,False,,,False,,76.028,82.163,2022-2024,2022,2024,5,Direito (Bacharelado) | Darcy Ribeiro,Direito (Bacharelado) | Noturno,Direito (Bacharelado) | AC,Direito (Bacharelado) | Darcy Ribeiro | Noturno,Direito (Bacharelado) | AC | Darcy Ribeiro,Direito (Bacharelado) | AC | Noturno
2022-2024,2024,Darcy Ribeiro,Educação Física Ciclo Básico (Bacharelado/Licenciatura),Diurno,EP_R2_NPPI,EP_R2_NPPI,True,R2,NPPI,False,1.5,-72.598,-29.223,2022-2024,2022,2024,5,Educação Física Ciclo Básico (Bacharelado/Licenciatura) | Darcy Ribeiro,Educação Física Ciclo Básico (Bacharelado/Licenciatura) | Diurno,Educação Física Ciclo Básico (Bacharelado/Licenciatura) | EP_R2_NPPI,Educação Física Ciclo Básico (Bacharelado/Licenciatura) | Darcy Ribeiro | Diurno,Educação Física Ciclo Básico (Bacharelado/Licenciatura) | EP_R2_NPPI | Darcy Ribeiro,Educação Física Ciclo Básico (Bacharelado/Licenciatura) | EP_R2_NPPI | Diurno
2022-2024,2024,Darcy Ribeiro,Educação Física Ciclo Básico (Bacharelado/Licenciatura),Diurno,CN,CN,False,,NEGROS,False,,-34.592,-33.682,2022-2024,2022,2024,5,Educação Física Ciclo Básico (Bacharelado/Licenciatura) | Darcy Ribeiro,Educação Física Ciclo Básico (Bacharelado/Licenciatura) | Diurno,Educação Física Ciclo Básico (Bacharelado/Licenciatura) | CN,Educação Física Ciclo Básico (Bacharelado/Licenciatura) | Darcy Ribeiro | Diurno,Educação Física Ciclo Básico (Bacharelado/Licenciatura) | CN | Darcy Ribeiro,Educação Física Ciclo Básico (Bacharelado/Licenciatura) | CN | Diurno
2022-2024,2024,Darcy Ribeiro,Educação Física Ciclo Básico (Bacharelado/Licenciatura),Diurno,AC,AC,False,,,False,,-27.052,-13.512,2022-2024,2022,2024,5,Educação Física Ciclo Básico (Bacharelado/Licenciatura) | Darcy Ribeiro,Educação Física Ciclo Básico (Bacharelado/Licenciatura) | Diurno,Educação Física Ciclo Básico (Bacharelado/Licenciatura) | AC,Educação Física Ciclo Básico (Bacharelado/Licenciatura) | Darcy Ribeiro | Diurno,Educação Física Ciclo Básico (Bacharelado/Licenciatura) | AC | Darcy Ribeiro,Educação Física Ciclo Básico (Bacharelado/Licenciatura) | AC | Diurno
2022-2024,2024,Darcy Ribeiro,Enfermagem (Bacharelado),Diurno,EP_R1_NPPI,EP_R1_NPPI,True,R1,NPPI,False,1.5,-9.897,1.734,2022-2024,2022,2024,5,Enfermagem (Bacharelado) | Darcy Ribeiro,Enfermagem (Bacharelado) | Diurno,Enfermagem (Bacharelado) | EP_R1_NPPI,Enfermagem (Bacharelado) | Darcy Ribeiro | Diurno,Enfermagem (Bacharelado) | EP_R1_NPPI | Darcy Ribeiro,Enfermagem (Bacharelado) | EP_R1_NPPI | Diurno
2022-2024,2024,Darcy Ribeiro,Enfermagem (Bacharelado),Diurno,EP_R2_PPI,EP_R2_PPI,True,R2,PPI,False,1.5,-52.781,-29.624,2022-2024,2022,2024,5,Enfermagem (Bacharelado) | Darcy Ribeiro,Enfermagem (Bacharelado) | Diurno,Enfermagem (Bacharelado) | EP_R2_PPI,Enfermagem (Bacharelado) | Darcy Ribeiro | Diurno,Enfermagem (Bacharelado) | EP_R2_PPI | Darcy Ribeiro,Enfermagem (Bacharelado) | EP_R2_PPI | Diurno
2022-2024,2024,Darcy Ribeiro,Enfermagem (Bacharelado),Diurno,EP_R2_NPPI,EP_R2_NPPI,True,R2,NPPI,False,1.5,6.012,18.469,2022-2024,2022,2024,5,Enfermagem (Bacharelado) | Darcy Ribeiro,Enfermagem (Bacharelado) | Diurno,Enfermagem (Bacharelado) | EP_R2_NPPI,Enfermagem (Bacharelado) | Darcy Ribeiro | Diurno,Enfermagem (Bacharelado) | EP_R2_NPPI | Darcy Ribeiro,Enfermagem (Bacharelado) | EP_R2_NPPI | Diurno
2022-2024,2024,Darcy Ribeiro,Enfermagem (Bacharelado),Diurno,CN,CN,False,,NEGROS,False,,6.688,6.688,2022-2024,2022,2024,5,Enfermagem (Bacharelado) | Darcy Ribeiro,Enfermagem (Bacharelado) | Diurno,Enfermagem (Bacharelado) | CN,Enfermagem (Bacharelado) | Darcy Ribeiro | Diurno,Enfermagem (Bacharelado) | CN | Darcy Ribeiro,Enfermagem (Bacharelado) | CN | Diurno
2022-2024,2024,Darcy Ribeiro,Enfermagem (Bacharelado),Diurno,AC,AC,False,,,False,,21.198,33.032,2022-2024,2022,2024,5,Enfermagem (Bacharelado) | Darcy Ribeiro,Enfermagem (Bacharelado) | Diurno,Enfermagem (Bacharelado) | AC,Enfermagem (Bacharelado) | Darcy Ribeiro | Diurno,Enfermagem (Bacharelado) | AC | Darcy Ribeiro,Enfermagem (Bacharelado) | AC | Diurno
2022-2024,2024,Darcy Ribeiro,Engenharia Civil (Bacharelado),Diurno,CN,CN,False,,NEGROS,False,,16.686,16.686,2022-2024,2022,2024,5,Engenharia Civil (Bacharelado) | Darcy Ribeiro,Engenharia Civil (Bacharelado) | Diurno,Engenharia Civil (Bacharelado) | CN,Engenharia Civil (Bacharelado) | Darcy Ribeiro | Diurno,Engenharia Civil (Bacharelado) | CN | Darcy Ribeiro,Engenharia Civil (Bacharelado) | CN | Diurno
2022-2024,2024,Darcy Ribeiro,Engenharia Civil (Bacharelado),Diurno,AC,AC,False,,,False,,34.504,63.663,2022-2024,2022,2024,5,Engenharia Civil (Bacharelado) | Darcy Ribeiro,Engenharia Civil (Bacharelado) | Diurno,Engenharia Civil (Bacharelado) | AC,Engenharia Civil (Bacharelado) | Darcy Ribeiro | Diurno,Engenharia Civil (Bacharelado) | AC | Darcy Ribeiro,Engenharia Civil (Bacharelado) | AC | Diurno
2022-2024,2024,Darcy Ribeiro,Engenharia Elétrica (Bacharelado),Diurno,AC,AC,False,,,False,,-52.004,-11.328,2022-2024,2022,2024,5,Engenharia Elétrica (Bacharelado) | Darcy Ribeiro,Engenharia Elétrica (Bacharelado) | Diurno,Engenharia Elétrica (Bacharelado) | AC,Engenharia Elétrica (Bacharelado) | Darcy Ribeiro | Diurno,Engenharia Elétrica (Bacharelado) | AC | Darcy Ribeiro,Engenharia Elétrica (Bacharelado) | AC | Diurno
2022-2024,2024,Darcy Ribeiro,Engenharia Mecatrônica (Bacharelado),Diurno,EP_R2_NPPI,EP_R2_NPPI,True,R2,NPPI,False,1.5,-65.329,-19.947,2022-2024,2022,2024,5,Engenharia Mecatrônica (Bacharelado) | Darcy Ribeiro,Engenharia Mecatrônica (Bacharelado) | Diurno,Engenharia Mecatrônica (Bacharelado) | EP_R2_NPPI,Engenharia Mecatrônica (Bacharelado) | Darcy Ribeiro | Diurno,Engenharia Mecatrônica (Bacharelado) | EP_R2_NPPI | Darcy Ribeiro,Engenharia Mecatrônica (Bacharelado) | EP_R2_NPPI | Diurno
2022-2024,2024,Darcy Ribeiro,Engenharia Mecatrônica (Bacharelado),Diurno,AC,AC,False,,,False,,8.54,37.891,2022-2024,2022,2024,5,Engenharia Mecatrônica (Bacharelado) | Darcy Ribeiro,Engenharia Mecatrônica (Bacharelado) | Diurno,Engenharia Mecatrônica (Bacharelado) | AC,Engenharia Mecatrônica (Bacharelado) | Darcy Ribeiro | Diurno,Engenharia Mecatrônica (Bacharelado) | AC | Darcy Ribeiro,Engenharia Mecatrônica (Bacharelado) | AC | Diurno
2022-2024,2024,Darcy Ribeiro,Engenharia Mecânica (Bacharelado),Diurno,CN,CN,False,,NEGROS,False,,-47.32,-47.32,2022-2024,2022,2024,5,Engenharia Mecânica (Bacharelado) | Darcy Ribeiro,Engenharia Mecânica (Bacharelado) | Diurno,Engenharia Mecânica (Bacharelado) | CN,Engenharia Mecânica (Bacharelado) | Darcy Ribeiro | Diurno,Engenharia Mecânica (Bacharelado) | CN | Darcy Ribeiro,Engenharia Mecânica (Bacharelado) | CN | Diurno
2022-2024,2024,Darcy Ribeiro,Engenharia Mecânica (Bacharelado),Diurno,AC,AC,False,,,False,,-39.537,27.385,2022-2024,2022,2024,5,Engenharia Mecânica (Bacharelado) | Darcy Ribeiro,Engenharia Mecânica (Bacharelado) | Diurno,Engenharia Mecânica (Bacharelado) | AC,Engenharia Mecânica (Bacharelado) | Darcy Ribeiro | Diurno,Engenharia Mecânica (Bacharelado) | AC | Darcy Ribeiro,Engenharia Mecânica (Bacharelado) | AC | Diurno
2022-2024,2024,Darcy Ribeiro,Engenharia Química (Bacharelado),Diurno,AC,AC,False,,,False,,-31.736,-7.947,2022-2024,2022,2024,5,Engenharia Química (Bacharelado) | Darcy Ribeiro,Engenharia Química (Bacharelado) | Diurno,Engenharia Química (Bacharelado) | AC,Engenharia Química (Bacharelado) | Darcy Ribeiro | Diurno,Engenharia Química (Bacharelado) | AC | Darcy Ribeiro,Engenharia Química (Bacharelado) | AC | Diurno
2022-2024,2024,Darcy Ribeiro,Engenharia de Computação (Bacharelado),Diurno,EP_R1_NPPI,EP_R1_NPPI,True,R1,NPPI,False,1.5,-26.48,-5.042,2022-2024,2022,2024,5,Engenharia de Computação (Bacharelado) | Darcy Ribeiro,Engenharia de Computação (Bacharelado) | Diurno,Engenharia de Computação (Bacharelado) | EP_R1_NPPI,Engenharia de Computação (Bacharelado) | Darcy Ribeiro | Diurno,Engenharia de Computação (Bacharelado) | EP_R1_NPPI | Darcy Ribeiro,Engenharia de Computação (Bacharelado) | EP_R1_NPPI | Diurno
2022-2024,2024,Darcy Ribeiro,Engenharia de Computação (Bacharelado),Diurno,EP_R2_PPI,EP_R2_PPI,True,R2,PPI,False,1.5,-62.409,-51.296,2022-2024,2022,2024,5,Engenharia de Computação (Bacharelado) | Darcy Ribeiro,Engenharia de Computação (Bacharelado) | Diurno,Engenharia de Computação (Bacharelado) | EP_R2_PPI,Engenharia de Computação (Bacharelado) | Darcy Ribeiro | Diurno,Engenharia de Computação (Bacharelado) | EP_R2_PPI | Darcy Ribeiro,Engenharia de Computação (Bacharelado) | EP_R2_PPI | Diurno
2022-2024,2024,Darcy Ribeiro,Engenharia de Computação (Bacharelado),Diurno,EP_R2_NPPI,EP_R2_NPPI,True,R2,NPPI,False,1.5,13.301,34.706,2022-2024,2022,2024,5,Engenharia de Computação (Bacharelado) | Darcy Ribeiro,Engenharia de Computação (Bacharelado) | Diurno,Engenharia de Computação (Bacharelado) | EP_R2_NPPI,Engenharia de Computação (Bacharelado) | Darcy Ribeiro | Diurno,Engenharia de Computação (Bacharelado) | EP_R2_NPPI | Darcy Ribeiro,Engenharia de Computação (Bacharelado) | EP_R2_NPPI | Diurno
2022-2024,2024,Darcy Ribeiro,Engenharia de Computação (Bacharelado),Diurno,CN,CN,False,,NEGROS,False,,48.438,48.438,2022-2024,2022,2024,5,Engenharia de Computação (Bacharelado) | Darcy Ribeiro,Engenharia de Computação (Bacharelado) | Diurno,Engenharia de Computação (Bacharelado) | CN,Engenharia de Computação (Bacharelado) | Darcy Ribeiro | Diurno,Engenharia de Computação (Bacharelado) | CN | Darcy Ribeiro,Engenharia de Computação (Bacharelado) | CN | Diurno
2022-2024,2024,Darcy Ribeiro,Engenharia de Computação (Bacharelado),Diurno,AC,AC,False,,,False,,102.972,115.572,2022-2024,2022,2024,5,Engenharia de Computação (Bacharelado) | Darcy Ribeiro,Engenharia de Computação (Bacharelado) | Diurno,Engenharia de Computação (Bacharelado) | AC,Engenharia de Computação (Bacharelado) | Darcy Ribeiro | Diurno,Engenharia de Computação (Bacharelado) | AC | Darcy Ribeiro,Engenharia de Computação (Bacharelado) | AC | Diurno
2022-2024,2024,Darcy Ribeiro,Engenharia de Produção (Bacharelado),Noturno,CN,CN,False,,NEGROS,False,,-71.003,-71.003,2022-2024,2022,2024,5,Engenharia de Produção (Bacharelado) | Darcy Ribeiro,Engenharia de Produção (Bacharelado) | Noturno,Engenharia de Produção (Bacharelado) | CN,Engenharia de Produção (Bacharelado) | Darcy Ribeiro | Noturno,Engenharia de Produção (Bacharelado) | CN | Darcy Ribeiro,Engenharia de Produção (Bacharelado) | CN | Noturno
2022-2024,2024,Darcy Ribeiro,Engenharia de Produção (Bacharelado),Noturno,AC,AC,False,,,False,,-66.153,14.375,2022-2024,2022,2024,5,Engenharia de Produção (Bacharelado) | Darcy Ribeiro,Engenharia de Produção (Bacharelado) | Noturno,Engenharia de Produção (Bacharelado) | AC,Engenharia de Produção (Bacharelado) | Darcy Ribeiro | Noturno,Engenharia de Produção (Bacharelado) | AC | Darcy Ribeiro,Engenharia de Produção (Bacharelado) | AC | Noturno
2022-2024,2024,Darcy Ribeiro,Engenharia de Redes de Comunicação (Bacharelado),Diurno,AC,AC,False,,,False,,-50.195,-2.835,2022-2024,2022,2024,5,Engenharia de Redes de Comunicação (Bacharelado) | Darcy Ribeiro,Engenharia de Redes de Comunicação (Bacharelado) | Diurno,Engenharia de Redes de Comunicação (Bacharelado) | AC,Engenharia de Redes de Comunicação (Bacharelado) | Darcy Ribeiro | Diurno,Engenharia de Redes de Comunicação (Bacharelado) | AC | Darcy Ribeiro,Engenharia de Redes de Comunicação (Bacharelado) | AC | Diurno
2022-2024,2024,Darcy Ribeiro,Estatística (Bacharelado),Diurno,AC,AC,False,,,False,,-86.083,-0.406,2022-2024,2022,2024,5,Estatística (Bacharelado) | Darcy Ribeiro,Estatística (Bacharelado) | Diurno,Estatística (Bacharelado) | AC,Estatística (Bacharelado) | Darcy Ribeiro | Diurno,Estatística (Bacharelado) | AC | Darcy Ribeiro,Estatística (Bacharelado) | AC | Diurno
2022-2024,2024,Darcy Ribeiro,Farmácia (Bacharelado),Diurno,EP_R2_NPPI,EP_R2_NPPI,True,R2,NPPI,False,1.5,-18.151,16.198,2022-2024,2022,2024,5,Farmácia (Bacharelado) | Darcy Ribeiro,Farmácia (Bacharelado) | Diurno,Farmácia (Bacharelado) | EP_R2_NPPI,Farmácia (Bacharelado) | Darcy Ribeiro | Diurno,Farmácia (Bacharelado) | EP_R2_NPPI | Darcy Ribeiro,Farmácia (Bacharelado) | EP_R2_NPPI | Diurno
2022-2024,2024,Darcy Ribeiro,Farmácia (Bacharelado),Diurno,AC,AC,False,,,False,,27.53,42.869,2022-2024,2022,2024,5,Farmácia (Bacharelado) | Darcy Ribeiro,Farmácia (Bacharelado) | Diurno,Farmácia (Bacharelado) | AC,Farmácia (Bacharelado) | Darcy Ribeiro | Diurno,Farmácia (Bacharelado) | AC | Darcy Ribeiro,Farmácia (Bacharelado) | AC | Diurno
2022-2024,2024,Darcy Ribeiro,Farmácia (Bacharelado),Noturno,AC,AC,False,,,False,,-73.721,-9.583,2022-2024,2022,2024,5,Farmácia (Bacharelado) | Darcy Ribeiro,Farmácia (Bacharelado) | Noturno,Farmácia (Bacharelado) | AC,Farmácia (Bacharelado) | Darcy Ribeiro | Noturno,Farmácia (Bacharelado) | AC | Darcy Ribeiro,Farmácia (Bacharelado) | AC | Noturno
2022-2024,2024,Darcy Ribeiro,História (Bacharelado/Licenciatura),Diurno,EP_R2_NPPI,EP_R2_NPPI,True,R2,NPPI,False,1.5,-54.201,-12.401,2022-2024,2022,2024,5,História (Bacharelado/Licenciatura) | Darcy Ribeiro,História (Bacharelado/Licenciatura) | Diurno,História (Bacharelado/Licenciatura) | EP_R2_NPPI,História (Bacharelado/Licenciatura) | Darcy Ribeiro | Diurno,História (Bacharelado/Licenciatura) | EP_R2_NPPI | Darcy Ribeiro,História (Bacharelado/Licenciatura) | EP_R2_NPPI | Diurno
2022-2024,2024,Darcy Ribeiro,História (Bacharelado/Licenciatura),Diurno,CN,CN,False,,NEGROS,False,,-27.515,-27.515,2022-2024,2022,2024,5,História (Bacharelado/Licenciatura) | Darcy Ribeiro,História (Bacharelado/Licenciatura) | Diurno,História (Bacharelado/Licenciatura) | CN,História (Bacharelado/Licenciatura) | Darcy Ribeiro | Diurno,História (Bacharelado/Licenciatura) | CN | Darcy Ribeiro,História (Bacharelado/Licenciatura) | CN | Diurno
2022-2024,2024,Darcy Ribeiro,História (Bacharelado/Licenciatura),Diurno,AC,AC,False,,,False,,-8.561,17.254,2022-2024,2022,2024,5,História (Bacharelado/Licenciatura) | Darcy Ribeiro,História (Bacharelado/Licenciatura) | Diurno,História (Bacharelado/Licenciatura) | AC,História (Bacharelado/Licenciatura) | Darcy Ribeiro | Diurno,História (Bacharelado/Licenciatura) | AC | Darcy Ribeiro,História (Bacharelado/Licenciatura) | AC | Diurno
2022-2024,2024,Darcy Ribeiro,Jornalismo (Bacharelado),Diurno,EP_R1_NPPI,EP_R1_NPPI,True,R1,NPPI,False,1.5,-11.956,-11.956,2022-2024,2022,2024,5,Jornalismo (Bacharelado) | Darcy Ribeiro,Jornalismo (Bacharelado) | Diurno,Jornalismo (Bacharelado) | EP_R1_NPPI,Jornalismo (Bacharelado) | Darcy Ribeiro | Diurno,Jornalismo (Bacharelado) | EP_R1_NPPI | Darcy Ribeiro,Jornalismo (Bacharelado) | EP_R1_NPPI | Diurno
2022-2024,2024,Darcy Ribeiro,Jornalismo (Bacharelado),Diurno,EP_R2_PPI,EP_R2_PPI,True,R2,PPI,False,1.5,-53.574,-0.525,2022-2024,2022,2024,5,Jornalismo (Bacharelado) | Darcy Ribeiro,Jornalismo (Bacharelado) | Diurno,Jornalismo (Bacharelado) | EP_R2_PPI,Jornalismo (Bacharelado) | Darcy Ribeiro | Diurno,Jornalismo (Bacharelado) | EP_R2_PPI | Darcy Ribeiro,Jornalismo (Bacharelado) | EP_R2_PPI | Diurno
2022-2024,2024,Darcy Ribeiro,Jornalismo (Bacharelado),Diurno,EP_R2_NPPI,EP_R2_NPPI,True,R2,NPPI,False,1.5,16.995,16.995,2022-2024,2022,2024,5,Jornalismo (Bacharelado) | Darcy Ribeiro,Jornalismo (Bacharelado) | Diurno,Jornalismo (Bacharelado) | EP_R2_NPPI,Jornalismo (Bacharelado) | Darcy Ribeiro | Diurno,Jornalismo (Bacharelado) | EP_R2_NPPI | Darcy Ribeiro,Jornalismo (Bacharelado) | EP_R2_NPPI | Diurno
2022-2024,2024,Darcy Ribeiro,Jornalismo (Bacharelado),Diurno,CN,CN,False,,NEGROS,False,,-3.462,-3.462,2022-2024,2022,2024,5,Jornalismo (Bacharelado) | Darcy Ribeiro,Jornalismo (Bacharelado) | Diurno,Jornalismo (Bacharelado) | CN,Jornalismo (Bacharelado) | Darcy Ribeiro | Diurno,Jornalismo (Bacharelado) | CN | Darcy Ribeiro,Jornalismo (Bacharelado) | CN | Diurno
2022-2024,2024,Darcy Ribeiro,Jornalismo (Bacharelado),Diurno,AC,AC,False,,,False,,69.365,78.377,2022-2024,2022,2024,5,Jornalismo (Bacharelado) | Darcy Ribeiro,Jornalismo (Bacharelado) | Diurno,Jornalismo (Bacharelado) | AC,Jornalismo (Bacharelado) | Darcy Ribeiro | Diurno,Jornalismo (Bacharelado) | AC | Darcy Ribeiro,Jornalismo (Bacharelado) | AC | Diurno
2022-2024,2024,Darcy Ribeiro,Letras - Inglês (Bacharelado/Licenciatura),Diurno,EP_R1_NPPI,EP_R1_NPPI,True,R1,NPPI,False,1.5,-26.435,-26.435,2022-2024,2022,2024,5,Letras - Inglês (Bacharelado/Licenciatura) | Darcy Ribeiro,Letras - Inglês (Bacharelado/Licenciatura) | Diurno,Letras - Inglês (Bacharelado/Licenciatura) | EP_R1_NPPI,Letras - Inglês (Bacharelado/Licenciatura) | Darcy Ribeiro | Diurno,Letras - Inglês (Bacharelado/Licenciatura) | EP_R1_NPPI | Darcy Ribeiro,Letras - Inglês (Bacharelado/Licenciatura) | EP_R1_NPPI | Diurno
2022-2024,2024,Darcy Ribeiro,Letras - Inglês (Bacharelado/Licenciatura),Diurno,EP_R2_NPPI,EP_R2_NPPI,True,R2,NPPI,False,1.5,-40.908,-19.451,2022-2024,2022,2024,5,Letras - Inglês (Bacharelado/Licenciatura) | Darcy Ribeiro,Letras - Inglês (Bacharelado/Licenciatura) | Diurno,Letras - Inglês (Bacharelado/Licenciatura) | EP_R2_NPPI,Letras - Inglês (Bacharelado/Licenciatura) | Darcy Ribeiro | Diurno,Letras - Inglês (Bacharelado/Licenciatura) | EP_R2_NPPI | Darcy Ribeiro,Letras - Inglês (Bacharelado/Licenciatura) | EP_R2_NPPI | Diurno
2022-2024,2024,Darcy Ribeiro,Letras - Inglês (Bacharelado/Licenciatura),Diurno,AC,AC,False,,,False,,-15.468,4.023,2022-2024,2022,2024,5,Letras - Inglês (Bacharelado/Licenciatura) | Darcy Ribeiro,Letras - Inglês (Bacharelado/Licenciatura) | Diurno,Letras - Inglês (Bacharelado/Licenciatura) | AC,Letras - Inglês (Bacharelado/Licenciatura) | Darcy Ribeiro | Diurno,Letras - Inglês (Bacharelado/Licenciatura) | AC | Darcy Ribeiro,Letras - Inglês (Bacharelado/Licenciatura) | AC | Diurno
2022-2024,2024,Darcy Ribeiro,Letras - Português (Bacharelado/Licenciatura),Diurno,EP_R1_NPPI,EP_R1_NPPI,True,R1,NPPI,False,1.5,-26.314,-26.314,2022-2024,2022,2024,5,Letras - Português (Bacharelado/Licenciatura) | Darcy Ribeiro,Letras - Português (Bacharelado/Licenciatura) | Diurno,Letras - Português (Bacharelado/Licenciatura) | EP_R1_NPPI,Letras - Português (Bacharelado/Licenciatura) | Darcy Ribeiro | Diurno,Letras - Português (Bacharelado/Licenciatura) | EP_R1_NPPI | Darcy Ribeiro,Letras - Português (Bacharelado/Licenciatura) | EP_R1_NPPI | Diurno
2022-2024,2024,Darcy Ribeiro,Letras - Português (Bacharelado/Licenciatura),Diurno,EP_R2_NPPI,EP_R2_NPPI,True,R2,NPPI,False,1.5,-53.691,-27.208,2022-2024,2022,2024,5,Letras - Português (Bacharelado/Licenciatura) | Darcy Ribeiro,Letras - Português (Bacharelado/Licenciatura) | Diurno,Letras - Português (Bacharelado/Licenciatura) | EP_R2_NPPI,Letras - Português (Bacharelado/Licenciatura) | Darcy Ribeiro | Diurno,Letras - Português (Bacharelado/Licenciatura) | EP_R2_NPPI | Darcy Ribeiro,Letras - Português (Bacharelado/Licenciatura) | EP_R2_NPPI | Diurno
2022-2024,2024,Darcy Ribeiro,Letras - Português (Bacharelado/Licenciatura),Diurno,CN,CN,False,,NEGROS,False,,-60.705,-60.705,2022-2024,2022,2024,5,Letras - Português (Bacharelado/Licenciatura) | Darcy Ribeiro,Letras - Português (Bacharelado/Licenciatura) | Diurno,Letras - Português (Bacharelado/Licenciatura) | CN,Letras - Português (Bacharelado/Licenciatura) | Darcy Ribeiro | Diurno,Letras - Português (Bacharelado/Licenciatura) | CN | Darcy Ribeiro,Letras - Português (Bacharelado/Licenciatura) | CN | Diurno
2022-2024,2024,Darcy Ribeiro,Letras - Português (Bacharelado/Licenciatura),Diurno,AC,AC,False,,,False,,-22.941,-4.114,2022-2024,2022,2024,5,Letras - Português (Bacharelado/Licenciatura) | Darcy Ribeiro,Letras - Português (Bacharelado/Licenciatura) | Diurno,Letras - Português (Bacharelado/Licenciatura) | AC,Letras - Português (Bacharelado/Licenciatura) | Darcy Ribeiro | Diurno,Letras - Português (Bacharelado/Licenciatura) | AC | Darcy Ribeiro,Letras - Português (Bacharelado/Licenciatura) | AC | Diurno
2022-2024,2024,Darcy Ribeiro,Letras – Tradução – Inglês (Bacharelado),Diurno,AC,AC,False,,,False,,-52.428,-20.242,2022-2024,2022,2024,5,Letras – Tradução – Inglês (Bacharelado) | Darcy Ribeiro,Letras – Tradução – Inglês (Bacharelado) | Diurno,Letras – Tradução – Inglês (Bacharelado) | AC,Letras – Tradução – Inglês (Bacharelado) | Darcy Ribeiro | Diurno,Letras – Tradução – Inglês (Bacharelado) | AC | Darcy Ribeiro,Letras – Tradução – Inglês (Bacharelado) | AC | Diurno
2022-2024,2024,Darcy Ribeiro,Matemática (Bacharelado/Licenciatura),Diurno,EP_R2_NPPI,EP_R2_NPPI,True,R2,NPPI,False,1.5,-53.025,-53.025,2022-2024,2022,2024,5,Matemática (Bacharelado/Licenciatura) | Darcy Ribeiro,Matemática (Bacharelado/Licenciatura) | Diurno,Matemática (Bacharelado/Licenciatura) | EP_R2_NPPI,Matemática (Bacharelado/Licenciatura) | Darcy Ribeiro | Diurno,Matemática (Bacharelado/Licenciatura) | EP_R2_NPPI | Darcy Ribeiro,Matemática (Bacharelado/Licenciatura) | EP_R2_NPPI | Diurno
2022-2024,2024,Darcy Ribeiro,Matemática (Bacharelado/Licenciatura),Diurno,AC,AC,False,,,False,,-65.029,17.561,2022-2024,2022,2024,5,Matemática (Bacharelado/Licenciatura) | Darcy Ribeiro,Matemática (Bacharelado/Licenciatura) | Diurno,Matemática (Bacharelado/Licenciatura) | AC,Matemática (Bacharelado/Licenciatura) | Darcy Ribeiro | Diurno,Matemática (Bacharelado/Licenciatura) | AC | Darcy Ribeiro,Matemática (Bacharelado/Licenciatura) | AC | Diurno
2022-2024,2024,Darcy Ribeiro,Medicina (Bacharelado),Diurno,EP_R1_PPI,EP_R1_PPI,True,R1,PPI,False,1.5,55.923,61.257,2022-2024,2022,2024,5,Medicina (Bacharelado) | Darcy Ribeiro,Medicina (Bacharelado) | Diurno,Medicina (Bacharelado) | EP_R1_PPI,Medicina (Bacharelado) | Darcy Ribeiro | Diurno,Medicina (Bacharelado) | EP_R1_PPI | Darcy Ribeiro,Medicina (Bacharelado) | EP_R1_PPI | Diurno
2022-2024,2024,Darcy Ribeiro,Medicina (Bacharelado),Diurno,EP_R1_NPPI,EP_R1_NPPI,True,R1,NPPI,False,1.5,88.009,109.377,2022-2024,2022,2024,5,Medicina (Bacharelado) | Darcy Ribeiro,Medicina (Bacharelado) | Diurno,Medicina (Bacharelado) | EP_R1_NPPI,Medicina (Bacharelado) | Darcy Ribeiro | Diurno,Medicina (Bacharelado) | EP_R1_NPPI | Darcy Ribeiro,Medicina (Bacharelado) | EP_R1_NPPI | Diurno
2022-2024,2024,Darcy Ribeiro,Medicina (Bacharelado),Diurno,EP_R2_PPI,EP_R2_PPI,True,R2,PPI,False,1.5,78.632,98.015,2022-2024,2022,2024,5,Medicina (Bacharelado) | Darcy Ribeiro,Medicina (Bacharelado) | Diurno,Medicina (Bacharelado) | EP_R2_PPI,Medicina (Bacharelado) | Darcy Ribeiro | Diurno,Medicina (Bacharelado) | EP_R2_PPI | Darcy Ribeiro,Medicina (Bacharelado) | EP_R2_PPI | Diurno
2022-2024,2024,Darcy Ribeiro,Medicina (Bacharelado),Diurno,EP_R2_NPPI,EP_R2_NPPI,True,R2,NPPI,False,1.5,155.1,155.1,2022-2024,2022,2024,5,Medicina (Bacharelado) | Darcy Ribeiro,Medicina (Bacharelado) | Diurno,Medicina (Bacharelado) | EP_R2_NPPI,Medicina (Bacharelado) | Darcy Ribeiro | Diurno,Medicina (Bacharelado) | EP_R2_NPPI | Darcy Ribeiro,Medicina (Bacharelado) | EP_R2_NPPI | Diurno
2022-2024,2024,Darcy Ribeiro,Medicina (Bacharelado),Diurno,CN,CN,False,,NEGROS,False,,146.826,146.826,2022-2024,2022,2024,5,Medicina (Bacharelado) | Darcy Ribeiro,Medicina (Bacharelado) | Diurno,Medicina (Bacharelado) | CN,Medicina (Bacharelado) | Darcy Ribeiro | Diurno,Medicina (Bacharelado) | CN | Darcy Ribeiro,Medicina (Bacharelado) | CN | Diurno
2022-2024,2024,Darcy Ribeiro,Medicina (Bacharelado),Diurno,AC,AC,False,,,False,,162.424,173.057,2022-2024,2022,2024,5,Medicina (Bacharelado) | Darcy Ribeiro,Medicina (Bacharelado) | Diurno,Medicina (Bacharelado) | AC,Medicina (Bacharelado) | Darcy Ribeiro | Diurno,Medicina (Bacharelado) | AC | Darcy Ribeiro,Medicina (Bacharelado) | AC | Diurno
2022-2024,2024,Darcy Ribeiro,Medicina Veterinária (Bacharelado),Diurno,EP_R1_NPPI,EP_R1_NPPI,True,R1,NPPI,False,1.5,-2.808,16.671,2022-2024,2022,2024,5,Medicina Veterinária (Bacharelado) | Darcy Ribeiro,Medicina Veterinária (Bacharelado) | Diurno,Medicina Veterinária (Bacharelado) | EP_R1_NPPI,Medicina Veterinária (Bacharelado) | Darcy Ribeiro | Diurno,Medicina Veterinária (Bacharelado) | EP_R1_NPPI | Darcy Ribeiro,Medicina Veterinária (Bacharelado) | EP_R1_NPPI | Diurno
2022-2024,2024,Darcy Ribeiro,Medicina Veterinária (Bacharelado),Diurno,EP_R2_PPI,EP_R2_PPI,True,R2,PPI,False,1.5,-62.784,-29.375,2022-2024,2022,2024,5,Medicina Veterinária (Bacharelado) | Darcy Ribeiro,Medicina Veterinária (Bacharelado) | Diurno,Medicina Veterinária (Bacharelado) | EP_R2_PPI,Medicina Veterinária (Bacharelado) | Darcy Ribeiro | Diurno,Medicina Veterinária (Bacharelado) | EP_R2_PPI | Darcy Ribeiro,Medicina Veterinária (Bacharelado) | EP_R2_PPI | Diurno
2022-2024,2024,Darcy Ribeiro,Medicina Veterinária (Bacharelado),Diurno,EP_R2_NPPI,EP_R2_NPPI,True,R2,NPPI,False,1.5,37.329,41.765,2022-2024,2022,2024,5,Medicina Veterinária (Bacharelado) | Darcy Ribeiro,Medicina Veterinária (Bacharelado) | Diurno,Medicina Veterinária (Bacharelado) | EP_R2_NPPI,Medicina Veterinária (Bacharelado) | Darcy Ribeiro | Diurno,Medicina Veterinária (Bacharelado) | EP_R2_NPPI | Darcy Ribeiro,Medicina Veterinária (Bacharelado) | EP_R2_NPPI | Diurno
2022-2024,2024,Darcy Ribeiro,Medicina Veterinária (Bacharelado),Diurno,CN,CN,False,,NEGROS,False,,47.188,47.188,2022-2024,2022,2024,5,Medicina Veterinária (Bacharelado) | Darcy Ribeiro,Medicina Veterinária (Bacharelado) | Diurno,Medicina Veterinária (Bacharelado) | CN,Medicina Veterinária (Bacharelado) | Darcy Ribeiro | Diurno,Medicina Veterinária (Bacharelado) | CN | Darcy Ribeiro,Medicina Veterinária (Bacharelado) | CN | Diurno
2022-2024,2024,Darcy Ribeiro,Medicina Veterinária (Bacharelado),Diurno,AC,AC,False,,,False,,52.582,63.333,2022-2024,2022,2024,5,Medicina Veterinária (Bacharelado) | Darcy Ribeiro,Medicina Veterinária (Bacharelado) | Diurno,Medicina Veterinária (Bacharelado) | AC,Medicina Veterinária (Bacharelado) | Darcy Ribeiro | Diurno,Medicina Veterinária (Bacharelado) | AC | Darcy Ribeiro,Medicina Veterinária (Bacharelado) | AC | Diurno
2022-2024,2024,Darcy Ribeiro,Nutrição (Bacharelado),Diurno,EP_R1_NPPI,EP_R1_NPPI,True,R1,NPPI,False,1.5,4.712,4.712,2022-2024,2022,2024,5,Nutrição (Bacharelado) | Darcy Ribeiro,Nutrição (Bacharelado) | Diurno,Nutrição (Bacharelado) | EP_R1_NPPI,Nutrição (Bacharelado) | Darcy Ribeiro | Diurno,Nutrição (Bacharelado) | EP_R1_NPPI | Darcy Ribeiro,Nutrição (Bacharelado) | EP_R1_NPPI | Diurno
2022-2024,2024,Darcy Ribeiro,Nutrição (Bacharelado),Diurno,EP_R2_PPI,EP_R2_PPI,True,R2,PPI,False,1.5,-67.72,-67.72,2022-2024,2022,2024,5,Nutrição (Bacharelado) | Darcy Ribeiro,Nutrição (Bacharelado) | Diurno,Nutrição (Bacharelado) | EP_R2_PPI,Nutrição (Bacharelado) | Darcy Ribeiro | Diurno,Nutrição (Bacharelado) | EP_R2_PPI | Darcy Ribeiro,Nutrição (Bacharelado) | EP_R2_PPI | Diurno
2022-2024,2024,Darcy Ribeiro,Nutrição (Bacharelado),Diurno,EP_R2_NPPI,EP_R2_NPPI,True,R2,NPPI,False,1.5,3.412,36.899,2022-2024,2022,2024,5,Nutrição (Bacharelado) | Darcy Ribeiro,Nutrição (Bacharelado) | Diurno,Nutrição (Bacharelado) | EP_R2_NPPI,Nutrição (Bacharelado) | Darcy Ribeiro | Diurno,Nutrição (Bacharelado) | EP_R2_NPPI | Darcy Ribeiro,Nutrição (Bacharelado) | EP_R2_NPPI | Diurno
2022-2024,2024,Darcy Ribeiro,Nutrição (Bacharelado),Diurno,CN,CN,False,,NEGROS,False,,-9.709,-9.709,2022-2024,2022,2024,5,Nutrição (Bacharelado) | Darcy Ribeiro,Nutrição (Bacharelado) | Diurno,Nutrição (Bacharelado) | CN,Nutrição (Bacharelado) | Darcy Ribeiro | Diurno,Nutrição (Bacharelado) | CN | Darcy Ribeiro,Nutrição (Bacharelado) | CN | Diurno
2022-2024,2024,Darcy Ribeiro,Nutrição (Bacharelado),Diurno,AC,AC,False,,,False,,41.989,56.753,2022-2024,2022,2024,5,Nutrição (Bacharelado) | Darcy Ribeiro,Nutrição (Bacharelado) | Diurno,Nutrição (Bacharelado) | AC,Nutrição (Bacharelado) | Darcy Ribeiro | Diurno,Nutrição (Bacharelado) | AC | Darcy Ribeiro,Nutrição (Bacharelado) | AC | Diurno
2022-2024,2024,Darcy Ribeiro,Odontologia (Bacharelado),Diurno,EP_R1_NPPI,EP_R1_NPPI,True,R1,NPPI,False,1.5,11.177,11.177,2022-2024,2022,2024,5,Odontologia (Bacharelado) | Darcy Ribeiro,Odontologia (Bacharelado) | Diurno,Odontologia (Bacharelado) | EP_R1_NPPI,Odontologia (Bacharelado) | Darcy Ribeiro | Diurno,Odontologia (Bacharelado) | EP_R1_NPPI | Darcy Ribeiro,Odontologia (Bacharelado) | EP_R1_NPPI | Diurno
2022-2024,2024,Darcy Ribeiro,Odontologia (Bacharelado),Diurno,EP_R2_PPI,EP_R2_PPI,True,R2,PPI,False,1.5,-50.627,2.933,2022-2024,2022,2024,5,Odontologia (Bacharelado) | Darcy Ribeiro,Odontologia (Bacharelado) | Diurno,Odontologia (Bacharelado) | EP_R2_PPI,Odontologia (Bacharelado) | Darcy Ribeiro | Diurno,Odontologia (Bacharelado) | EP_R2_PPI | Darcy Ribeiro,Odontologia (Bacharelado) | EP_R2_PPI | Diurno
2022-2024,2024,Darcy Ribeiro,Odontologia (Bacharelado),Diurno,EP_R2_NPPI,EP_R2_NPPI,True,R2,NPPI,False,1.5,35.47,36.069,2022-2024,2022,2024,5,Odontologia (Bacharelado) | Darcy Ribeiro,Odontologia (Bacharelado) | Diurno,Odontologia (Bacharelado) | EP_R2_NPPI,Odontologia (Bacharelado) | Darcy Ribeiro | Diurno,Odontologia (Bacharelado) | EP_R2_NPPI | Darcy Ribeiro,Odontologia (Bacharelado) | EP_R2_NPPI | Diurno
2022-2024,2024,Darcy Ribeiro,Odontologia (Bacharelado),Diurno,CN,CN,False,,NEGROS,False,,9.216,9.216,2022-2024,2022,2024,5,Odontologia (Bacharelado) | Darcy Ribeiro,Odontologia (Bacharelado) | Diurno,Odontologia (Bacharelado) | CN,Odontologia (Bacharelado) | Darcy Ribeiro | Diurno,Odontologia (Bacharelado) | CN | Darcy Ribeiro,Odontologia (Bacharelado) | CN | Diurno
2022-2024,2024,Darcy Ribeiro,Odontologia (Bacharelado),Diurno,AC,AC,False,,,False,,59.352,71.127,2022-2024,2022,2024,5,Odontologia (Bacharelado) | Darcy Ribeiro,Odontologia (Bacharelado) | Diurno,Odontologia (Bacharelado) | AC,Odontologia (Bacharelado) | Darcy Ribeiro | Diurno,Odontologia (Bacharelado) | AC | Darcy Ribeiro,Odontologia (Bacharelado) | AC | Diurno
2022-2024,2024,Darcy Ribeiro,Pedagogia (Licenciatura),Diurno,EP_R2_NPPI,EP_R2_NPPI,True,R2,NPPI,False,1.5,-70.173,-54.697,2022-2024,2022,2024,5,Pedagogia (Licenciatura) | Darcy Ribeiro,Pedagogia (Licenciatura) | Diurno,Pedagogia (Licenciatura) | EP_R2_NPPI,Pedagogia (Licenciatura) | Darcy Ribeiro | Diurno,Pedagogia (Licenciatura) | EP_R2_NPPI | Darcy Ribeiro,Pedagogia (Licenciatura) | EP_R2_NPPI | Diurno
2022-2024,2024,Darcy Ribeiro,Pedagogia (Licenciatura),Diurno,AC,AC,False,,,False,,-71.523,-19.368,2022-2024,2022,2024,5,Pedagogia (Licenciatura) | Darcy Ribeiro,Pedagogia (Licenciatura) | Diurno,Pedagogia (Licenciatura) | AC,Pedagogia (Licenciatura) | Darcy Ribeiro | Diurno,Pedagogia (Licenciatura) | AC | Darcy Ribeiro,Pedagogia (Licenciatura) | AC | Diurno
2022-2024,2024,Darcy Ribeiro,Psicologia (Bacharelado / Licenciatura / Psicólogo),Diurno,EP_R1_PPI,EP_R1_PPI,True,R1,PPI,False,1.5,-60.075,-34.654,2022-2024,2022,2024,5,Psicologia (Bacharelado / Licenciatura / Psicólogo) | Darcy Ribeiro,Psicologia (Bacharelado / Licenciatura / Psicólogo) | Diurno,Psicologia (Bacharelado / Licenciatura / Psicólogo) | EP_R1_PPI,Psicologia (Bacharelado / Licenciatura / Psicólogo) | Darcy Ribeiro | Diurno,Psicologia (Bacharelado / Licenciatura / Psicólogo) | EP_R1_PPI | Darcy Ribeiro,Psicologia (Bacharelado / Licenciatura / Psicólogo) | EP_R1_PPI | Diurno
2022-2024,2024,Darcy Ribeiro,Psicologia (Bacharelado / Licenciatura / Psicólogo),Diurno,EP_R1_NPPI,EP_R1_NPPI,True,R1,NPPI,False,1.5,3.278,8.523,2022-2024,2022,2024,5,Psicologia (Bacharelado / Licenciatura / Psicólogo) | Darcy Ribeiro,Psicologia (Bacharelado / Licenciatura / Psicólogo) | Diurno,Psicologia (Bacharelado / Licenciatura / Psicólogo) | EP_R1_NPPI,Psicologia (Bacharelado / Licenciatura / Psicólogo) | Darcy Ribeiro | Diurno,Psicologia (Bacharelado / Licenciatura / Psicólogo) | EP_R1_NPPI | Darcy Ribeiro,Psicologia (Bacharelado / Licenciatura / Psicólogo) | EP_R1_NPPI | Diurno
2022-2024,2024,Darcy Ribeiro,Psicologia (Bacharelado / Licenciatura / Psicólogo),Diurno,EP_R2_PPI,EP_R2_PPI,True,R2,PPI,False,1.5,-3.291,10.344,2022-2024,2022,2024,5,Psicologia (Bacharelado / Licenciatura / Psicólogo) | Darcy Ribeiro,Psicologia (Bacharelado / Licenciatura / Psicólogo) | Diurno,Psicologia (Bacharelado / Licenciatura / Psicólogo) | EP_R2_PPI,Psicologia (Bacharelado / Licenciatura / Psicólogo) | Darcy Ribeiro | Diurno,Psicologia (Bacharelado / Licenciatura / Psicólogo) | EP_R2_PPI | Darcy Ribeiro,Psicologia (Bacharelado / Licenciatura / Psicólogo) | EP_R2_PPI | Diurno
2022-2024,2024,Darcy Ribeiro,Psicologia (Bacharelado / Licenciatura / Psicólogo),Diurno,EP_R2_NPPI,EP_R2_NPPI,True,R2,NPPI,False,1.5,62.168,80.75,2022-2024,2022,2024,5,Psicologia (Bacharelado / Licenciatura / Psicólogo) | Darcy Ribeiro,Psicologia (Bacharelado / Licenciatura / Psicólogo) | Diurno,Psicologia (Bacharelado / Licenciatura / Psicólogo) | EP_R2_NPPI,Psicologia (Bacharelado / Licenciatura / Psicólogo) | Darcy Ribeiro | Diurno,Psicologia (Bacharelado / Licenciatura / Psicólogo) | EP_R2_NPPI | Darcy Ribeiro,Psicologia (Bacharelado / Licenciatura / Psicólogo) | EP_R2_NPPI | Diurno
2022-2024,2024,Darcy Ribeiro,Psicologia (Bacharelado / Licenciatura / Psicólogo),Diurno,CN,CN,False,,NEGROS,False,,19.287,19.287,2022-2024,2022,2024,5,Psicologia (Bacharelado / Licenciatura / Psicólogo) | Darcy Ribeiro,Psicologia (Bacharelado / Licenciatura / Psicólogo) | Diurno,Psicologia (Bacharelado / Licenciatura / Psicólogo) | CN,Psicologia (Bacharelado / Licenciatura / Psicólogo) | Darcy Ribeiro | Diurno,Psicologia (Bacharelado / Licenciatura / Psicólogo) | CN | Darcy Ribeiro,Psicologia (Bacharelado / Licenciatura / Psicólogo) | CN | Diurno
2022-2024,2024,Darcy Ribeiro,Psicologia (Bacharelado / Licenciatura / Psicólogo),Diurno,AC,AC,False,,,False,,81.553,93.909,2022-2024,2022,2024,5,Psicologia (Bacharelado / Licenciatura / Psicólogo) | Darcy Ribeiro,Psicologia (Bacharelado / Licenciatura / Psicólogo) | Diurno,Psicologia (Bacharelado / Licenciatura / Psicólogo) | AC,Psicologia (Bacharelado / Licenciatura / Psicólogo) | Darcy Ribeiro | Diurno,Psicologia (Bacharelado / Licenciatura / Psicólogo) | AC | Darcy Ribeiro,Psicologia (Bacharelado / Licenciatura / Psicólogo) | AC | Diurno
2022-2024,2024,Darcy Ribeiro,Química (Bacharelado),Diurno,EP_R2_NPPI,EP_R2_NPPI,True,R2,NPPI,False,1.5,-76.374,-76.374,2022-2024,2022,2024,5,Química (Bacharelado) | Darcy Ribeiro,Química (Bacharelado) | Diurno,Química (Bacharelado) | EP_R2_NPPI,Química (Bacharelado) | Darcy Ribeiro | Diurno,Química (Bacharelado) | EP_R2_NPPI | Darcy Ribeiro,Química (Bacharelado) | EP_R2_NPPI | Diurno
2022-2024,2024,Darcy Ribeiro,Química (Bacharelado),Diurno,CN,CN,False,,NEGROS,False,,-9.802,-9.802,2022-2024,2022,2024,5,Química (Bacharelado) | Darcy Ribeiro,Química (Bacharelado) | Diurno,Química (Bacharelado) | CN,Química (Bacharelado) | Darcy Ribeiro | Diurno,Química (Bacharelado) | CN | Darcy Ribeiro,Química (Bacharelado) | CN | Diurno
2022-2024,2024,Darcy Ribeiro,Química (Bacharelado),Diurno,AC,AC,False,,,False,,4.306,32.131,2022-2024,2022,2024,5,Química (Bacharelado) | Darcy Ribeiro,Química (Bacharelado) | Diurno,Química (Bacharelado) | AC,Química (Bacharelado) | Darcy Ribeiro | Diurno,Química (Bacharelado) | AC | Darcy Ribeiro,Química (Bacharelado) | AC | Diurno
2022-2024,2024,Darcy Ribeiro,Relações Internacionais (Bacharelado),Diurno,EP_R1_NPPI,EP_R1_NPPI,True,R1,NPPI,False,1.5,-5.024,0.805,2022-2024,2022,2024,5,Relações Internacionais (Bacharelado) | Darcy Ribeiro,Relações Internacionais (Bacharelado) | Diurno,Relações Internacionais (Bacharelado) | EP_R1_NPPI,Relações Internacionais (Bacharelado) | Darcy Ribeiro | Diurno,Relações Internacionais (Bacharelado) | EP_R1_NPPI | Darcy Ribeiro,Relações Internacionais (Bacharelado) | EP_R1_NPPI | Diurno
2022-2024,2024,Darcy Ribeiro,Relações Internacionais (Bacharelado),Diurno,EP_R2_PPI,EP_R2_PPI,True,R2,PPI,False,1.5,-29.25,-2.275,2022-2024,2022,2024,5,Relações Internacionais (Bacharelado) | Darcy Ribeiro,Relações Internacionais (Bacharelado) | Diurno,Relações Internacionais (Bacharelado) | EP_R2_PPI,Relações Internacionais (Bacharelado) | Darcy Ribeiro | Diurno,Relações Internacionais (Bacharelado) | EP_R2_PPI | Darcy Ribeiro,Relações Internacionais (Bacharelado) | EP_R2_PPI | Diurno
2022-2024,2024,Darcy Ribeiro,Relações Internacionais (Bacharelado),Diurno,EP_R2_NPPI,EP_R2_NPPI,True,R2,NPPI,False,1.5,34.208,34.299,2022-2024,2022,2024,5,Relações Internacionais (Bacharelado) | Darcy Ribeiro,Relações Internacionais (Bacharelado) | Diurno,Relações Internacionais (Bacharelado) | EP_R2_NPPI,Relações Internacionais (Bacharelado) | Darcy Ribeiro | Diurno,Relações Internacionais (Bacharelado) | EP_R2_NPPI | Darcy Ribeiro,Relações Internacionais (Bacharelado) | EP_R2_NPPI | Diurno
2022-2024,2024,Darcy Ribeiro,Relações Internacionais (Bacharelado),Diurno,CN,CN,False,,NEGROS,False,,51.877,51.877,2022-2024,2022,2024,5,Relações Internacionais (Bacharelado) | Darcy Ribeiro,Relações Internacionais (Bacharelado) | Diurno,Relações Internacionais (Bacharelado) | CN,Relações Internacionais (Bacharelado) | Darcy Ribeiro | Diurno,Relações Internacionais (Bacharelado) | CN | Darcy Ribeiro,Relações Internacionais (Bacharelado) | CN | Diurno
2022-2024,2024,Darcy Ribeiro,Relações Internacionais (Bacharelado),Diurno,AC,AC,False,,,False,,68.855,80.765,2022-2024,2022,2024,5,Relações Internacionais (Bacharelado) | Darcy Ribeiro,Relações Internacionais (Bacharelado) | Diurno,Relações Internacionais (Bacharelado) | AC,Relações Internacionais (Bacharelado) | Darcy Ribeiro | Diurno,Relações Internacionais (Bacharelado) | AC | Darcy Ribeiro,Relações Internacionais (Bacharelado) | AC | Diurno
2022-2024,2024,Gama,Engenharias (FGA),Diurno,EP_R2_NPPI,EP_R2_NPPI,True,R2,NPPI,False,1.5,-90.269,-6.587,2022-2024,2022,2024,5,Engenharias (FGA) | Gama,Engenharias (FGA) | Diurno,Engenharias (FGA) | EP_R2_NPPI,Engenharias (FGA) | Gama | Diurno,Engenharias (FGA) | EP_R2_NPPI | Gama,Engenharias (FGA) | EP_R2_NPPI | Diurno
2022-2024,2024,Gama,Engenharias (FGA),Diurno,CN,CN,False,,NEGROS,False,,-7.303,15.846,2022-2024,2022,2024,5,Engenharias (FGA) | Gama,Engenharias (FGA) | Diurno,Engenharias (FGA) | CN,Engenharias (FGA) | Gama | Diurno,Engenharias (FGA) | CN | Gama,Engenharias (FGA) | CN | Diurno
2022-2024,2024,Gama,Engenharias (FGA),Diurno,AC,AC,False,,,False,,24.317,50.424,2022-2024,2022,2024,5,Engenharias (FGA) | Gama,Engenharias (FGA) | Diurno,Engenharias (FGA) | AC,Engenharias (FGA) | Gama | Diurno,Engenharias (FGA) | AC | Gama,Engenharias (FGA) | AC | Diurno
2023-2025,2025,Ceilândia,Enfermagem (Bacharelado),Diurno,EP_R1_NPPIQ,EP_R1_NPPIQ,True,R1,NPPIQ,False,1.0,-46.839,3.143,2023-2025,2023,2025,6,Enfermagem (Bacharelado) | Ceilândia,Enfermagem (Bacharelado) | Diurno,Enfermagem (Bacharelado) | EP_R1_NPPIQ,Enfermagem (Bacharelado) | Ceilândia | Diurno,Enfermagem (Bacharelado) | EP_R1_NPPIQ | Ceilândia,Enfermagem (Bacharelado) | EP_R1_NPPIQ | Diurno
2023-2025,2025,Ceilândia,Enfermagem (Bacharelado),Diurno,EP_R2_PPIQ,EP_R2_PPIQ,True,R2,PPIQ,False,1.0,-46.024,-16.22,2023-2025,2023,2025,6,Enfermagem (Bacharelado) | Ceilândia,Enfermagem (Bacharelado) | Diurno,Enfermagem (Bacharelado) | EP_R2_PPIQ,Enfermagem (Bacharelado) | Ceilândia | Diurno,Enfermagem (Bacharelado) | EP_R2_PPIQ | Ceilândia,Enfermagem (Bacharelado) | EP_R2_PPIQ | Diurno
2023-2025,2025,Ceilândia,Enfermagem (Bacharelado),Diurno,EP_R2_NPPIQ,EP_R2_NPPIQ,True,R2,NPPIQ,False,1.0,8.744,18.405,2023-2025,2023,2025,6,Enfermagem (Bacharelado) | Ceilândia,Enfermagem (Bacharelado) | Diurno,Enfermagem (Bacharelado) | EP_R2_NPPIQ,Enfermagem (Bacharelado) | Ceilândia | Diurno,Enfermagem (Bacharelado) | EP_R2_NPPIQ | Ceilândia,Enfermagem (Bacharelado) | EP_R2_NPPIQ | Diurno
2023-2025,2025,Ceilândia,Enfermagem (Bacharelado),Diurno,EP_R2_NPPIQ_PCD,EP_R2_NPPIQ_PCD,True,R2,NPPIQ,True,1.0,-43.64,-43.64,2023-2025,2023,2025,6,Enfermagem (Bacharelado) | Ceilândia,Enfermagem (Bacharelado) | Diurno,Enfermagem (Bacharelado) | EP_R2_NPPIQ_PCD,Enfermagem (Bacharelado) | Ceilândia | Diurno,Enfermagem (Bacharelado) | EP_R2_NPPIQ_PCD | Ceilândia,Enfermagem (Bacharelado) | EP_R2_NPPIQ_PCD | Diurno
2023-2025,2025,Ceilândia,Enfermagem (Bacharelado),Diurno,CN,CN,False,,NEGROS,False,,22.701,22.701,2023-2025,2023,2025,6,Enfermagem (Bacharelado) | Ceilândia,Enfermagem (Bacharelado) | Diurno,Enfermagem (Bacharelado) | CN,Enfermagem (Bacharelado) | Ceilândia | Diurno,Enfermagem (Bacharelado) | CN | Ceilândia,Enfermagem (Bacharelado) | CN | Diurno
2023-2025,2025,Ceilândia,Enfermagem (Bacharelado),Diurno,AC,AC,False,,,False,,28.045,92.811,2023-2025,2023,2025,6,Enfermagem (Bacharelado) | Ceilândia,Enfermagem (Bacharelado) | Diurno,Enfermagem (Bacharelado) | AC,Enfermagem (Bacharelado) | Ceilândia | Diurno,Enfermagem (Bacharelado) | AC | Ceilândia,Enfermagem (Bacharelado) | AC | Diurno
2023-2025,2025,Ceilândia,Farmácia (Bacharelado),Diurno,EP_R1_NPPIQ,EP_R1_NPPIQ,True,R1,NPPIQ,False,1.0,-33.173,14.394,2023-2025,2023,2025,6,Farmácia (Bacharelado) | Ceilândia,Farmácia (Bacharelado) | Diurno,Farmácia (Bacharelado) | EP_R1_NPPIQ,Farmácia (Bacharelado) | Ceilândia | Diurno,Farmácia (Bacharelado) | EP_R1_NPPIQ | Ceilândia,Farmácia (Bacharelado) | EP_R1_NPPIQ | Diurno
2023-2025,2025,Ceilândia,Farmácia (Bacharelado),Diurno,EP_R2_PPIQ,EP_R2_PPIQ,True,R2,PPIQ,False,1.0,-83.68,-4.707,2023-2025,2023,2025,6,Farmácia (Bacharelado) | Ceilândia,Farmácia (Bacharelado) | Diurno,Farmácia (Bacharelado) | EP_R2_PPIQ,Farmácia (Bacharelado) | Ceilândia | Diurno,Farmácia (Bacharelado) | EP_R2_PPIQ | Ceilândia,Farmácia (Bacharelado) | EP_R2_PPIQ | Diurno
2023-2025,2025,Ceilândia,Farmácia (Bacharelado),Diurno,EP_R2_NPPIQ,EP_R2_NPPIQ,True,R2,NPPIQ,False,1.0,14.796,18.796,2023-2025,2023,2025,6,Farmácia (Bacharelado) | Ceilândia,Farmácia (Bacharelado) | Diurno,Farmácia (Bacharelado) | EP_R2_NPPIQ,Farmácia (Bacharelado) | Ceilândia | Diurno,Farmácia (Bacharelado) | EP_R2_NPPIQ | Ceilândia,Farmácia (Bacharelado) | EP_R2_NPPIQ | Diurno
2023-2025,2025,Ceilândia,Farmácia (Bacharelado),Diurno,CN,CN,False,,NEGROS,False,,15.618,15.618,2023-2025,2023,2025,6,Farmácia (Bacharelado) | Ceilândia,Farmácia (Bacharelado) | Diurno,Farmácia (Bacharelado) | CN,Farmácia (Bacharelado) | Ceilândia | Diurno,Farmácia (Bacharelado) | CN | Ceilândia,Farmácia (Bacharelado) | CN | Diurno
2023-2025,2025,Ceilândia,Farmácia (Bacharelado),Diurno,AC,AC,False,,,False,,31.936,92.243,2023-2025,2023,2025,6,Farmácia (Bacharelado) | Ceilândia,Farmácia (Bacharelado) | Diurno,Farmácia (Bacharelado) | AC,Farmácia (Bacharelado) | Ceilândia | Diurno,Farmácia (Bacharelado) | AC | Ceilândia,Farmácia (Bacharelado) | AC | Diurno
2023-2025,2025,Ceilândia,Fisioterapia (Bacharelado),Diurno,EP_R1_PPIQ,EP_R1_PPIQ,True,R1,PPIQ,False,1.0,-59.032,-59.032,2023-2025,2023,2025,6,Fisioterapia (Bacharelado) | Ceilândia,Fisioterapia (Bacharelado) | Diurno,Fisioterapia (Bacharelado) | EP_R1_PPIQ,Fisioterapia (Bacharelado) | Ceilândia | Diurno,Fisioterapia (Bacharelado) | EP_R1_PPIQ | Ceilândia,Fisioterapia (Bacharelado) | EP_R1_PPIQ | Diurno
2023-2025,2025,Ceilândia,Fisioterapia (Bacharelado),Diurno,EP_R1_NPPIQ,EP_R1_NPPIQ,True,R1,NPPIQ,False,1.0,-35.235,-33.078,2023-2025,2023,2025,6,Fisioterapia (Bacharelado) | Ceilândia,Fisioterapia (Bacharelado) | Diurno,Fisioterapia (Bacharelado) | EP_R1_NPPIQ,Fisioterapia (Bacharelado) | Ceilândia | Diurno,Fisioterapia (Bacharelado) | EP_R1_NPPIQ | Ceilândia,Fisioterapia (Bacharelado) | EP_R1_NPPIQ | Diurno
2023-2025,2025,Ceilândia,Fisioterapia (Bacharelado),Diurno,EP_R2_PPIQ,EP_R2_PPIQ,True,R2,PPIQ,False,1.0,-59.558,8.862,2023-2025,2023,2025,6,Fisioterapia (Bacharelado) | Ceilândia,Fisioterapia (Bacharelado) | Diurno,Fisioterapia (Bacharelado) | EP_R2_PPIQ,Fisioterapia (Bacharelado) | Ceilândia | Diurno,Fisioterapia (Bacharelado) | EP_R2_PPIQ | Ceilândia,Fisioterapia (Bacharelado) | EP_R2_PPIQ | Diurno
2023-2025,2025,Ceilândia,Fisioterapia (Bacharelado),Diurno,EP_R2_NPPIQ,EP_R2_NPPIQ,True,R2,NPPIQ,False,1.0,12.991,24.746,2023-2025,2023,2025,6,Fisioterapia (Bacharelado) | Ceilândia,Fisioterapia (Bacharelado) | Diurno,Fisioterapia (Bacharelado) | EP_R2_NPPIQ,Fisioterapia (Bacharelado) | Ceilândia | Diurno,Fisioterapia (Bacharelado) | EP_R2_NPPIQ | Ceilândia,Fisioterapia (Bacharelado) | EP_R2_NPPIQ | Diurno
2023-2025,2025,Ceilândia,Fisioterapia (Bacharelado),Diurno,CN,CN,False,,NEGROS,False,,13.637,13.637,2023-2025,2023,2025,6,Fisioterapia (Bacharelado) | Ceilândia,Fisioterapia (Bacharelado) | Diurno,Fisioterapia (Bacharelado) | CN,Fisioterapia (Bacharelado) | Ceilândia | Diurno,Fisioterapia (Bacharelado) | CN | Ceilândia,Fisioterapia (Bacharelado) | CN | Diurno
2023-2025,2025,Ceilândia,Fisioterapia (Bacharelado),Diurno,AC,AC,False,,,False,,30.23,81.869,2023-2025,2023,2025,6,Fisioterapia (Bacharelado) | Ceilândia,Fisioterapia (Bacharelado) | Diurno,Fisioterapia (Bacharelado) | AC,Fisioterapia (Bacharelado) | Ceilândia | Diurno,Fisioterapia (Bacharelado) | AC | Ceilândia,Fisioterapia (Bacharelado) | AC | Diurno
2023-2025,2025,Ceilândia,Fonoaudiologia (Bacharelado),Diurno,EP_R1_NPPIQ,EP_R1_NPPIQ,True,R1,NPPIQ,False,1.0,-60.121,-60.121,2023-2025,2023,2025,6,Fonoaudiologia (Bacharelado) | Ceilândia,Fonoaudiologia (Bacharelado) | Diurno,Fonoaudiologia (Bacharelado) | EP_R1_NPPIQ,Fonoaudiologia (Bacharelado) | Ceilândia | Diurno,Fonoaudiologia (Bacharelado) | EP_R1_NPPIQ | Ceilândia,Fonoaudiologia (Bacharelado) | EP_R1_NPPIQ | Diurno
2023-2025,2025,Ceilândia,Fonoaudiologia (Bacharelado),Diurno,EP_R2_PPIQ,EP_R2_PPIQ,True,R2,PPIQ,False,1.0,-48.358,-48.358,2023-2025,2023,2025,6,Fonoaudiologia (Bacharelado) | Ceilândia,Fonoaudiologia (Bacharelado) | Diurno,Fonoaudiologia (Bacharelado) | EP_R2_PPIQ,Fonoaudiologia (Bacharelado) | Ceilândia | Diurno,Fonoaudiologia (Bacharelado) | EP_R2_PPIQ | Ceilândia,Fonoaudiologia (Bacharelado) | EP_R2_PPIQ | Diurno
2023-2025,2025,Ceilândia,Fonoaudiologia (Bacharelado),Diurno,EP_R2_NPPIQ,EP_R2_NPPIQ,True,R2,NPPIQ,False,1.0,-20.384,5.716,2023-2025,2023,2025,6,Fonoaudiologia (Bacharelado) | Ceilândia,Fonoaudiologia (Bacharelado) | Diurno,Fonoaudiologia (Bacharelado) | EP_R2_NPPIQ,Fonoaudiologia (Bacharelado) | Ceilândia | Diurno,Fonoaudiologia (Bacharelado) | EP_R2_NPPIQ | Ceilândia,Fonoaudiologia (Bacharelado) | EP_R2_NPPIQ | Diurno
2023-2025,2025,Ceilândia,Fonoaudiologia (Bacharelado),Diurno,EP_R2_NPPIQ_PCD,EP_R2_NPPIQ_PCD,True,R2,NPPIQ,True,1.0,-43.816,-43.816,2023-2025,2023,2025,6,Fonoaudiologia (Bacharelado) | Ceilândia,Fonoaudiologia (Bacharelado) | Diurno,Fonoaudiologia (Bacharelado) | EP_R2_NPPIQ_PCD,Fonoaudiologia (Bacharelado) | Ceilândia | Diurno,Fonoaudiologia (Bacharelado) | EP_R2_NPPIQ_PCD | Ceilândia,Fonoaudiologia (Bacharelado) | EP_R2_NPPIQ_PCD | Diurno
2023-2025,2025,Ceilândia,Fonoaudiologia (Bacharelado),Diurno,CN,CN,False,,NEGROS,False,,5.402,5.402,2023-2025,2023,2025,6,Fonoaudiologia (Bacharelado) | Ceilândia,Fonoaudiologia (Bacharelado) | Diurno,Fonoaudiologia (Bacharelado) | CN,Fonoaudiologia (Bacharelado) | Ceilândia | Diurno,Fonoaudiologia (Bacharelado) | CN | Ceilândia,Fonoaudiologia (Bacharelado) | CN | Diurno
2023-2025,2025,Ceilândia,Fonoaudiologia (Bacharelado),Diurno,AC,AC,False,,,False,,16.721,40.508,2023-2025,2023,2025,6,Fonoaudiologia (Bacharelado) | Ceilândia,Fonoaudiologia (Bacharelado) | Diurno,Fonoaudiologia (Bacharelado) | AC,Fonoaudiologia (Bacharelado) | Ceilândia | Diurno,Fonoaudiologia (Bacharelado) | AC | Ceilândia,Fonoaudiologia (Bacharelado) | AC | Diurno
2023-2025,2025,Ceilândia,Saúde Coletiva (Bacharelado),Diurno,AC,AC,False,,,False,,-73.062,-3.918,2023-2025,2023,2025,6,Saúde Coletiva (Bacharelado) | Ceilândia,Saúde Coletiva (Bacharelado) | Diurno,Saúde Coletiva (Bacharelado) | AC,Saúde Coletiva (Bacharelado) | Ceilândia | Diurno,Saúde Coletiva (Bacharelado) | AC | Ceilândia,Saúde Coletiva (Bacharelado) | AC | Diurno
2023-2025,2025,Ceilândia,Terapia Ocupacional (Bacharelado),Diurno,EP_R1_NPPIQ,EP_R1_NPPIQ,True,R1,NPPIQ,False,1.0,-82.855,-36.853,2023-2025,2023,2025,6,Terapia Ocupacional (Bacharelado) | Ceilândia,Terapia Ocupacional (Bacharelado) | Diurno,Terapia Ocupacional (Bacharelado) | EP_R1_NPPIQ,Terapia Ocupacional (Bacharelado) | Ceilândia | Diurno,Terapia Ocupacional (Bacharelado) | EP_R1_NPPIQ | Ceilândia,Terapia Ocupacional (Bacharelado) | EP_R1_NPPIQ | Diurno
2023-2025,2025,Ceilândia,Terapia Ocupacional (Bacharelado),Diurno,EP_R2_PPIQ,EP_R2_PPIQ,True,R2,PPIQ,False,1.0,-72.221,-22.382,2023-2025,2023,2025,6,Terapia Ocupacional (Bacharelado) | Ceilândia,Terapia Ocupacional (Bacharelado) | Diurno,Terapia Ocupacional (Bacharelado) | EP_R2_PPIQ,Terapia Ocupacional (Bacharelado) | Ceilândia | Diurno,Terapia Ocupacional (Bacharelado) | EP_R2_PPIQ | Ceilândia,Terapia Ocupacional (Bacharelado) | EP_R2_PPIQ | Diurno
2023-2025,2025,Ceilândia,Terapia Ocupacional (Bacharelado),Diurno,EP_R2_NPPIQ,EP_R2_NPPIQ,True,R2,NPPIQ,False,1.0,-14.671,-6.035,2023-2025,2023,2025,6,Terapia Ocupacional (Bacharelado) | Ceilândia,Terapia Ocupacional (Bacharelado) | Diurno,Terapia Ocupacional (Bacharelado) | EP_R2_NPPIQ,Terapia Ocupacional (Bacharelado) | Ceilândia | Diurno,Terapia Ocupacional (Bacharelado) | EP_R2_NPPIQ | Ceilândia,Terapia Ocupacional (Bacharelado) | EP_R2_NPPIQ | Diurno
2023-2025,2025,Ceilândia,Terapia Ocupacional (Bacharelado),Diurno,CN,CN,False,,NEGROS,False,,-18.436,-18.436,2023-2025,2023,2025,6,Terapia Ocupacional (Bacharelado) | Ceilândia,Terapia Ocupacional (Bacharelado) | Diurno,Terapia Ocupacional (Bacharelado) | CN,Terapia Ocupacional (Bacharelado) | Ceilândia | Diurno,Terapia Ocupacional (Bacharelado) | CN | Ceilândia,Terapia Ocupacional (Bacharelado) | CN | Diurno
2023-2025,2025,Ceilândia,Terapia Ocupacional (Bacharelado),Diurno,AC,AC,False,,,False,,2.706,46.76,2023-2025,2023,2025,6,Terapia Ocupacional (Bacharelado) | Ceilândia,Terapia Ocupacional (Bacharelado) | Diurno,Terapia Ocupacional (Bacharelado) | AC,Terapia Ocupacional (Bacharelado) | Ceilândia | Diurno,Terapia Ocupacional (Bacharelado) | AC | Ceilândia,Terapia Ocupacional (Bacharelado) | AC | Diurno
2023-2025,2025,Darcy Ribeiro,Administração (Bacharelado),Diurno,EP_R1_NPPIQ,EP_R1_NPPIQ,True,R1,NPPIQ,False,1.0,-67.831,-19.227,2023-2025,2023,2025,6,Administração (Bacharelado) | Darcy Ribeiro,Administração (Bacharelado) | Diurno,Administração (Bacharelado) | EP_R1_NPPIQ,Administração (Bacharelado) | Darcy Ribeiro | Diurno,Administração (Bacharelado) | EP_R1_NPPIQ | Darcy Ribeiro,Administração (Bacharelado) | EP_R1_NPPIQ | Diurno
2023-2025,2025,Darcy Ribeiro,Administração (Bacharelado),Diurno,EP_R2_PPIQ,EP_R2_PPIQ,True,R2,PPIQ,False,1.0,-25.422,-3.245,2023-2025,2023,2025,6,Administração (Bacharelado) | Darcy Ribeiro,Administração (Bacharelado) | Diurno,Administração (Bacharelado) | EP_R2_PPIQ,Administração (Bacharelado) | Darcy Ribeiro | Diurno,Administração (Bacharelado) | EP_R2_PPIQ | Darcy Ribeiro,Administração (Bacharelado) | EP_R2_PPIQ | Diurno
2023-2025,2025,Darcy Ribeiro,Administração (Bacharelado),Diurno,EP_R2_NPPIQ,EP_R2_NPPIQ,True,R2,NPPIQ,False,1.0,-17.433,18.394,2023-2025,2023,2025,6,Administração (Bacharelado) | Darcy Ribeiro,Administração (Bacharelado) | Diurno,Administração (Bacharelado) | EP_R2_NPPIQ,Administração (Bacharelado) | Darcy Ribeiro | Diurno,Administração (Bacharelado) | EP_R2_NPPIQ | Darcy Ribeiro,Administração (Bacharelado) | EP_R2_NPPIQ | Diurno
2023-2025,2025,Darcy Ribeiro,Administração (Bacharelado),Diurno,CN,CN,False,,NEGROS,False,,-12.58,6.842,2023-2025,2023,2025,6,Administração (Bacharelado) | Darcy Ribeiro,Administração (Bacharelado) | Diurno,Administração (Bacharelado) | CN,Administração (Bacharelado) | Darcy Ribeiro | Diurno,Administração (Bacharelado) | CN | Darcy Ribeiro,Administração (Bacharelado) | CN | Diurno
2023-2025,2025,Darcy Ribeiro,Administração (Bacharelado),Diurno,AC,AC,False,,,False,,38.131,99.156,2023-2025,2023,2025,6,Administração (Bacharelado) | Darcy Ribeiro,Administração (Bacharelado) | Diurno,Administração (Bacharelado) | AC,Administração (Bacharelado) | Darcy Ribeiro | Diurno,Administração (Bacharelado) | AC | Darcy Ribeiro,Administração (Bacharelado) | AC | Diurno
2023-2025,2025,Darcy Ribeiro,Administração (Bacharelado),Noturno,EP_R2_NPPIQ,EP_R2_NPPIQ,True,R2,NPPIQ,False,1.0,-55.503,-4.817,2023-2025,2023,2025,6,Administração (Bacharelado) | Darcy Ribeiro,Administração (Bacharelado) | Noturno,Administração (Bacharelado) | EP_R2_NPPIQ,Administração (Bacharelado) | Darcy Ribeiro | Noturno,Administração (Bacharelado) | EP_R2_NPPIQ | Darcy Ribeiro,Administração (Bacharelado) | EP_R2_NPPIQ | Noturno
2023-2025,2025,Darcy Ribeiro,Administração (Bacharelado),Noturno,CN,CN,False,,NEGROS,False,,-54.846,-53.83,2023-2025,2023,2025,6,Administração (Bacharelado) | Darcy Ribeiro,Administração (Bacharelado) | Noturno,Administração (Bacharelado) | CN,Administração (Bacharelado) | Darcy Ribeiro | Noturno,Administração (Bacharelado) | CN | Darcy Ribeiro,Administração (Bacharelado) | CN | Noturno
2023-2025,2025,Darcy Ribeiro,Administração (Bacharelado),Noturno,AC,AC,False,,,False,,-7.05,44.901,2023-2025,2023,2025,6,Administração (Bacharelado) | Darcy Ribeiro,Administração (Bacharelado) | Noturno,Administração (Bacharelado) | AC,Administração (Bacharelado) | Darcy Ribeiro | Noturno,Administração (Bacharelado) | AC | Darcy Ribeiro,Administração (Bacharelado) | AC | Noturno
2023-2025,2025,Darcy Ribeiro,Agronomia (Bacharelado),Diurno,EP_R1_NPPIQ,EP_R1_NPPIQ,True,R1,NPPIQ,False,1.0,-56.39,-56.39,2023-2025,2023,2025,6,Agronomia (Bacharelado) | Darcy Ribeiro,Agronomia (Bacharelado) | Diurno,Agronomia (Bacharelado) | EP_R1_NPPIQ,Agronomia (Bacharelado) | Darcy Ribeiro | Diurno,Agronomia (Bacharelado) | EP_R1_NPPIQ | Darcy Ribeiro,Agronomia (Bacharelado) | EP_R1_NPPIQ | Diurno
2023-2025,2025,Darcy Ribeiro,Agronomia (Bacharelado),Diurno,EP_R2_PPIQ,EP_R2_PPIQ,True,R2,PPIQ,False,1.0,-62.778,-36.2,2023-2025,2023,2025,6,Agronomia (Bacharelado) | Darcy Ribeiro,Agronomia (Bacharelado) | Diurno,Agronomia (Bacharelado) | EP_R2_PPIQ,Agronomia (Bacharelado) | Darcy Ribeiro | Diurno,Agronomia (Bacharelado) | EP_R2_PPIQ | Darcy Ribeiro,Agronomia (Bacharelado) | EP_R2_PPIQ | Diurno
2023-2025,2025,Darcy Ribeiro,Agronomia (Bacharelado),Diurno,EP_R2_NPPIQ,EP_R2_NPPIQ,True,R2,NPPIQ,False,1.0,-58.036,-13.042,2023-2025,2023,2025,6,Agronomia (Bacharelado) | Darcy Ribeiro,Agronomia (Bacharelado) | Diurno,Agronomia (Bacharelado) | EP_R2_NPPIQ,Agronomia (Bacharelado) | Darcy Ribeiro | Diurno,Agronomia (Bacharelado) | EP_R2_NPPIQ | Darcy Ribeiro,Agronomia (Bacharelado) | EP_R2_NPPIQ | Diurno
2023-2025,2025,Darcy Ribeiro,Agronomia (Bacharelado),Diurno,CN,CN,False,,NEGROS,False,,-22.112,-14.127,2023-2025,2023,2025,6,Agronomia (Bacharelado) | Darcy Ribeiro,Agronomia (Bacharelado) | Diurno,Agronomia (Bacharelado) | CN,Agronomia (Bacharelado) | Darcy Ribeiro | Diurno,Agronomia (Bacharelado) | CN | Darcy Ribeiro,Agronomia (Bacharelado) | CN | Diurno
2023-2025,2025,Darcy Ribeiro,Agronomia (Bacharelado),Diurno,AC,AC,False,,,False,,-5.377,112.172,2023-2025,2023,2025,6,Agronomia (Bacharelado) | Darcy Ribeiro,Agronomia (Bacharelado) | Diurno,Agronomia (Bacharelado) | AC,Agronomia (Bacharelado) | Darcy Ribeiro | Diurno,Agronomia (Bacharelado) | AC | Darcy Ribeiro,Agronomia (Bacharelado) | AC | Diurno
2023-2025,2025,Darcy Ribeiro,Arquitetura e Urbanismo (Bacharelado),Diurno,EP_R1_NPPIQ,EP_R1_NPPIQ,True,R1,NPPIQ,False,1.0,-32.379,4.506,2023-2025,2023,2025,6,Arquitetura e Urbanismo (Bacharelado) | Darcy Ribeiro,Arquitetura e Urbanismo (Bacharelado) | Diurno,Arquitetura e Urbanismo (Bacharelado) | EP_R1_NPPIQ,Arquitetura e Urbanismo (Bacharelado) | Darcy Ribeiro | Diurno,Arquitetura e Urbanismo (Bacharelado) | EP_R1_NPPIQ | Darcy Ribeiro,Arquitetura e Urbanismo (Bacharelado) | EP_R1_NPPIQ | Diurno
2023-2025,2025,Darcy Ribeiro,Arquitetura e Urbanismo (Bacharelado),Diurno,EP_R2_PPIQ,EP_R2_PPIQ,True,R2,PPIQ,False,1.0,12.661,61.488,2023-2025,2023,2025,6,Arquitetura e Urbanismo (Bacharelado) | Darcy Ribeiro,Arquitetura e Urbanismo (Bacharelado) | Diurno,Arquitetura e Urbanismo (Bacharelado) | EP_R2_PPIQ,Arquitetura e Urbanismo (Bacharelado) | Darcy Ribeiro | Diurno,Arquitetura e Urbanismo (Bacharelado) | EP_R2_PPIQ | Darcy Ribeiro,Arquitetura e Urbanismo (Bacharelado) | EP_R2_PPIQ | Diurno
2023-2025,2025,Darcy Ribeiro,Arquitetura e Urbanismo (Bacharelado),Diurno,EP_R2_NPPIQ,EP_R2_NPPIQ,True,R2,NPPIQ,False,1.0,65.505,97.824,2023-2025,2023,2025,6,Arquitetura e Urbanismo (Bacharelado) | Darcy Ribeiro,Arquitetura e Urbanismo (Bacharelado) | Diurno,Arquitetura e Urbanismo (Bacharelado) | EP_R2_NPPIQ,Arquitetura e Urbanismo (Bacharelado) | Darcy Ribeiro | Diurno,Arquitetura e Urbanismo (Bacharelado) | EP_R2_NPPIQ | Darcy Ribeiro,Arquitetura e Urbanismo (Bacharelado) | EP_R2_NPPIQ | Diurno
2023-2025,2025,Darcy Ribeiro,Arquitetura e Urbanismo (Bacharelado),Diurno,CN,CN,False,,NEGROS,False,,65.15,65.15,2023-2025,2023,2025,6,Arquitetura e Urbanismo (Bacharelado) | Darcy Ribeiro,Arquitetura e Urbanismo (Bacharelado) | Diurno,Arquitetura e Urbanismo (Bacharelado) | CN,Arquitetura e Urbanismo (Bacharelado) | Darcy Ribeiro | Diurno,Arquitetura e Urbanismo (Bacharelado) | CN | Darcy Ribeiro,Arquitetura e Urbanismo (Bacharelado) | CN | Diurno
2023-2025,2025,Darcy Ribeiro,Arquitetura e Urbanismo (Bacharelado),Diurno,AC,AC,False,,,False,,98.047,146.303,2023-2025,2023,2025,6,Arquitetura e Urbanismo (Bacharelado) | Darcy Ribeiro,Arquitetura e Urbanismo (Bacharelado) | Diurno,Arquitetura e Urbanismo (Bacharelado) | AC,Arquitetura e Urbanismo (Bacharelado) | Darcy Ribeiro | Diurno,Arquitetura e Urbanismo (Bacharelado) | AC | Darcy Ribeiro,Arquitetura e Urbanismo (Bacharelado) | AC | Diurno
2023-2025,2025,Darcy Ribeiro,Arquitetura e Urbanismo (Bacharelado),Noturno,EP_R2_NPPIQ,EP_R2_NPPIQ,True,R2,NPPIQ,False,1.0,-57.497,11.923,2023-2025,2023,2025,6,Arquitetura e Urbanismo (Bacharelado) | Darcy Ribeiro,Arquitetura e Urbanismo (Bacharelado) | Noturno,Arquitetura e Urbanismo (Bacharelado) | EP_R2_NPPIQ,Arquitetura e Urbanismo (Bacharelado) | Darcy Ribeiro | Noturno,Arquitetura e Urbanismo (Bacharelado) | EP_R2_NPPIQ | Darcy Ribeiro,Arquitetura e Urbanismo (Bacharelado) | EP_R2_NPPIQ | Noturno
2023-2025,2025,Darcy Ribeiro,Arquitetura e Urbanismo (Bacharelado),Noturno,CN,CN,False,,NEGROS,False,,23.271,23.271,2023-2025,2023,2025,6,Arquitetura e Urbanismo (Bacharelado) | Darcy Ribeiro,Arquitetura e Urbanismo (Bacharelado) | Noturno,Arquitetura e Urbanismo (Bacharelado) | CN,Arquitetura e Urbanismo (Bacharelado) | Darcy Ribeiro | Noturno,Arquitetura e Urbanismo (Bacharelado) | CN | Darcy Ribeiro,Arquitetura e Urbanismo (Bacharelado) | CN | Noturno
2023-2025,2025,Darcy Ribeiro,Arquitetura e Urbanismo (Bacharelado),Noturno,AC,AC,False,,,False,,48.138,74.131,2023-2025,2023,2025,6,Arquitetura e Urbanismo (Bacharelado) | Darcy Ribeiro,Arquitetura e Urbanismo (Bacharelado) | Noturno,Arquitetura e Urbanismo (Bacharelado) | AC,Arquitetura e Urbanismo (Bacharelado) | Darcy Ribeiro | Noturno,Arquitetura e Urbanismo (Bacharelado) | AC | Darcy Ribeiro,Arquitetura e Urbanismo (Bacharelado) | AC | Noturno
2023-2025,2025,Darcy Ribeiro,Arquivologia (Bacharelado),Noturno,EP_R2_NPPIQ,EP_R2_NPPIQ,True,R2,NPPIQ,False,1.0,-70.619,-31.332,2023-2025,2023,2025,6,Arquivologia (Bacharelado) | Darcy Ribeiro,Arquivologia (Bacharelado) | Noturno,Arquivologia (Bacharelado) | EP_R2_NPPIQ,Arquivologia (Bacharelado) | Darcy Ribeiro | Noturno,Arquivologia (Bacharelado) | EP_R2_NPPIQ | Darcy Ribeiro,Arquivologia (Bacharelado) | EP_R2_NPPIQ | Noturno
2023-2025,2025,Darcy Ribeiro,Arquivologia (Bacharelado),Noturno,AC,AC,False,,,False,,-57.868,41.329,2023-2025,2023,2025,6,Arquivologia (Bacharelado) | Darcy Ribeiro,Arquivologia (Bacharelado) | Noturno,Arquivologia (Bacharelado) | AC,Arquivologia (Bacharelado) | Darcy Ribeiro | Noturno,Arquivologia (Bacharelado) | AC | Darcy Ribeiro,Arquivologia (Bacharelado) | AC | Noturno
2023-2025,2025,Darcy Ribeiro,Artes Cênicas (Bacharelado),Diurno,EP_R2_NPPIQ,EP_R2_NPPIQ,True,R2,NPPIQ,False,1.0,-30.791,18.165,2023-2025,2023,2025,6,Artes Cênicas (Bacharelado) | Darcy Ribeiro,Artes Cênicas (Bacharelado) | Diurno,Artes Cênicas (Bacharelado) | EP_R2_NPPIQ,Artes Cênicas (Bacharelado) | Darcy Ribeiro | Diurno,Artes Cênicas (Bacharelado) | EP_R2_NPPIQ | Darcy Ribeiro,Artes Cênicas (Bacharelado) | EP_R2_NPPIQ | Diurno
2023-2025,2025,Darcy Ribeiro,Artes Cênicas (Bacharelado),Diurno,EP_R2_NPPIQ_PCD,EP_R2_NPPIQ_PCD,True,R2,NPPIQ,True,1.0,-33.372,-33.372,2023-2025,2023,2025,6,Artes Cênicas (Bacharelado) | Darcy Ribeiro,Artes Cênicas (Bacharelado) | Diurno,Artes Cênicas (Bacharelado) | EP_R2_NPPIQ_PCD,Artes Cênicas (Bacharelado) | Darcy Ribeiro | Diurno,Artes Cênicas (Bacharelado) | EP_R2_NPPIQ_PCD | Darcy Ribeiro,Artes Cênicas (Bacharelado) | EP_R2_NPPIQ_PCD | Diurno
2023-2025,2025,Darcy Ribeiro,Artes Cênicas (Bacharelado),Diurno,AC,AC,False,,,False,,23.679,42.35,2023-2025,2023,2025,6,Artes Cênicas (Bacharelado) | Darcy Ribeiro,Artes Cênicas (Bacharelado) | Diurno,Artes Cênicas (Bacharelado) | AC,Artes Cênicas (Bacharelado) | Darcy Ribeiro | Diurno,Artes Cênicas (Bacharelado) | AC | Darcy Ribeiro,Artes Cênicas (Bacharelado) | AC | Diurno
2023-2025,2025,Darcy Ribeiro,Artes Cênicas (Licenciatura),Diurno,EP_R2_PPIQ,EP_R2_PPIQ,True,R2,PPIQ,False,1.0,-62.337,-53.522,2023-2025,2023,2025,6,Artes Cênicas (Licenciatura) | Darcy Ribeiro,Artes Cênicas (Licenciatura) | Diurno,Artes Cênicas (Licenciatura) | EP_R2_PPIQ,Artes Cênicas (Licenciatura) | Darcy Ribeiro | Diurno,Artes Cênicas (Licenciatura) | EP_R2_PPIQ | Darcy Ribeiro,Artes Cênicas (Licenciatura) | EP_R2_PPIQ | Diurno
2023-2025,2025,Darcy Ribeiro,Artes Cênicas (Licenciatura),Diurno,EP_R2_NPPIQ,EP_R2_NPPIQ,True,R2,NPPIQ,False,1.0,-49.808,-49.808,2023-2025,2023,2025,6,Artes Cênicas (Licenciatura) | Darcy Ribeiro,Artes Cênicas (Licenciatura) | Diurno,Artes Cênicas (Licenciatura) | EP_R2_NPPIQ,Artes Cênicas (Licenciatura) | Darcy Ribeiro | Diurno,Artes Cênicas (Licenciatura) | EP_R2_NPPIQ | Darcy Ribeiro,Artes Cênicas (Licenciatura) | EP_R2_NPPIQ | Diurno
2023-2025,2025,Darcy Ribeiro,Artes Cênicas (Licenciatura),Diurno,AC,AC,False,,,False,,-12.384,29.579,2023-2025,2023,2025,6,Artes Cênicas (Licenciatura) | Darcy Ribeiro,Artes Cênicas (Licenciatura) | Diurno,Artes Cênicas (Licenciatura) | AC,Artes Cênicas (Licenciatura) | Darcy Ribeiro | Diurno,Artes Cênicas (Licenciatura) | AC | Darcy Ribeiro,Artes Cênicas (Licenciatura) | AC | Diurno
2023-2025,2025,Darcy Ribeiro,Artes Cênicas (Licenciatura),Noturno,AC,AC,False,,,False,,-53.375,16.725,2023-2025,2023,2025,6,Artes Cênicas (Licenciatura) | Darcy Ribeiro,Artes Cênicas (Licenciatura) | Noturno,Artes Cênicas (Licenciatura) | AC,Artes Cênicas (Licenciatura) | Darcy Ribeiro | Noturno,Artes Cênicas (Licenciatura) | AC | Darcy Ribeiro,Artes Cênicas (Licenciatura) | AC | Noturno
2023-2025,2025,Darcy Ribeiro,Artes Visuais (Bacharelado),Diurno,EP_R2_NPPIQ,EP_R2_NPPIQ,True,R2,NPPIQ,False,1.0,-64.314,-16.574,2023-2025,2023,2025,6,Artes Visuais (Bacharelado) | Darcy Ribeiro,Artes Visuais (Bacharelado) | Diurno,Artes Visuais (Bacharelado) | EP_R2_NPPIQ,Artes Visuais (Bacharelado) | Darcy Ribeiro | Diurno,Artes Visuais (Bacharelado) | EP_R2_NPPIQ | Darcy Ribeiro,Artes Visuais (Bacharelado) | EP_R2_NPPIQ | Diurno
2023-2025,2025,Darcy Ribeiro,Artes Visuais (Bacharelado),Diurno,CN,CN,False,,NEGROS,False,,-21.925,-21.925,2023-2025,2023,2025,6,Artes Visuais (Bacharelado) | Darcy Ribeiro,Artes Visuais (Bacharelado) | Diurno,Artes Visuais (Bacharelado) | CN,Artes Visuais (Bacharelado) | Darcy Ribeiro | Diurno,Artes Visuais (Bacharelado) | CN | Darcy Ribeiro,Artes Visuais (Bacharelado) | CN | Diurno
2023-2025,2025,Darcy Ribeiro,Artes Visuais (Bacharelado),Diurno,AC,AC,False,,,False,,13.225,75.062,2023-2025,2023,2025,6,Artes Visuais (Bacharelado) | Darcy Ribeiro,Artes Visuais (Bacharelado) | Diurno,Artes Visuais (Bacharelado) | AC,Artes Visuais (Bacharelado) | Darcy Ribeiro | Diurno,Artes Visuais (Bacharelado) | AC | Darcy Ribeiro,Artes Visuais (Bacharelado) | AC | Diurno
2023-2025,2025,Darcy Ribeiro,Biblioteconomia (Bacharelado),Diurno,EP_R2_NPPIQ,EP_R2_NPPIQ,True,R2,NPPIQ,False,1.0,-54.547,-52.729,2023-2025,2023,2025,6,Biblioteconomia (Bacharelado) | Darcy Ribeiro,Biblioteconomia (Bacharelado) | Diurno,Biblioteconomia (Bacharelado) | EP_R2_NPPIQ,Biblioteconomia (Bacharelado) | Darcy Ribeiro | Diurno,Biblioteconomia (Bacharelado) | EP_R2_NPPIQ | Darcy Ribeiro,Biblioteconomia (Bacharelado) | EP_R2_NPPIQ | Diurno
2023-2025,2025,Darcy Ribeiro,Biblioteconomia (Bacharelado),Diurno,CN,CN,False,,NEGROS,False,,-46.402,-46.402,2023-2025,2023,2025,6,Biblioteconomia (Bacharelado) | Darcy Ribeiro,Biblioteconomia (Bacharelado) | Diurno,Biblioteconomia (Bacharelado) | CN,Biblioteconomia (Bacharelado) | Darcy Ribeiro | Diurno,Biblioteconomia (Bacharelado) | CN | Darcy Ribeiro,Biblioteconomia (Bacharelado) | CN | Diurno
2023-2025,2025,Darcy Ribeiro,Biblioteconomia (Bacharelado),Diurno,AC,AC,False,,,False,,-57.49,36.282,2023-2025,2023,2025,6,Biblioteconomia (Bacharelado) | Darcy Ribeiro,Biblioteconomia (Bacharelado) | Diurno,Biblioteconomia (Bacharelado) | AC,Biblioteconomia (Bacharelado) | Darcy Ribeiro | Diurno,Biblioteconomia (Bacharelado) | AC | Darcy Ribeiro,Biblioteconomia (Bacharelado) | AC | Diurno
2023-2025,2025,Darcy Ribeiro,Biologia (Bacharelado),Diurno,EP_R1_NPPIQ,EP_R1_NPPIQ,True,R1,NPPIQ,False,1.0,-78.848,-26.937,2023-2025,2023,2025,6,Biologia (Bacharelado) | Darcy Ribeiro,Biologia (Bacharelado) | Diurno,Biologia (Bacharelado) | EP_R1_NPPIQ,Biologia (Bacharelado) | Darcy Ribeiro | Diurno,Biologia (Bacharelado) | EP_R1_NPPIQ | Darcy Ribeiro,Biologia (Bacharelado) | EP_R1_NPPIQ | Diurno
2023-2025,2025,Darcy Ribeiro,Biologia (Bacharelado),Diurno,EP_R2_PPIQ,EP_R2_PPIQ,True,R2,PPIQ,False,1.0,-67.982,8.016,2023-2025,2023,2025,6,Biologia (Bacharelado) | Darcy Ribeiro,Biologia (Bacharelado) | Diurno,Biologia (Bacharelado) | EP_R2_PPIQ,Biologia (Bacharelado) | Darcy Ribeiro | Diurno,Biologia (Bacharelado) | EP_R2_PPIQ | Darcy Ribeiro,Biologia (Bacharelado) | EP_R2_PPIQ | Diurno
2023-2025,2025,Darcy Ribeiro,Biologia (Bacharelado),Diurno,EP_R2_NPPIQ,EP_R2_NPPIQ,True,R2,NPPIQ,False,1.0,29.597,56.051,2023-2025,2023,2025,6,Biologia (Bacharelado) | Darcy Ribeiro,Biologia (Bacharelado) | Diurno,Biologia (Bacharelado) | EP_R2_NPPIQ,Biologia (Bacharelado) | Darcy Ribeiro | Diurno,Biologia (Bacharelado) | EP_R2_NPPIQ | Darcy Ribeiro,Biologia (Bacharelado) | EP_R2_NPPIQ | Diurno
2023-2025,2025,Darcy Ribeiro,Biologia (Bacharelado),Diurno,CN,CN,False,,NEGROS,False,,29.652,29.652,2023-2025,2023,2025,6,Biologia (Bacharelado) | Darcy Ribeiro,Biologia (Bacharelado) | Diurno,Biologia (Bacharelado) | CN,Biologia (Bacharelado) | Darcy Ribeiro | Diurno,Biologia (Bacharelado) | CN | Darcy Ribeiro,Biologia (Bacharelado) | CN | Diurno
2023-2025,2025,Darcy Ribeiro,Biologia (Bacharelado),Diurno,AC,AC,False,,,False,,78.793,119.236,2023-2025,2023,2025,6,Biologia (Bacharelado) | Darcy Ribeiro,Biologia (Bacharelado) | Diurno,Biologia (Bacharelado) | AC,Biologia (Bacharelado) | Darcy Ribeiro | Diurno,Biologia (Bacharelado) | AC | Darcy Ribeiro,Biologia (Bacharelado) | AC | Diurno
2023-2025,2025,Darcy Ribeiro,Biologia (Licenciatura),Noturno,EP_R2_NPPIQ,EP_R2_NPPIQ,True,R2,NPPIQ,False,1.0,-40.608,7.61,2023-2025,2023,2025,6,Biologia (Licenciatura) | Darcy Ribeiro,Biologia (Licenciatura) | Noturno,Biologia (Licenciatura) | EP_R2_NPPIQ,Biologia (Licenciatura) | Darcy Ribeiro | Noturno,Biologia (Licenciatura) | EP_R2_NPPIQ | Darcy Ribeiro,Biologia (Licenciatura) | EP_R2_NPPIQ | Noturno
2023-2025,2025,Darcy Ribeiro,Biologia (Licenciatura),Noturno,CN,CN,False,,NEGROS,False,,-17.183,-17.183,2023-2025,2023,2025,6,Biologia (Licenciatura) | Darcy Ribeiro,Biologia (Licenciatura) | Noturno,Biologia (Licenciatura) | CN,Biologia (Licenciatura) | Darcy Ribeiro | Noturno,Biologia (Licenciatura) | CN | Darcy Ribeiro,Biologia (Licenciatura) | CN | Noturno
2023-2025,2025,Darcy Ribeiro,Biologia (Licenciatura),Noturno,AC,AC,False,,,False,,-14.729,54.739,2023-2025,2023,2025,6,Biologia (Licenciatura) | Darcy Ribeiro,Biologia (Licenciatura) | Noturno,Biologia (Licenciatura) | AC,Biologia (Licenciatura) | Darcy Ribeiro | Noturno,Biologia (Licenciatura) | AC | Darcy Ribeiro,Biologia (Licenciatura) | AC | Noturno
2023-2025,2025,Darcy Ribeiro,Biotecnologia (Bacharelado),Diurno,EP_R1_NPPIQ,EP_R1_NPPIQ,True,R1,NPPIQ,False,1.0,22.903,22.903,2023-2025,2023,2025,6,Biotecnologia (Bacharelado) | Darcy Ribeiro,Biotecnologia (Bacharelado) | Diurno,Biotecnologia (Bacharelado) | EP_R1_NPPIQ,Biotecnologia (Bacharelado) | Darcy Ribeiro | Diurno,Biotecnologia (Bacharelado) | EP_R1_NPPIQ | Darcy Ribeiro,Biotecnologia (Bacharelado) | EP_R1_NPPIQ | Diurno
2023-2025,2025,Darcy Ribeiro,Biotecnologia (Bacharelado),Diurno,EP_R2_PPIQ,EP_R2_PPIQ,True,R2,PPIQ,False,1.0,-47.168,-47.168,2023-2025,2023,2025,6,Biotecnologia (Bacharelado) | Darcy Ribeiro,Biotecnologia (Bacharelado) | Diurno,Biotecnologia (Bacharelado) | EP_R2_PPIQ,Biotecnologia (Bacharelado) | Darcy Ribeiro | Diurno,Biotecnologia (Bacharelado) | EP_R2_PPIQ | Darcy Ribeiro,Biotecnologia (Bacharelado) | EP_R2_PPIQ | Diurno
2023-2025,2025,Darcy Ribeiro,Biotecnologia (Bacharelado),Diurno,EP_R2_NPPIQ,EP_R2_NPPIQ,True,R2,NPPIQ,False,1.0,-36.957,43.54,2023-2025,2023,2025,6,Biotecnologia (Bacharelado) | Darcy Ribeiro,Biotecnologia (Bacharelado) | Diurno,Biotecnologia (Bacharelado) | EP_R2_NPPIQ,Biotecnologia (Bacharelado) | Darcy Ribeiro | Diurno,Biotecnologia (Bacharelado) | EP_R2_NPPIQ | Darcy Ribeiro,Biotecnologia (Bacharelado) | EP_R2_NPPIQ | Diurno
2023-2025,2025,Darcy Ribeiro,Biotecnologia (Bacharelado),Diurno,CN,CN,False,,NEGROS,False,,64.205,64.205,2023-2025,2023,2025,6,Biotecnologia (Bacharelado) | Darcy Ribeiro,Biotecnologia (Bacharelado) | Diurno,Biotecnologia (Bacharelado) | CN,Biotecnologia (Bacharelado) | Darcy Ribeiro | Diurno,Biotecnologia (Bacharelado) | CN | Darcy Ribeiro,Biotecnologia (Bacharelado) | CN | Diurno
2023-2025,2025,Darcy Ribeiro,Biotecnologia (Bacharelado),Diurno,AC,AC,False,,,False,,67.536,157.41,2023-2025,2023,2025,6,Biotecnologia (Bacharelado) | Darcy Ribeiro,Biotecnologia (Bacharelado) | Diurno,Biotecnologia (Bacharelado) | AC,Biotecnologia (Bacharelado) | Darcy Ribeiro | Diurno,Biotecnologia (Bacharelado) | AC | Darcy Ribeiro,Biotecnologia (Bacharelado) | AC | Diurno
2023-2025,2025,Darcy Ribeiro,Ciência Política (Bacharelado),Diurno,EP_R1_NPPIQ,EP_R1_NPPIQ,True,R1,NPPIQ,False,1.0,-33.164,-3.3,2023-2025,2023,2025,6,Ciência Política (Bacharelado) | Darcy Ribeiro,Ciência Política (Bacharelado) | Diurno,Ciência Política (Bacharelado) | EP_R1_NPPIQ,Ciência Política (Bacharelado) | Darcy Ribeiro | Diurno,Ciência Política (Bacharelado) | EP_R1_NPPIQ | Darcy Ribeiro,Ciência Política (Bacharelado) | EP_R1_NPPIQ | Diurno
2023-2025,2025,Darcy Ribeiro,Ciência Política (Bacharelado),Diurno,EP_R2_PPIQ,EP_R2_PPIQ,True,R2,PPIQ,False,1.0,-37.151,-5.97,2023-2025,2023,2025,6,Ciência Política (Bacharelado) | Darcy Ribeiro,Ciência Política (Bacharelado) | Diurno,Ciência Política (Bacharelado) | EP_R2_PPIQ,Ciência Política (Bacharelado) | Darcy Ribeiro | Diurno,Ciência Política (Bacharelado) | EP_R2_PPIQ | Darcy Ribeiro,Ciência Política (Bacharelado) | EP_R2_PPIQ | Diurno
2023-2025,2025,Darcy Ribeiro,Ciência Política (Bacharelado),Diurno,EP_R2_NPPIQ,EP_R2_NPPIQ,True,R2,NPPIQ,False,1.0,13.769,47.698,2023-2025,2023,2025,6,Ciência Política (Bacharelado) | Darcy Ribeiro,Ciência Política (Bacharelado) | Diurno,Ciência Política (Bacharelado) | EP_R2_NPPIQ,Ciência Política (Bacharelado) | Darcy Ribeiro | Diurno,Ciência Política (Bacharelado) | EP_R2_NPPIQ | Darcy Ribeiro,Ciência Política (Bacharelado) | EP_R2_NPPIQ | Diurno
2023-2025,2025,Darcy Ribeiro,Ciência Política (Bacharelado),Diurno,EP_R2_NPPIQ_PCD,EP_R2_NPPIQ_PCD,True,R2,NPPIQ,True,1.0,-31.841,-24.216,2023-2025,2023,2025,6,Ciência Política (Bacharelado) | Darcy Ribeiro,Ciência Política (Bacharelado) | Diurno,Ciência Política (Bacharelado) | EP_R2_NPPIQ_PCD,Ciência Política (Bacharelado) | Darcy Ribeiro | Diurno,Ciência Política (Bacharelado) | EP_R2_NPPIQ_PCD | Darcy Ribeiro,Ciência Política (Bacharelado) | EP_R2_NPPIQ_PCD | Diurno
2023-2025,2025,Darcy Ribeiro,Ciência Política (Bacharelado),Diurno,CN,CN,False,,NEGROS,False,,48.441,48.441,2023-2025,2023,2025,6,Ciência Política (Bacharelado) | Darcy Ribeiro,Ciência Política (Bacharelado) | Diurno,Ciência Política (Bacharelado) | CN,Ciência Política (Bacharelado) | Darcy Ribeiro | Diurno,Ciência Política (Bacharelado) | CN | Darcy Ribeiro,Ciência Política (Bacharelado) | CN | Diurno
2023-2025,2025,Darcy Ribeiro,Ciência Política (Bacharelado),Diurno,AC,AC,False,,,False,,55.467,112.083,2023-2025,2023,2025,6,Ciência Política (Bacharelado) | Darcy Ribeiro,Ciência Política (Bacharelado) | Diurno,Ciência Política (Bacharelado) | AC,Ciência Política (Bacharelado) | Darcy Ribeiro | Diurno,Ciência Política (Bacharelado) | AC | Darcy Ribeiro,Ciência Política (Bacharelado) | AC | Diurno
2023-2025,2025,Darcy Ribeiro,Ciência da Computação (Bacharelado),Diurno,EP_R1_PPIQ,EP_R1_PPIQ,True,R1,PPIQ,False,1.0,0.178,0.178,2023-2025,2023,2025,6,Ciência da Computação (Bacharelado) | Darcy Ribeiro,Ciência da Computação (Bacharelado) | Diurno,Ciência da Computação (Bacharelado) | EP_R1_PPIQ,Ciência da Computação (Bacharelado) | Darcy Ribeiro | Diurno,Ciência da Computação (Bacharelado) | EP_R1_PPIQ | Darcy Ribeiro,Ciência da Computação (Bacharelado) | EP_R1_PPIQ | Diurno
2023-2025,2025,Darcy Ribeiro,Ciência da Computação (Bacharelado),Diurno,EP_R1_NPPIQ,EP_R1_NPPIQ,True,R1,NPPIQ,False,1.0,-38.263,32.989,2023-2025,2023,2025,6,Ciência da Computação (Bacharelado) | Darcy Ribeiro,Ciência da Computação (Bacharelado) | Diurno,Ciência da Computação (Bacharelado) | EP_R1_NPPIQ,Ciência da Computação (Bacharelado) | Darcy Ribeiro | Diurno,Ciência da Computação (Bacharelado) | EP_R1_NPPIQ | Darcy Ribeiro,Ciência da Computação (Bacharelado) | EP_R1_NPPIQ | Diurno
2023-2025,2025,Darcy Ribeiro,Ciência da Computação (Bacharelado),Diurno,EP_R2_PPIQ,EP_R2_PPIQ,True,R2,PPIQ,False,1.0,48.884,74.724,2023-2025,2023,2025,6,Ciência da Computação (Bacharelado) | Darcy Ribeiro,Ciência da Computação (Bacharelado) | Diurno,Ciência da Computação (Bacharelado) | EP_R2_PPIQ,Ciência da Computação (Bacharelado) | Darcy Ribeiro | Diurno,Ciência da Computação (Bacharelado) | EP_R2_PPIQ | Darcy Ribeiro,Ciência da Computação (Bacharelado) | EP_R2_PPIQ | Diurno
2023-2025,2025,Darcy Ribeiro,Ciência da Computação (Bacharelado),Diurno,EP_R2_NPPIQ,EP_R2_NPPIQ,True,R2,NPPIQ,False,1.0,118.288,118.288,2023-2025,2023,2025,6,Ciência da Computação (Bacharelado) | Darcy Ribeiro,Ciência da Computação (Bacharelado) | Diurno,Ciência da Computação (Bacharelado) | EP_R2_NPPIQ,Ciência da Computação (Bacharelado) | Darcy Ribeiro | Diurno,Ciência da Computação (Bacharelado) | EP_R2_NPPIQ | Darcy Ribeiro,Ciência da Computação (Bacharelado) | EP_R2_NPPIQ | Diurno
2023-2025,2025,Darcy Ribeiro,Ciência da Computação (Bacharelado),Diurno,EP_R2_NPPIQ_PCD,EP_R2_NPPIQ_PCD,True,R2,NPPIQ,True,1.0,42.861,42.861,2023-2025,2023,2025,6,Ciência da Computação (Bacharelado) | Darcy Ribeiro,Ciência da Computação (Bacharelado) | Diurno,Ciência da Computação (Bacharelado) | EP_R2_NPPIQ_PCD,Ciência da Computação (Bacharelado) | Darcy Ribeiro | Diurno,Ciência da Computação (Bacharelado) | EP_R2_NPPIQ_PCD | Darcy Ribeiro,Ciência da Computação (Bacharelado) | EP_R2_NPPIQ_PCD | Diurno
2023-2025,2025,Darcy Ribeiro,Ciência da Computação (Bacharelado),Diurno,CN,CN,False,,NEGROS,False,,117.648,117.648,2023-2025,2023,2025,6,Ciência da Computação (Bacharelado) | Darcy Ribeiro,Ciência da Computação (Bacharelado) | Diurno,Ciência da Computação (Bacharelado) | CN,Ciência da Computação (Bacharelado) | Darcy Ribeiro | Diurno,Ciência da Computação (Bacharelado) | CN | Darcy Ribeiro,Ciência da Computação (Bacharelado) | CN | Diurno
2023-2025,2025,Darcy Ribeiro,Ciência da Computação (Bacharelado),Diurno,AC,AC,False,,,False,,135.827,166.528,2023-2025,2023,2025,6,Ciência da Computação (Bacharelado) | Darcy Ribeiro,Ciência da Computação (Bacharelado) | Diurno,Ciência da Computação (Bacharelado) | AC,Ciência da Computação (Bacharelado) | Darcy Ribeiro | Diurno,Ciência da Computação (Bacharelado) | AC | Darcy Ribeiro,Ciência da Computação (Bacharelado) | AC | Diurno
2023-2025,2025,Darcy Ribeiro,Ciências Ambientais (Bacharelado),Noturno,AC,AC,False,,,False,,-60.711,-15.392,2023-2025,2023,2025,6,Ciências Ambientais (Bacharelado) | Darcy Ribeiro,Ciências Ambientais (Bacharelado) | Noturno,Ciências Ambientais (Bacharelado) | AC,Ciências Ambientais (Bacharelado) | Darcy Ribeiro | Noturno,Ciências Ambientais (Bacharelado) | AC | Darcy Ribeiro,Ciências Ambientais (Bacharelado) | AC | Noturno
2023-2025,2025,Darcy Ribeiro,Ciências Contábeis (Bacharelado),Diurno,EP_R1_NPPIQ,EP_R1_NPPIQ,True,R1,NPPIQ,False,1.0,-24.064,-24.064,2023-2025,2023,2025,6,Ciências Contábeis (Bacharelado) | Darcy Ribeiro,Ciências Contábeis (Bacharelado) | Diurno,Ciências Contábeis (Bacharelado) | EP_R1_NPPIQ,Ciências Contábeis (Bacharelado) | Darcy Ribeiro | Diurno,Ciências Contábeis (Bacharelado) | EP_R1_NPPIQ | Darcy Ribeiro,Ciências Contábeis (Bacharelado) | EP_R1_NPPIQ | Diurno
2023-2025,2025,Darcy Ribeiro,Ciências Contábeis (Bacharelado),Diurno,EP_R2_PPIQ,EP_R2_PPIQ,True,R2,PPIQ,False,1.0,-81.153,-5.417,2023-2025,2023,2025,6,Ciências Contábeis (Bacharelado) | Darcy Ribeiro,Ciências Contábeis (Bacharelado) | Diurno,Ciências Contábeis (Bacharelado) | EP_R2_PPIQ,Ciências Contábeis (Bacharelado) | Darcy Ribeiro | Diurno,Ciências Contábeis (Bacharelado) | EP_R2_PPIQ | Darcy Ribeiro,Ciências Contábeis (Bacharelado) | EP_R2_PPIQ | Diurno
2023-2025,2025,Darcy Ribeiro,Ciências Contábeis (Bacharelado),Diurno,EP_R2_NPPIQ,EP_R2_NPPIQ,True,R2,NPPIQ,False,1.0,-50.333,11.211,2023-2025,2023,2025,6,Ciências Contábeis (Bacharelado) | Darcy Ribeiro,Ciências Contábeis (Bacharelado) | Diurno,Ciências Contábeis (Bacharelado) | EP_R2_NPPIQ,Ciências Contábeis (Bacharelado) | Darcy Ribeiro | Diurno,Ciências Contábeis (Bacharelado) | EP_R2_NPPIQ | Darcy Ribeiro,Ciências Contábeis (Bacharelado) | EP_R2_NPPIQ | Diurno
2023-2025,2025,Darcy Ribeiro,Ciências Contábeis (Bacharelado),Diurno,CN,CN,False,,NEGROS,False,,-0.627,14.496,2023-2025,2023,2025,6,Ciências Contábeis (Bacharelado) | Darcy Ribeiro,Ciências Contábeis (Bacharelado) | Diurno,Ciências Contábeis (Bacharelado) | CN,Ciências Contábeis (Bacharelado) | Darcy Ribeiro | Diurno,Ciências Contábeis (Bacharelado) | CN | Darcy Ribeiro,Ciências Contábeis (Bacharelado) | CN | Diurno
2023-2025,2025,Darcy Ribeiro,Ciências Contábeis (Bacharelado),Diurno,AC,AC,False,,,False,,17.85,82.737,2023-2025,2023,2025,6,Ciências Contábeis (Bacharelado) | Darcy Ribeiro,Ciências Contábeis (Bacharelado) | Diurno,Ciências Contábeis (Bacharelado) | AC,Ciências Contábeis (Bacharelado) | Darcy Ribeiro | Diurno,Ciências Contábeis (Bacharelado) | AC | Darcy Ribeiro,Ciências Contábeis (Bacharelado) | AC | Diurno
2023-2025,2025,Darcy Ribeiro,Ciências Contábeis (Bacharelado),Noturno,EP_R2_PPIQ,EP_R2_PPIQ,True,R2,PPIQ,False,1.0,-72.809,-37.134,2023-2025,2023,2025,6,Ciências Contábeis (Bacharelado) | Darcy Ribeiro,Ciências Contábeis (Bacharelado) | Noturno,Ciências Contábeis (Bacharelado) | EP_R2_PPIQ,Ciências Contábeis (Bacharelado) | Darcy Ribeiro | Noturno,Ciências Contábeis (Bacharelado) | EP_R2_PPIQ | Darcy Ribeiro,Ciências Contábeis (Bacharelado) | EP_R2_PPIQ | Noturno
2023-2025,2025,Darcy Ribeiro,Ciências Contábeis (Bacharelado),Noturno,EP_R2_NPPIQ,EP_R2_NPPIQ,True,R2,NPPIQ,False,1.0,-36.706,-21.206,2023-2025,2023,2025,6,Ciências Contábeis (Bacharelado) | Darcy Ribeiro,Ciências Contábeis (Bacharelado) | Noturno,Ciências Contábeis (Bacharelado) | EP_R2_NPPIQ,Ciências Contábeis (Bacharelado) | Darcy Ribeiro | Noturno,Ciências Contábeis (Bacharelado) | EP_R2_NPPIQ | Darcy Ribeiro,Ciências Contábeis (Bacharelado) | EP_R2_NPPIQ | Noturno
2023-2025,2025,Darcy Ribeiro,Ciências Contábeis (Bacharelado),Noturno,CN,CN,False,,NEGROS,False,,-40.834,-24.325,2023-2025,2023,2025,6,Ciências Contábeis (Bacharelado) | Darcy Ribeiro,Ciências Contábeis (Bacharelado) | Noturno,Ciências Contábeis (Bacharelado) | CN,Ciências Contábeis (Bacharelado) | Darcy Ribeiro | Noturno,Ciências Contábeis (Bacharelado) | CN | Darcy Ribeiro,Ciências Contábeis (Bacharelado) | CN | Noturno
2023-2025,2025,Darcy Ribeiro,Ciências Contábeis (Bacharelado),Noturno,AC,AC,False,,,False,,-27.789,31.88,2023-2025,2023,2025,6,Ciências Contábeis (Bacharelado) | Darcy Ribeiro,Ciências Contábeis (Bacharelado) | Noturno,Ciências Contábeis (Bacharelado) | AC,Ciências Contábeis (Bacharelado) | Darcy Ribeiro | Noturno,Ciências Contábeis (Bacharelado) | AC | Darcy Ribeiro,Ciências Contábeis (Bacharelado) | AC | Noturno
2023-2025,2025,Darcy Ribeiro,Ciências Econômicas (Bacharelado),Diurno,EP_R1_NPPIQ,EP_R1_NPPIQ,True,R1,NPPIQ,False,1.0,-30.927,-30.927,2023-2025,2023,2025,6,Ciências Econômicas (Bacharelado) | Darcy Ribeiro,Ciências Econômicas (Bacharelado) | Diurno,Ciências Econômicas (Bacharelado) | EP_R1_NPPIQ,Ciências Econômicas (Bacharelado) | Darcy Ribeiro | Diurno,Ciências Econômicas (Bacharelado) | EP_R1_NPPIQ | Darcy Ribeiro,Ciências Econômicas (Bacharelado) | EP_R1_NPPIQ | Diurno
2023-2025,2025,Darcy Ribeiro,Ciências Econômicas (Bacharelado),Diurno,EP_R2_PPIQ,EP_R2_PPIQ,True,R2,PPIQ,False,1.0,-17.699,30.922,2023-2025,2023,2025,6,Ciências Econômicas (Bacharelado) | Darcy Ribeiro,Ciências Econômicas (Bacharelado) | Diurno,Ciências Econômicas (Bacharelado) | EP_R2_PPIQ,Ciências Econômicas (Bacharelado) | Darcy Ribeiro | Diurno,Ciências Econômicas (Bacharelado) | EP_R2_PPIQ | Darcy Ribeiro,Ciências Econômicas (Bacharelado) | EP_R2_PPIQ | Diurno
2023-2025,2025,Darcy Ribeiro,Ciências Econômicas (Bacharelado),Diurno,EP_R2_NPPIQ,EP_R2_NPPIQ,True,R2,NPPIQ,False,1.0,18.823,94.124,2023-2025,2023,2025,6,Ciências Econômicas (Bacharelado) | Darcy Ribeiro,Ciências Econômicas (Bacharelado) | Diurno,Ciências Econômicas (Bacharelado) | EP_R2_NPPIQ,Ciências Econômicas (Bacharelado) | Darcy Ribeiro | Diurno,Ciências Econômicas (Bacharelado) | EP_R2_NPPIQ | Darcy Ribeiro,Ciências Econômicas (Bacharelado) | EP_R2_NPPIQ | Diurno
2023-2025,2025,Darcy Ribeiro,Ciências Econômicas (Bacharelado),Diurno,CN,CN,False,,NEGROS,False,,83.431,83.431,2023-2025,2023,2025,6,Ciências Econômicas (Bacharelado) | Darcy Ribeiro,Ciências Econômicas (Bacharelado) | Diurno,Ciências Econômicas (Bacharelado) | CN,Ciências Econômicas (Bacharelado) | Darcy Ribeiro | Diurno,Ciências Econômicas (Bacharelado) | CN | Darcy Ribeiro,Ciências Econômicas (Bacharelado) | CN | Diurno
2023-2025,2025,Darcy Ribeiro,Ciências Econômicas (Bacharelado),Diurno,AC,AC,False,,,False,,98.037,136.512,2023-2025,2023,2025,6,Ciências Econômicas (Bacharelado) | Darcy Ribeiro,Ciências Econômicas (Bacharelado) | Diurno,Ciências Econômicas (Bacharelado) | AC,Ciências Econômicas (Bacharelado) | Darcy Ribeiro | Diurno,Ciências Econômicas (Bacharelado) | AC | Darcy Ribeiro,Ciências Econômicas (Bacharelado) | AC | Diurno
2023-2025,2025,Darcy Ribeiro,Ciências Sociais – Antropologia/ Sociologia (Bacharelado/Licenciatura),Diurno,EP_R1_NPPIQ,EP_R1_NPPIQ,True,R1,NPPIQ,False,1.0,-30.926,-30.926,2023-2025,2023,2025,6,Ciências Sociais – Antropologia/ Sociologia (Bacharelado/Licenciatura) | Darcy Ribeiro,Ciências Sociais – Antropologia/ Sociologia (Bacharelado/Licenciatura) | Diurno,Ciências Sociais – Antropologia/ Sociologia (Bacharelado/Licenciatura) | EP_R1_NPPIQ,Ciências Sociais – Antropologia/ Sociologia (Bacharelado/Licenciatura) | Darcy Ribeiro | Diurno,Ciências Sociais – Antropologia/ Sociologia (Bacharelado/Licenciatura) | EP_R1_NPPIQ | Darcy Ribeiro,Ciências Sociais – Antropologia/ Sociologia (Bacharelado/Licenciatura) | EP_R1_NPPIQ | Diurno
2023-2025,2025,Darcy Ribeiro,Ciências Sociais – Antropologia/ Sociologia (Bacharelado/Licenciatura),Diurno,EP_R2_PPIQ,EP_R2_PPIQ,True,R2,PPIQ,False,1.0,-70.919,-49.487,2023-2025,2023,2025,6,Ciências Sociais – Antropologia/ Sociologia (Bacharelado/Licenciatura) | Darcy Ribeiro,Ciências Sociais – Antropologia/ Sociologia (Bacharelado/Licenciatura) | Diurno,Ciências Sociais – Antropologia/ Sociologia (Bacharelado/Licenciatura) | EP_R2_PPIQ,Ciências Sociais – Antropologia/ Sociologia (Bacharelado/Licenciatura) | Darcy Ribeiro | Diurno,Ciências Sociais – Antropologia/ Sociologia (Bacharelado/Licenciatura) | EP_R2_PPIQ | Darcy Ribeiro,Ciências Sociais – Antropologia/ Sociologia (Bacharelado/Licenciatura) | EP_R2_PPIQ | Diurno
2023-2025,2025,Darcy Ribeiro,Ciências Sociais – Antropologia/ Sociologia (Bacharelado/Licenciatura),Diurno,EP_R2_NPPIQ,EP_R2_NPPIQ,True,R2,NPPIQ,False,1.0,-91.423,-6.3,2023-2025,2023,2025,6,Ciências Sociais – Antropologia/ Sociologia (Bacharelado/Licenciatura) | Darcy Ribeiro,Ciências Sociais – Antropologia/ Sociologia (Bacharelado/Licenciatura) | Diurno,Ciências Sociais – Antropologia/ Sociologia (Bacharelado/Licenciatura) | EP_R2_NPPIQ,Ciências Sociais – Antropologia/ Sociologia (Bacharelado/Licenciatura) | Darcy Ribeiro | Diurno,Ciências Sociais – Antropologia/ Sociologia (Bacharelado/Licenciatura) | EP_R2_NPPIQ | Darcy Ribeiro,Ciências Sociais – Antropologia/ Sociologia (Bacharelado/Licenciatura) | EP_R2_NPPIQ | Diurno
2023-2025,2025,Darcy Ribeiro,Ciências Sociais – Antropologia/ Sociologia (Bacharelado/Licenciatura),Diurno,EP_R2_NPPIQ_PCD,EP_R2_NPPIQ_PCD,True,R2,NPPIQ,True,1.0,-32.205,-32.205,2023-2025,2023,2025,6,Ciências Sociais – Antropologia/ Sociologia (Bacharelado/Licenciatura) | Darcy Ribeiro,Ciências Sociais – Antropologia/ Sociologia (Bacharelado/Licenciatura) | Diurno,Ciências Sociais – Antropologia/ Sociologia (Bacharelado/Licenciatura) | EP_R2_NPPIQ_PCD,Ciências Sociais – Antropologia/ Sociologia (Bacharelado/Licenciatura) | Darcy Ribeiro | Diurno,Ciências Sociais – Antropologia/ Sociologia (Bacharelado/Licenciatura) | EP_R2_NPPIQ_PCD | Darcy Ribeiro,Ciências Sociais – Antropologia/ Sociologia (Bacharelado/Licenciatura) | EP_R2_NPPIQ_PCD | Diurno
2023-2025,2025,Darcy Ribeiro,Ciências Sociais – Antropologia/ Sociologia (Bacharelado/Licenciatura),Diurno,CN,CN,False,,NEGROS,False,,-34.923,-32.091,2023-2025,2023,2025,6,Ciências Sociais – Antropologia/ Sociologia (Bacharelado/Licenciatura) | Darcy Ribeiro,Ciências Sociais – Antropologia/ Sociologia (Bacharelado/Licenciatura) | Diurno,Ciências Sociais – Antropologia/ Sociologia (Bacharelado/Licenciatura) | CN,Ciências Sociais – Antropologia/ Sociologia (Bacharelado/Licenciatura) | Darcy Ribeiro | Diurno,Ciências Sociais – Antropologia/ Sociologia (Bacharelado/Licenciatura) | CN | Darcy Ribeiro,Ciências Sociais – Antropologia/ Sociologia (Bacharelado/Licenciatura) | CN | Diurno
2023-2025,2025,Darcy Ribeiro,Ciências Sociais – Antropologia/ Sociologia (Bacharelado/Licenciatura),Diurno,AC,AC,False,,,False,,-15.532,69.84,2023-2025,2023,2025,6,Ciências Sociais – Antropologia/ Sociologia (Bacharelado/Licenciatura) | Darcy Ribeiro,Ciências Sociais – Antropologia/ Sociologia (Bacharelado/Licenciatura) | Diurno,Ciências Sociais – Antropologia/ Sociologia (Bacharelado/Licenciatura) | AC,Ciências Sociais – Antropologia/ Sociologia (Bacharelado/Licenciatura) | Darcy Ribeiro | Diurno,Ciências Sociais – Antropologia/ Sociologia (Bacharelado/Licenciatura) | AC | Darcy Ribeiro,Ciências Sociais – Antropologia/ Sociologia (Bacharelado/Licenciatura) | AC | Diurno
2023-2025,2025,Darcy Ribeiro,Computação (Licenciatura),Noturno,EP_R2_NPPIQ,EP_R2_NPPIQ,True,R2,NPPIQ,False,1.0,-44.036,-4.601,2023-2025,2023,2025,6,Computação (Licenciatura) | Darcy Ribeiro,Computação (Licenciatura) | Noturno,Computação (Licenciatura) | EP_R2_NPPIQ,Computação (Licenciatura) | Darcy Ribeiro | Noturno,Computação (Licenciatura) | EP_R2_NPPIQ | Darcy Ribeiro,Computação (Licenciatura) | EP_R2_NPPIQ | Noturno
2023-2025,2025,Darcy Ribeiro,Computação (Licenciatura),Noturno,CN,CN,False,,NEGROS,False,,-23.781,-23.781,2023-2025,2023,2025,6,Computação (Licenciatura) | Darcy Ribeiro,Computação (Licenciatura) | Noturno,Computação (Licenciatura) | CN,Computação (Licenciatura) | Darcy Ribeiro | Noturno,Computação (Licenciatura) | CN | Darcy Ribeiro,Computação (Licenciatura) | CN | Noturno
2023-2025,2025,Darcy Ribeiro,Computação (Licenciatura),Noturno,AC,AC,False,,,False,,-22.177,45.581,2023-2025,2023,2025,6,Computação (Licenciatura) | Darcy Ribeiro,Computação (Licenciatura) | Noturno,Computação (Licenciatura) | AC,Computação (Licenciatura) | Darcy Ribeiro | Noturno,Computação (Licenciatura) | AC | Darcy Ribeiro,Computação (Licenciatura) | AC | Noturno
2023-2025,2025,Darcy Ribeiro,Comunicação Organizacional (Bacharelado),Noturno,EP_R2_PPIQ,EP_R2_PPIQ,True,R2,PPIQ,False,1.0,-49.545,-18.438,2023-2025,2023,2025,6,Comunicação Organizacional (Bacharelado) | Darcy Ribeiro,Comunicação Organizacional (Bacharelado) | Noturno,Comunicação Organizacional (Bacharelado) | EP_R2_PPIQ,Comunicação Organizacional (Bacharelado) | Darcy Ribeiro | Noturno,Comunicação Organizacional (Bacharelado) | EP_R2_PPIQ | Darcy Ribeiro,Comunicação Organizacional (Bacharelado) | EP_R2_PPIQ | Noturno
2023-2025,2025,Darcy Ribeiro,Comunicação Organizacional (Bacharelado),Noturno,EP_R2_NPPIQ,EP_R2_NPPIQ,True,R2,NPPIQ,False,1.0,-83.245,15.877,2023-2025,2023,2025,6,Comunicação Organizacional (Bacharelado) | Darcy Ribeiro,Comunicação Organizacional (Bacharelado) | Noturno,Comunicação Organizacional (Bacharelado) | EP_R2_NPPIQ,Comunicação Organizacional (Bacharelado) | Darcy Ribeiro | Noturno,Comunicação Organizacional (Bacharelado) | EP_R2_NPPIQ | Darcy Ribeiro,Comunicação Organizacional (Bacharelado) | EP_R2_NPPIQ | Noturno
2023-2025,2025,Darcy Ribeiro,Comunicação Organizacional (Bacharelado),Noturno,CN,CN,False,,NEGROS,False,,-4.348,-4.348,2023-2025,2023,2025,6,Comunicação Organizacional (Bacharelado) | Darcy Ribeiro,Comunicação Organizacional (Bacharelado) | Noturno,Comunicação Organizacional (Bacharelado) | CN,Comunicação Organizacional (Bacharelado) | Darcy Ribeiro | Noturno,Comunicação Organizacional (Bacharelado) | CN | Darcy Ribeiro,Comunicação Organizacional (Bacharelado) | CN | Noturno
2023-2025,2025,Darcy Ribeiro,Comunicação Organizacional (Bacharelado),Noturno,AC,AC,False,,,False,,8.45,66.357,2023-2025,2023,2025,6,Comunicação Organizacional (Bacharelado) | Darcy Ribeiro,Comunicação Organizacional (Bacharelado) | Noturno,Comunicação Organizacional (Bacharelado) | AC,Comunicação Organizacional (Bacharelado) | Darcy Ribeiro | Noturno,Comunicação Organizacional (Bacharelado) | AC | Darcy Ribeiro,Comunicação Organizacional (Bacharelado) | AC | Noturno
2023-2025,2025,Darcy Ribeiro,Comunicação Social - Publicidade e Propaganda (Bacharelado),Diurno,EP_R1_NPPIQ,EP_R1_NPPIQ,True,R1,NPPIQ,False,1.0,-29.329,-29.329,2023-2025,2023,2025,6,Comunicação Social - Publicidade e Propaganda (Bacharelado) | Darcy Ribeiro,Comunicação Social - Publicidade e Propaganda (Bacharelado) | Diurno,Comunicação Social - Publicidade e Propaganda (Bacharelado) | EP_R1_NPPIQ,Comunicação Social - Publicidade e Propaganda (Bacharelado) | Darcy Ribeiro | Diurno,Comunicação Social - Publicidade e Propaganda (Bacharelado) | EP_R1_NPPIQ | Darcy Ribeiro,Comunicação Social - Publicidade e Propaganda (Bacharelado) | EP_R1_NPPIQ | Diurno
2023-2025,2025,Darcy Ribeiro,Comunicação Social - Publicidade e Propaganda (Bacharelado),Diurno,EP_R2_PPIQ,EP_R2_PPIQ,True,R2,PPIQ,False,1.0,-41.458,-16.426,2023-2025,2023,2025,6,Comunicação Social - Publicidade e Propaganda (Bacharelado) | Darcy Ribeiro,Comunicação Social - Publicidade e Propaganda (Bacharelado) | Diurno,Comunicação Social - Publicidade e Propaganda (Bacharelado) | EP_R2_PPIQ,Comunicação Social - Publicidade e Propaganda (Bacharelado) | Darcy Ribeiro | Diurno,Comunicação Social - Publicidade e Propaganda (Bacharelado) | EP_R2_PPIQ | Darcy Ribeiro,Comunicação Social - Publicidade e Propaganda (Bacharelado) | EP_R2_PPIQ | Diurno
2023-2025,2025,Darcy Ribeiro,Comunicação Social - Publicidade e Propaganda (Bacharelado),Diurno,EP_R2_NPPIQ,EP_R2_NPPIQ,True,R2,NPPIQ,False,1.0,50.59,50.59,2023-2025,2023,2025,6,Comunicação Social - Publicidade e Propaganda (Bacharelado) | Darcy Ribeiro,Comunicação Social - Publicidade e Propaganda (Bacharelado) | Diurno,Comunicação Social - Publicidade e Propaganda (Bacharelado) | EP_R2_NPPIQ,Comunicação Social - Publicidade e Propaganda (Bacharelado) | Darcy Ribeiro | Diurno,Comunicação Social - Publicidade e Propaganda (Bacharelado) | EP_R2_NPPIQ | Darcy Ribeiro,Comunicação Social - Publicidade e Propaganda (Bacharelado) | EP_R2_NPPIQ | Diurno
2023-2025,2025,Darcy Ribeiro,Comunicação Social - Publicidade e Propaganda (Bacharelado),Diurno,CN,CN,False,,NEGROS,False,,44.425,44.425,2023-2025,2023,2025,6,Comunicação Social - Publicidade e Propaganda (Bacharelado) | Darcy Ribeiro,Comunicação Social - Publicidade e Propaganda (Bacharelado) | Diurno,Comunicação Social - Publicidade e Propaganda (Bacharelado) | CN,Comunicação Social - Publicidade e Propaganda (Bacharelado) | Darcy Ribeiro | Diurno,Comunicação Social - Publicidade e Propaganda (Bacharelado) | CN | Darcy Ribeiro,Comunicação Social - Publicidade e Propaganda (Bacharelado) | CN | Diurno
2023-2025,2025,Darcy Ribeiro,Comunicação Social - Publicidade e Propaganda (Bacharelado),Diurno,AC,AC,False,,,False,,56.963,86.414,2023-2025,2023,2025,6,Comunicação Social - Publicidade e Propaganda (Bacharelado) | Darcy Ribeiro,Comunicação Social - Publicidade e Propaganda (Bacharelado) | Diurno,Comunicação Social - Publicidade e Propaganda (Bacharelado) | AC,Comunicação Social - Publicidade e Propaganda (Bacharelado) | Darcy Ribeiro | Diurno,Comunicação Social - Publicidade e Propaganda (Bacharelado) | AC | Darcy Ribeiro,Comunicação Social - Publicidade e Propaganda (Bacharelado) | AC | Diurno
2023-2025,2025,Darcy Ribeiro,Comunicação Social – Audiovisual (Bacharelado),Diurno,EP_R2_PPIQ,EP_R2_PPIQ,True,R2,PPIQ,False,1.0,-32.295,26.778,2023-2025,2023,2025,6,Comunicação Social – Audiovisual (Bacharelado) | Darcy Ribeiro,Comunicação Social – Audiovisual (Bacharelado) | Diurno,Comunicação Social – Audiovisual (Bacharelado) | EP_R2_PPIQ,Comunicação Social – Audiovisual (Bacharelado) | Darcy Ribeiro | Diurno,Comunicação Social – Audiovisual (Bacharelado) | EP_R2_PPIQ | Darcy Ribeiro,Comunicação Social – Audiovisual (Bacharelado) | EP_R2_PPIQ | Diurno
2023-2025,2025,Darcy Ribeiro,Comunicação Social – Audiovisual (Bacharelado),Diurno,EP_R2_NPPIQ,EP_R2_NPPIQ,True,R2,NPPIQ,False,1.0,41.977,41.977,2023-2025,2023,2025,6,Comunicação Social – Audiovisual (Bacharelado) | Darcy Ribeiro,Comunicação Social – Audiovisual (Bacharelado) | Diurno,Comunicação Social – Audiovisual (Bacharelado) | EP_R2_NPPIQ,Comunicação Social – Audiovisual (Bacharelado) | Darcy Ribeiro | Diurno,Comunicação Social – Audiovisual (Bacharelado) | EP_R2_NPPIQ | Darcy Ribeiro,Comunicação Social – Audiovisual (Bacharelado) | EP_R2_NPPIQ | Diurno
2023-2025,2025,Darcy Ribeiro,Comunicação Social – Audiovisual (Bacharelado),Diurno,CN,CN,False,,NEGROS,False,,-55.674,-55.674,2023-2025,2023,2025,6,Comunicação Social – Audiovisual (Bacharelado) | Darcy Ribeiro,Comunicação Social – Audiovisual (Bacharelado) | Diurno,Comunicação Social – Audiovisual (Bacharelado) | CN,Comunicação Social – Audiovisual (Bacharelado) | Darcy Ribeiro | Diurno,Comunicação Social – Audiovisual (Bacharelado) | CN | Darcy Ribeiro,Comunicação Social – Audiovisual (Bacharelado) | CN | Diurno
2023-2025,2025,Darcy Ribeiro,Comunicação Social – Audiovisual (Bacharelado),Diurno,AC,AC,False,,,False,,69.433,134.182,2023-2025,2023,2025,6,Comunicação Social – Audiovisual (Bacharelado) | Darcy Ribeiro,Comunicação Social – Audiovisual (Bacharelado) | Diurno,Comunicação Social – Audiovisual (Bacharelado) | AC,Comunicação Social – Audiovisual (Bacharelado) | Darcy Ribeiro | Diurno,Comunicação Social – Audiovisual (Bacharelado) | AC | Darcy Ribeiro,Comunicação Social – Audiovisual (Bacharelado) | AC | Diurno
2023-2025,2025,Darcy Ribeiro,Design – Programação Visual/Projeto do Produto (Bacharelado),Diurno,EP_R1_NPPIQ,EP_R1_NPPIQ,True,R1,NPPIQ,False,1.0,-55.242,-7.149,2023-2025,2023,2025,6,Design – Programação Visual/Projeto do Produto (Bacharelado) | Darcy Ribeiro,Design – Programação Visual/Projeto do Produto (Bacharelado) | Diurno,Design – Programação Visual/Projeto do Produto (Bacharelado) | EP_R1_NPPIQ,Design – Programação Visual/Projeto do Produto (Bacharelado) | Darcy Ribeiro | Diurno,Design – Programação Visual/Projeto do Produto (Bacharelado) | EP_R1_NPPIQ | Darcy Ribeiro,Design – Programação Visual/Projeto do Produto (Bacharelado) | EP_R1_NPPIQ | Diurno
2023-2025,2025,Darcy Ribeiro,Design – Programação Visual/Projeto do Produto (Bacharelado),Diurno,EP_R2_PPIQ,EP_R2_PPIQ,True,R2,PPIQ,False,1.0,-44.318,-44.259,2023-2025,2023,2025,6,Design – Programação Visual/Projeto do Produto (Bacharelado) | Darcy Ribeiro,Design – Programação Visual/Projeto do Produto (Bacharelado) | Diurno,Design – Programação Visual/Projeto do Produto (Bacharelado) | EP_R2_PPIQ,Design – Programação Visual/Projeto do Produto (Bacharelado) | Darcy Ribeiro | Diurno,Design – Programação Visual/Projeto do Produto (Bacharelado) | EP_R2_PPIQ | Darcy Ribeiro,Design – Programação Visual/Projeto do Produto (Bacharelado) | EP_R2_PPIQ | Diurno
2023-2025,2025,Darcy Ribeiro,Design – Programação Visual/Projeto do Produto (Bacharelado),Diurno,CN,CN,False,,NEGROS,False,,3.136,3.136,2023-2025,2023,2025,6,Design – Programação Visual/Projeto do Produto (Bacharelado) | Darcy Ribeiro,Design – Programação Visual/Projeto do Produto (Bacharelado) | Diurno,Design – Programação Visual/Projeto do Produto (Bacharelado) | CN,Design – Programação Visual/Projeto do Produto (Bacharelado) | Darcy Ribeiro | Diurno,Design – Programação Visual/Projeto do Produto (Bacharelado) | CN | Darcy Ribeiro,Design – Programação Visual/Projeto do Produto (Bacharelado) | CN | Diurno
2023-2025,2025,Darcy Ribeiro,Design – Programação Visual/Projeto do Produto (Bacharelado),Diurno,AC,AC,False,,,False,,87.407,110.73,2023-2025,2023,2025,6,Design – Programação Visual/Projeto do Produto (Bacharelado) | Darcy Ribeiro,Design – Programação Visual/Projeto do Produto (Bacharelado) | Diurno,Design – Programação Visual/Projeto do Produto (Bacharelado) | AC,Design – Programação Visual/Projeto do Produto (Bacharelado) | Darcy Ribeiro | Diurno,Design – Programação Visual/Projeto do Produto (Bacharelado) | AC | Darcy Ribeiro,Design – Programação Visual/Projeto do Produto (Bacharelado) | AC | Diurno
2023-2025,2025,Darcy Ribeiro,Direito (Bacharelado),Diurno,EP_R1_PPIQ,EP_R1_PPIQ,True,R1,PPIQ,False,1.0,-87.773,5.701,2023-2025,2023,2025,6,Direito (Bacharelado) | Darcy Ribeiro,Direito (Bacharelado) | Diurno,Direito (Bacharelado) | EP_R1_PPIQ,Direito (Bacharelado) | Darcy Ribeiro | Diurno,Direito (Bacharelado) | EP_R1_PPIQ | Darcy Ribeiro,Direito (Bacharelado) | EP_R1_PPIQ | Diurno
2023-2025,2025,Darcy Ribeiro,Direito (Bacharelado),Diurno,EP_R1_NPPIQ,EP_R1_NPPIQ,True,R1,NPPIQ,False,1.0,14.584,66.246,2023-2025,2023,2025,6,Direito (Bacharelado) | Darcy Ribeiro,Direito (Bacharelado) | Diurno,Direito (Bacharelado) | EP_R1_NPPIQ,Direito (Bacharelado) | Darcy Ribeiro | Diurno,Direito (Bacharelado) | EP_R1_NPPIQ | Darcy Ribeiro,Direito (Bacharelado) | EP_R1_NPPIQ | Diurno
2023-2025,2025,Darcy Ribeiro,Direito (Bacharelado),Diurno,EP_R2_PPIQ,EP_R2_PPIQ,True,R2,PPIQ,False,1.0,61.18,81.56,2023-2025,2023,2025,6,Direito (Bacharelado) | Darcy Ribeiro,Direito (Bacharelado) | Diurno,Direito (Bacharelado) | EP_R2_PPIQ,Direito (Bacharelado) | Darcy Ribeiro | Diurno,Direito (Bacharelado) | EP_R2_PPIQ | Darcy Ribeiro,Direito (Bacharelado) | EP_R2_PPIQ | Diurno
2023-2025,2025,Darcy Ribeiro,Direito (Bacharelado),Diurno,EP_R2_NPPIQ,EP_R2_NPPIQ,True,R2,NPPIQ,False,1.0,123.845,123.845,2023-2025,2023,2025,6,Direito (Bacharelado) | Darcy Ribeiro,Direito (Bacharelado) | Diurno,Direito (Bacharelado) | EP_R2_NPPIQ,Direito (Bacharelado) | Darcy Ribeiro | Diurno,Direito (Bacharelado) | EP_R2_NPPIQ | Darcy Ribeiro,Direito (Bacharelado) | EP_R2_NPPIQ | Diurno
2023-2025,2025,Darcy Ribeiro,Direito (Bacharelado),Diurno,EP_R2_NPPIQ_PCD,EP_R2_NPPIQ_PCD,True,R2,NPPIQ,True,1.0,27.527,27.527,2023-2025,2023,2025,6,Direito (Bacharelado) | Darcy Ribeiro,Direito (Bacharelado) | Diurno,Direito (Bacharelado) | EP_R2_NPPIQ_PCD,Direito (Bacharelado) | Darcy Ribeiro | Diurno,Direito (Bacharelado) | EP_R2_NPPIQ_PCD | Darcy Ribeiro,Direito (Bacharelado) | EP_R2_NPPIQ_PCD | Diurno
2023-2025,2025,Darcy Ribeiro,Direito (Bacharelado),Diurno,CN,CN,False,,NEGROS,False,,85.357,112.75,2023-2025,2023,2025,6,Direito (Bacharelado) | Darcy Ribeiro,Direito (Bacharelado) | Diurno,Direito (Bacharelado) | CN,Direito (Bacharelado) | Darcy Ribeiro | Diurno,Direito (Bacharelado) | CN | Darcy Ribeiro,Direito (Bacharelado) | CN | Diurno
2023-2025,2025,Darcy Ribeiro,Direito (Bacharelado),Diurno,AC,AC,False,,,False,,137.491,172.039,2023-2025,2023,2025,6,Direito (Bacharelado) | Darcy Ribeiro,Direito (Bacharelado) | Diurno,Direito (Bacharelado) | AC,Direito (Bacharelado) | Darcy Ribeiro | Diurno,Direito (Bacharelado) | AC | Darcy Ribeiro,Direito (Bacharelado) | AC | Diurno
2023-2025,2025,Darcy Ribeiro,Direito (Bacharelado),Noturno,EP_R1_PPIQ,EP_R1_PPIQ,True,R1,PPIQ,False,1.0,-40.663,-26.586,2023-2025,2023,2025,6,Direito (Bacharelado) | Darcy Ribeiro,Direito (Bacharelado) | Noturno,Direito (Bacharelado) | EP_R1_PPIQ,Direito (Bacharelado) | Darcy Ribeiro | Noturno,Direito (Bacharelado) | EP_R1_PPIQ | Darcy Ribeiro,Direito (Bacharelado) | EP_R1_PPIQ | Noturno
2023-2025,2025,Darcy Ribeiro,Direito (Bacharelado),Noturno,EP_R1_NPPIQ,EP_R1_NPPIQ,True,R1,NPPIQ,False,1.0,-26.945,36.277,2023-2025,2023,2025,6,Direito (Bacharelado) | Darcy Ribeiro,Direito (Bacharelado) | Noturno,Direito (Bacharelado) | EP_R1_NPPIQ,Direito (Bacharelado) | Darcy Ribeiro | Noturno,Direito (Bacharelado) | EP_R1_NPPIQ | Darcy Ribeiro,Direito (Bacharelado) | EP_R1_NPPIQ | Noturno
2023-2025,2025,Darcy Ribeiro,Direito (Bacharelado),Noturno,EP_R2_PPIQ,EP_R2_PPIQ,True,R2,PPIQ,False,1.0,31.885,58.328,2023-2025,2023,2025,6,Direito (Bacharelado) | Darcy Ribeiro,Direito (Bacharelado) | Noturno,Direito (Bacharelado) | EP_R2_PPIQ,Direito (Bacharelado) | Darcy Ribeiro | Noturno,Direito (Bacharelado) | EP_R2_PPIQ | Darcy Ribeiro,Direito (Bacharelado) | EP_R2_PPIQ | Noturno
2023-2025,2025,Darcy Ribeiro,Direito (Bacharelado),Noturno,EP_R2_NPPIQ,EP_R2_NPPIQ,True,R2,NPPIQ,False,1.0,92.181,92.842,2023-2025,2023,2025,6,Direito (Bacharelado) | Darcy Ribeiro,Direito (Bacharelado) | Noturno,Direito (Bacharelado) | EP_R2_NPPIQ,Direito (Bacharelado) | Darcy Ribeiro | Noturno,Direito (Bacharelado) | EP_R2_NPPIQ | Darcy Ribeiro,Direito (Bacharelado) | EP_R2_NPPIQ | Noturno
2023-2025,2025,Darcy Ribeiro,Direito (Bacharelado),Noturno,CN,CN,False,,NEGROS,False,,80.945,89.34,2023-2025,2023,2025,6,Direito (Bacharelado) | Darcy Ribeiro,Direito (Bacharelado) | Noturno,Direito (Bacharelado) | CN,Direito (Bacharelado) | Darcy Ribeiro | Noturno,Direito (Bacharelado) | CN | Darcy Ribeiro,Direito (Bacharelado) | CN | Noturno
2023-2025,2025,Darcy Ribeiro,Direito (Bacharelado),Noturno,AC,AC,False,,,False,,104.746,126.174,2023-2025,2023,2025,6,Direito (Bacharelado) | Darcy Ribeiro,Direito (Bacharelado) | Noturno,Direito (Bacharelado) | AC,Direito (Bacharelado) | Darcy Ribeiro | Noturno,Direito (Bacharelado) | AC | Darcy Ribeiro,Direito (Bacharelado) | AC | Noturno
2023-2025,2025,Darcy Ribeiro,Educação Física Ciclo Básico (Bacharelado/Licenciatura),Diurno,EP_R1_NPPIQ,EP_R1_NPPIQ,True,R1,NPPIQ,False,1.0,-69.589,-46.355,2023-2025,2023,2025,6,Educação Física Ciclo Básico (Bacharelado/Licenciatura) | Darcy Ribeiro,Educação Física Ciclo Básico (Bacharelado/Licenciatura) | Diurno,Educação Física Ciclo Básico (Bacharelado/Licenciatura) | EP_R1_NPPIQ,Educação Física Ciclo Básico (Bacharelado/Licenciatura) | Darcy Ribeiro | Diurno,Educação Física Ciclo Básico (Bacharelado/Licenciatura) | EP_R1_NPPIQ | Darcy Ribeiro,Educação Física Ciclo Básico (Bacharelado/Licenciatura) | EP_R1_NPPIQ | Diurno
2023-2025,2025,Darcy Ribeiro,Educação Física Ciclo Básico (Bacharelado/Licenciatura),Diurno,EP_R2_PPIQ,EP_R2_PPIQ,True,R2,PPIQ,False,1.0,-86.267,-8.852,2023-2025,2023,2025,6,Educação Física Ciclo Básico (Bacharelado/Licenciatura) | Darcy Ribeiro,Educação Física Ciclo Básico (Bacharelado/Licenciatura) | Diurno,Educação Física Ciclo Básico (Bacharelado/Licenciatura) | EP_R2_PPIQ,Educação Física Ciclo Básico (Bacharelado/Licenciatura) | Darcy Ribeiro | Diurno,Educação Física Ciclo Básico (Bacharelado/Licenciatura) | EP_R2_PPIQ | Darcy Ribeiro,Educação Física Ciclo Básico (Bacharelado/Licenciatura) | EP_R2_PPIQ | Diurno
2023-2025,2025,Darcy Ribeiro,Educação Física Ciclo Básico (Bacharelado/Licenciatura),Diurno,EP_R2_NPPIQ,EP_R2_NPPIQ,True,R2,NPPIQ,False,1.0,-16.974,0.769,2023-2025,2023,2025,6,Educação Física Ciclo Básico (Bacharelado/Licenciatura) | Darcy Ribeiro,Educação Física Ciclo Básico (Bacharelado/Licenciatura) | Diurno,Educação Física Ciclo Básico (Bacharelado/Licenciatura) | EP_R2_NPPIQ,Educação Física Ciclo Básico (Bacharelado/Licenciatura) | Darcy Ribeiro | Diurno,Educação Física Ciclo Básico (Bacharelado/Licenciatura) | EP_R2_NPPIQ | Darcy Ribeiro,Educação Física Ciclo Básico (Bacharelado/Licenciatura) | EP_R2_NPPIQ | Diurno
2023-2025,2025,Darcy Ribeiro,Educação Física Ciclo Básico (Bacharelado/Licenciatura),Diurno,CN,CN,False,,NEGROS,False,,-19.322,0.653,2023-2025,2023,2025,6,Educação Física Ciclo Básico (Bacharelado/Licenciatura) | Darcy Ribeiro,Educação Física Ciclo Básico (Bacharelado/Licenciatura) | Diurno,Educação Física Ciclo Básico (Bacharelado/Licenciatura) | CN,Educação Física Ciclo Básico (Bacharelado/Licenciatura) | Darcy Ribeiro | Diurno,Educação Física Ciclo Básico (Bacharelado/Licenciatura) | CN | Darcy Ribeiro,Educação Física Ciclo Básico (Bacharelado/Licenciatura) | CN | Diurno
2023-2025,2025,Darcy Ribeiro,Educação Física Ciclo Básico (Bacharelado/Licenciatura),Diurno,AC,AC,False,,,False,,1.609,38.076,2023-2025,2023,2025,6,Educação Física Ciclo Básico (Bacharelado/Licenciatura) | Darcy Ribeiro,Educação Física Ciclo Básico (Bacharelado/Licenciatura) | Diurno,Educação Física Ciclo Básico (Bacharelado/Licenciatura) | AC,Educação Física Ciclo Básico (Bacharelado/Licenciatura) | Darcy Ribeiro | Diurno,Educação Física Ciclo Básico (Bacharelado/Licenciatura) | AC | Darcy Ribeiro,Educação Física Ciclo Básico (Bacharelado/Licenciatura) | AC | Diurno
2023-2025,2025,Darcy Ribeiro,Enfermagem (Bacharelado),Diurno,EP_R1_NPPIQ,EP_R1_NPPIQ,True,R1,NPPIQ,False,1.0,-31.522,17.682,2023-2025,2023,2025,6,Enfermagem (Bacharelado) | Darcy Ribeiro,Enfermagem (Bacharelado) | Diurno,Enfermagem (Bacharelado) | EP_R1_NPPIQ,Enfermagem (Bacharelado) | Darcy Ribeiro | Diurno,Enfermagem (Bacharelado) | EP_R1_NPPIQ | Darcy Ribeiro,Enfermagem (Bacharelado) | EP_R1_NPPIQ | Diurno
2023-2025,2025,Darcy Ribeiro,Enfermagem (Bacharelado),Diurno,EP_R2_PPIQ,EP_R2_PPIQ,True,R2,PPIQ,False,1.0,-32.977,21.488,2023-2025,2023,2025,6,Enfermagem (Bacharelado) | Darcy Ribeiro,Enfermagem (Bacharelado) | Diurno,Enfermagem (Bacharelado) | EP_R2_PPIQ,Enfermagem (Bacharelado) | Darcy Ribeiro | Diurno,Enfermagem (Bacharelado) | EP_R2_PPIQ | Darcy Ribeiro,Enfermagem (Bacharelado) | EP_R2_PPIQ | Diurno
2023-2025,2025,Darcy Ribeiro,Enfermagem (Bacharelado),Diurno,EP_R2_NPPIQ,EP_R2_NPPIQ,True,R2,NPPIQ,False,1.0,28.885,42.362,2023-2025,2023,2025,6,Enfermagem (Bacharelado) | Darcy Ribeiro,Enfermagem (Bacharelado) | Diurno,Enfermagem (Bacharelado) | EP_R2_NPPIQ,Enfermagem (Bacharelado) | Darcy Ribeiro | Diurno,Enfermagem (Bacharelado) | EP_R2_NPPIQ | Darcy Ribeiro,Enfermagem (Bacharelado) | EP_R2_NPPIQ | Diurno
2023-2025,2025,Darcy Ribeiro,Enfermagem (Bacharelado),Diurno,CN,CN,False,,NEGROS,False,,39.99,39.99,2023-2025,2023,2025,6,Enfermagem (Bacharelado) | Darcy Ribeiro,Enfermagem (Bacharelado) | Diurno,Enfermagem (Bacharelado) | CN,Enfermagem (Bacharelado) | Darcy Ribeiro | Diurno,Enfermagem (Bacharelado) | CN | Darcy Ribeiro,Enfermagem (Bacharelado) | CN | Diurno
2023-2025,2025,Darcy Ribeiro,Enfermagem (Bacharelado),Diurno,AC,AC,False,,,False,,53.833,90.752,2023-2025,2023,2025,6,Enfermagem (Bacharelado) | Darcy Ribeiro,Enfermagem (Bacharelado) | Diurno,Enfermagem (Bacharelado) | AC,Enfermagem (Bacharelado) | Darcy Ribeiro | Diurno,Enfermagem (Bacharelado) | AC | Darcy Ribeiro,Enfermagem (Bacharelado) | AC | Diurno
2023-2025,2025,Darcy Ribeiro,Engenharia Ambiental (Bacharelado),Diurno,EP_R2_NPPIQ,EP_R2_NPPIQ,True,R2,NPPIQ,False,1.0,-44.993,-34.671,2023-2025,2023,2025,6,Engenharia Ambiental (Bacharelado) | Darcy Ribeiro,Engenharia Ambiental (Bacharelado) | Diurno,Engenharia Ambiental (Bacharelado) | EP_R2_NPPIQ,Engenharia Ambiental (Bacharelado) | Darcy Ribeiro | Diurno,Engenharia Ambiental (Bacharelado) | EP_R2_NPPIQ | Darcy Ribeiro,Engenharia Ambiental (Bacharelado) | EP_R2_NPPIQ | Diurno
2023-2025,2025,Darcy Ribeiro,Engenharia Ambiental (Bacharelado),Diurno,CN,CN,False,,NEGROS,False,,-51.192,-51.192,2023-2025,2023,2025,6,Engenharia Ambiental (Bacharelado) | Darcy Ribeiro,Engenharia Ambiental (Bacharelado) | Diurno,Engenharia Ambiental (Bacharelado) | CN,Engenharia Ambiental (Bacharelado) | Darcy Ribeiro | Diurno,Engenharia Ambiental (Bacharelado) | CN | Darcy Ribeiro,Engenharia Ambiental (Bacharelado) | CN | Diurno
2023-2025,2025,Darcy Ribeiro,Engenharia Ambiental (Bacharelado),Diurno,AC,AC,False,,,False,,-53.928,39.353,2023-2025,2023,2025,6,Engenharia Ambiental (Bacharelado) | Darcy Ribeiro,Engenharia Ambiental (Bacharelado) | Diurno,Engenharia Ambiental (Bacharelado) | AC,Engenharia Ambiental (Bacharelado) | Darcy Ribeiro | Diurno,Engenharia Ambiental (Bacharelado) | AC | Darcy Ribeiro,Engenharia Ambiental (Bacharelado) | AC | Diurno
2023-2025,2025,Darcy Ribeiro,Engenharia Civil (Bacharelado),Diurno,EP_R1_NPPIQ,EP_R1_NPPIQ,True,R1,NPPIQ,False,1.0,-46.606,-6.776,2023-2025,2023,2025,6,Engenharia Civil (Bacharelado) | Darcy Ribeiro,Engenharia Civil (Bacharelado) | Diurno,Engenharia Civil (Bacharelado) | EP_R1_NPPIQ,Engenharia Civil (Bacharelado) | Darcy Ribeiro | Diurno,Engenharia Civil (Bacharelado) | EP_R1_NPPIQ | Darcy Ribeiro,Engenharia Civil (Bacharelado) | EP_R1_NPPIQ | Diurno
2023-2025,2025,Darcy Ribeiro,Engenharia Civil (Bacharelado),Diurno,EP_R2_PPIQ,EP_R2_PPIQ,True,R2,PPIQ,False,1.0,-20.258,41.376,2023-2025,2023,2025,6,Engenharia Civil (Bacharelado) | Darcy Ribeiro,Engenharia Civil (Bacharelado) | Diurno,Engenharia Civil (Bacharelado) | EP_R2_PPIQ,Engenharia Civil (Bacharelado) | Darcy Ribeiro | Diurno,Engenharia Civil (Bacharelado) | EP_R2_PPIQ | Darcy Ribeiro,Engenharia Civil (Bacharelado) | EP_R2_PPIQ | Diurno
2023-2025,2025,Darcy Ribeiro,Engenharia Civil (Bacharelado),Diurno,EP_R2_NPPIQ,EP_R2_NPPIQ,True,R2,NPPIQ,False,1.0,19.123,44.103,2023-2025,2023,2025,6,Engenharia Civil (Bacharelado) | Darcy Ribeiro,Engenharia Civil (Bacharelado) | Diurno,Engenharia Civil (Bacharelado) | EP_R2_NPPIQ,Engenharia Civil (Bacharelado) | Darcy Ribeiro | Diurno,Engenharia Civil (Bacharelado) | EP_R2_NPPIQ | Darcy Ribeiro,Engenharia Civil (Bacharelado) | EP_R2_NPPIQ | Diurno
2023-2025,2025,Darcy Ribeiro,Engenharia Civil (Bacharelado),Diurno,CN,CN,False,,NEGROS,False,,26.849,26.849,2023-2025,2023,2025,6,Engenharia Civil (Bacharelado) | Darcy Ribeiro,Engenharia Civil (Bacharelado) | Diurno,Engenharia Civil (Bacharelado) | CN,Engenharia Civil (Bacharelado) | Darcy Ribeiro | Diurno,Engenharia Civil (Bacharelado) | CN | Darcy Ribeiro,Engenharia Civil (Bacharelado) | CN | Diurno
2023-2025,2025,Darcy Ribeiro,Engenharia Civil (Bacharelado),Diurno,AC,AC,False,,,False,,71.072,110.0,2023-2025,2023,2025,6,Engenharia Civil (Bacharelado) | Darcy Ribeiro,Engenharia Civil (Bacharelado) | Diurno,Engenharia Civil (Bacharelado) | AC,Engenharia Civil (Bacharelado) | Darcy Ribeiro | Diurno,Engenharia Civil (Bacharelado) | AC | Darcy Ribeiro,Engenharia Civil (Bacharelado) | AC | Diurno
2023-2025,2025,Darcy Ribeiro,Engenharia Elétrica (Bacharelado),Diurno,EP_R2_PPIQ,EP_R2_PPIQ,True,R2,PPIQ,False,1.0,-23.359,-23.359,2023-2025,2023,2025,6,Engenharia Elétrica (Bacharelado) | Darcy Ribeiro,Engenharia Elétrica (Bacharelado) | Diurno,Engenharia Elétrica (Bacharelado) | EP_R2_PPIQ,Engenharia Elétrica (Bacharelado) | Darcy Ribeiro | Diurno,Engenharia Elétrica (Bacharelado) | EP_R2_PPIQ | Darcy Ribeiro,Engenharia Elétrica (Bacharelado) | EP_R2_PPIQ | Diurno
2023-2025,2025,Darcy Ribeiro,Engenharia Elétrica (Bacharelado),Diurno,EP_R2_NPPIQ,EP_R2_NPPIQ,True,R2,NPPIQ,False,1.0,-6.585,58.012,2023-2025,2023,2025,6,Engenharia Elétrica (Bacharelado) | Darcy Ribeiro,Engenharia Elétrica (Bacharelado) | Diurno,Engenharia Elétrica (Bacharelado) | EP_R2_NPPIQ,Engenharia Elétrica (Bacharelado) | Darcy Ribeiro | Diurno,Engenharia Elétrica (Bacharelado) | EP_R2_NPPIQ | Darcy Ribeiro,Engenharia Elétrica (Bacharelado) | EP_R2_NPPIQ | Diurno
2023-2025,2025,Darcy Ribeiro,Engenharia Elétrica (Bacharelado),Diurno,CN,CN,False,,NEGROS,False,,19.288,19.288,2023-2025,2023,2025,6,Engenharia Elétrica (Bacharelado) | Darcy Ribeiro,Engenharia Elétrica (Bacharelado) | Diurno,Engenharia Elétrica (Bacharelado) | CN,Engenharia Elétrica (Bacharelado) | Darcy Ribeiro | Diurno,Engenharia Elétrica (Bacharelado) | CN | Darcy Ribeiro,Engenharia Elétrica (Bacharelado) | CN | Diurno
2023-2025,2025,Darcy Ribeiro,Engenharia Elétrica (Bacharelado),Diurno,AC,AC,False,,,False,,97.075,144.38,2023-2025,2023,2025,6,Engenharia Elétrica (Bacharelado) | Darcy Ribeiro,Engenharia Elétrica (Bacharelado) | Diurno,Engenharia Elétrica (Bacharelado) | AC,Engenharia Elétrica (Bacharelado) | Darcy Ribeiro | Diurno,Engenharia Elétrica (Bacharelado) | AC | Darcy Ribeiro,Engenharia Elétrica (Bacharelado) | AC | Diurno
2023-2025,2025,Darcy Ribeiro,Engenharia Florestal (Bacharelado),Diurno,EP_R2_NPPIQ,EP_R2_NPPIQ,True,R2,NPPIQ,False,1.0,-27.754,-27.754,2023-2025,2023,2025,6,Engenharia Florestal (Bacharelado) | Darcy Ribeiro,Engenharia Florestal (Bacharelado) | Diurno,Engenharia Florestal (Bacharelado) | EP_R2_NPPIQ,Engenharia Florestal (Bacharelado) | Darcy Ribeiro | Diurno,Engenharia Florestal (Bacharelado) | EP_R2_NPPIQ | Darcy Ribeiro,Engenharia Florestal (Bacharelado) | EP_R2_NPPIQ | Diurno
2023-2025,2025,Darcy Ribeiro,Engenharia Florestal (Bacharelado),Diurno,CN,CN,False,,NEGROS,False,,-59.51,-59.51,2023-2025,2023,2025,6,Engenharia Florestal (Bacharelado) | Darcy Ribeiro,Engenharia Florestal (Bacharelado) | Diurno,Engenharia Florestal (Bacharelado) | CN,Engenharia Florestal (Bacharelado) | Darcy Ribeiro | Diurno,Engenharia Florestal (Bacharelado) | CN | Darcy Ribeiro,Engenharia Florestal (Bacharelado) | CN | Diurno
2023-2025,2025,Darcy Ribeiro,Engenharia Florestal (Bacharelado),Diurno,AC,AC,False,,,False,,-69.015,65.667,2023-2025,2023,2025,6,Engenharia Florestal (Bacharelado) | Darcy Ribeiro,Engenharia Florestal (Bacharelado) | Diurno,Engenharia Florestal (Bacharelado) | AC,Engenharia Florestal (Bacharelado) | Darcy Ribeiro | Diurno,Engenharia Florestal (Bacharelado) | AC | Darcy Ribeiro,Engenharia Florestal (Bacharelado) | AC | Diurno
2023-2025,2025,Darcy Ribeiro,Engenharia Mecatrônica (Bacharelado),Diurno,EP_R1_NPPIQ,EP_R1_NPPIQ,True,R1,NPPIQ,False,1.0,-4.756,8.105,2023-2025,2023,2025,6,Engenharia Mecatrônica (Bacharelado) | Darcy Ribeiro,Engenharia Mecatrônica (Bacharelado) | Diurno,Engenharia Mecatrônica (Bacharelado) | EP_R1_NPPIQ,Engenharia Mecatrônica (Bacharelado) | Darcy Ribeiro | Diurno,Engenharia Mecatrônica (Bacharelado) | EP_R1_NPPIQ | Darcy Ribeiro,Engenharia Mecatrônica (Bacharelado) | EP_R1_NPPIQ | Diurno
2023-2025,2025,Darcy Ribeiro,Engenharia Mecatrônica (Bacharelado),Diurno,EP_R2_PPIQ,EP_R2_PPIQ,True,R2,PPIQ,False,1.0,-53.086,-27.897,2023-2025,2023,2025,6,Engenharia Mecatrônica (Bacharelado) | Darcy Ribeiro,Engenharia Mecatrônica (Bacharelado) | Diurno,Engenharia Mecatrônica (Bacharelado) | EP_R2_PPIQ,Engenharia Mecatrônica (Bacharelado) | Darcy Ribeiro | Diurno,Engenharia Mecatrônica (Bacharelado) | EP_R2_PPIQ | Darcy Ribeiro,Engenharia Mecatrônica (Bacharelado) | EP_R2_PPIQ | Diurno
2023-2025,2025,Darcy Ribeiro,Engenharia Mecatrônica (Bacharelado),Diurno,EP_R2_NPPIQ,EP_R2_NPPIQ,True,R2,NPPIQ,False,1.0,-19.193,79.642,2023-2025,2023,2025,6,Engenharia Mecatrônica (Bacharelado) | Darcy Ribeiro,Engenharia Mecatrônica (Bacharelado) | Diurno,Engenharia Mecatrônica (Bacharelado) | EP_R2_NPPIQ,Engenharia Mecatrônica (Bacharelado) | Darcy Ribeiro | Diurno,Engenharia Mecatrônica (Bacharelado) | EP_R2_NPPIQ | Darcy Ribeiro,Engenharia Mecatrônica (Bacharelado) | EP_R2_NPPIQ | Diurno
2023-2025,2025,Darcy Ribeiro,Engenharia Mecatrônica (Bacharelado),Diurno,CN,CN,False,,NEGROS,False,,25.527,25.527,2023-2025,2023,2025,6,Engenharia Mecatrônica (Bacharelado) | Darcy Ribeiro,Engenharia Mecatrônica (Bacharelado) | Diurno,Engenharia Mecatrônica (Bacharelado) | CN,Engenharia Mecatrônica (Bacharelado) | Darcy Ribeiro | Diurno,Engenharia Mecatrônica (Bacharelado) | CN | Darcy Ribeiro,Engenharia Mecatrônica (Bacharelado) | CN | Diurno
2023-2025,2025,Darcy Ribeiro,Engenharia Mecatrônica (Bacharelado),Diurno,AC,AC,False,,,False,,84.017,170.136,2023-2025,2023,2025,6,Engenharia Mecatrônica (Bacharelado) | Darcy Ribeiro,Engenharia Mecatrônica (Bacharelado) | Diurno,Engenharia Mecatrônica (Bacharelado) | AC,Engenharia Mecatrônica (Bacharelado) | Darcy Ribeiro | Diurno,Engenharia Mecatrônica (Bacharelado) | AC | Darcy Ribeiro,Engenharia Mecatrônica (Bacharelado) | AC | Diurno
2023-2025,2025,Darcy Ribeiro,Engenharia Mecânica (Bacharelado),Diurno,EP_R1_NPPIQ,EP_R1_NPPIQ,True,R1,NPPIQ,False,1.0,-69.376,-69.376,2023-2025,2023,2025,6,Engenharia Mecânica (Bacharelado) | Darcy Ribeiro,Engenharia Mecânica (Bacharelado) | Diurno,Engenharia Mecânica (Bacharelado) | EP_R1_NPPIQ,Engenharia Mecânica (Bacharelado) | Darcy Ribeiro | Diurno,Engenharia Mecânica (Bacharelado) | EP_R1_NPPIQ | Darcy Ribeiro,Engenharia Mecânica (Bacharelado) | EP_R1_NPPIQ | Diurno
2023-2025,2025,Darcy Ribeiro,Engenharia Mecânica (Bacharelado),Diurno,EP_R2_PPIQ,EP_R2_PPIQ,True,R2,PPIQ,False,1.0,5.003,17.361,2023-2025,2023,2025,6,Engenharia Mecânica (Bacharelado) | Darcy Ribeiro,Engenharia Mecânica (Bacharelado) | Diurno,Engenharia Mecânica (Bacharelado) | EP_R2_PPIQ,Engenharia Mecânica (Bacharelado) | Darcy Ribeiro | Diurno,Engenharia Mecânica (Bacharelado) | EP_R2_PPIQ | Darcy Ribeiro,Engenharia Mecânica (Bacharelado) | EP_R2_PPIQ | Diurno
2023-2025,2025,Darcy Ribeiro,Engenharia Mecânica (Bacharelado),Diurno,EP_R2_NPPIQ,EP_R2_NPPIQ,True,R2,NPPIQ,False,1.0,-1.775,66.886,2023-2025,2023,2025,6,Engenharia Mecânica (Bacharelado) | Darcy Ribeiro,Engenharia Mecânica (Bacharelado) | Diurno,Engenharia Mecânica (Bacharelado) | EP_R2_NPPIQ,Engenharia Mecânica (Bacharelado) | Darcy Ribeiro | Diurno,Engenharia Mecânica (Bacharelado) | EP_R2_NPPIQ | Darcy Ribeiro,Engenharia Mecânica (Bacharelado) | EP_R2_NPPIQ | Diurno
2023-2025,2025,Darcy Ribeiro,Engenharia Mecânica (Bacharelado),Diurno,CN,CN,False,,NEGROS,False,,68.151,68.151,2023-2025,2023,2025,6,Engenharia Mecânica (Bacharelado) | Darcy Ribeiro,Engenharia Mecânica (Bacharelado) | Diurno,Engenharia Mecânica (Bacharelado) | CN,Engenharia Mecânica (Bacharelado) | Darcy Ribeiro | Diurno,Engenharia Mecânica (Bacharelado) | CN | Darcy Ribeiro,Engenharia Mecânica (Bacharelado) | CN | Diurno
2023-2025,2025,Darcy Ribeiro,Engenharia Mecânica (Bacharelado),Diurno,AC,AC,False,,,False,,83.117,151.18,2023-2025,2023,2025,6,Engenharia Mecânica (Bacharelado) | Darcy Ribeiro,Engenharia Mecânica (Bacharelado) | Diurno,Engenharia Mecânica (Bacharelado) | AC,Engenharia Mecânica (Bacharelado) | Darcy Ribeiro | Diurno,Engenharia Mecânica (Bacharelado) | AC | Darcy Ribeiro,Engenharia Mecânica (Bacharelado) | AC | Diurno
2023-2025,2025,Darcy Ribeiro,Engenharia Química (Bacharelado),Diurno,EP_R2_PPIQ,EP_R2_PPIQ,True,R2,PPIQ,False,1.0,-17.786,2.511,2023-2025,2023,2025,6,Engenharia Química (Bacharelado) | Darcy Ribeiro,Engenharia Química (Bacharelado) | Diurno,Engenharia Química (Bacharelado) | EP_R2_PPIQ,Engenharia Química (Bacharelado) | Darcy Ribeiro | Diurno,Engenharia Química (Bacharelado) | EP_R2_PPIQ | Darcy Ribeiro,Engenharia Química (Bacharelado) | EP_R2_PPIQ | Diurno
2023-2025,2025,Darcy Ribeiro,Engenharia Química (Bacharelado),Diurno,EP_R2_NPPIQ,EP_R2_NPPIQ,True,R2,NPPIQ,False,1.0,-59.302,49.093,2023-2025,2023,2025,6,Engenharia Química (Bacharelado) | Darcy Ribeiro,Engenharia Química (Bacharelado) | Diurno,Engenharia Química (Bacharelado) | EP_R2_NPPIQ,Engenharia Química (Bacharelado) | Darcy Ribeiro | Diurno,Engenharia Química (Bacharelado) | EP_R2_NPPIQ | Darcy Ribeiro,Engenharia Química (Bacharelado) | EP_R2_NPPIQ | Diurno
2023-2025,2025,Darcy Ribeiro,Engenharia Química (Bacharelado),Diurno,CN,CN,False,,NEGROS,False,,5.744,5.744,2023-2025,2023,2025,6,Engenharia Química (Bacharelado) | Darcy Ribeiro,Engenharia Química (Bacharelado) | Diurno,Engenharia Química (Bacharelado) | CN,Engenharia Química (Bacharelado) | Darcy Ribeiro | Diurno,Engenharia Química (Bacharelado) | CN | Darcy Ribeiro,Engenharia Química (Bacharelado) | CN | Diurno
2023-2025,2025,Darcy Ribeiro,Engenharia Química (Bacharelado),Diurno,AC,AC,False,,,False,,51.716,135.786,2023-2025,2023,2025,6,Engenharia Química (Bacharelado) | Darcy Ribeiro,Engenharia Química (Bacharelado) | Diurno,Engenharia Química (Bacharelado) | AC,Engenharia Química (Bacharelado) | Darcy Ribeiro | Diurno,Engenharia Química (Bacharelado) | AC | Darcy Ribeiro,Engenharia Química (Bacharelado) | AC | Diurno
2023-2025,2025,Darcy Ribeiro,Engenharia de Computação (Bacharelado),Diurno,EP_R1_NPPIQ,EP_R1_NPPIQ,True,R1,NPPIQ,False,1.0,-33.752,-33.752,2023-2025,2023,2025,6,Engenharia de Computação (Bacharelado) | Darcy Ribeiro,Engenharia de Computação (Bacharelado) | Diurno,Engenharia de Computação (Bacharelado) | EP_R1_NPPIQ,Engenharia de Computação (Bacharelado) | Darcy Ribeiro | Diurno,Engenharia de Computação (Bacharelado) | EP_R1_NPPIQ | Darcy Ribeiro,Engenharia de Computação (Bacharelado) | EP_R1_NPPIQ | Diurno
2023-2025,2025,Darcy Ribeiro,Engenharia de Computação (Bacharelado),Diurno,EP_R2_PPIQ,EP_R2_PPIQ,True,R2,PPIQ,False,1.0,-67.012,55.801,2023-2025,2023,2025,6,Engenharia de Computação (Bacharelado) | Darcy Ribeiro,Engenharia de Computação (Bacharelado) | Diurno,Engenharia de Computação (Bacharelado) | EP_R2_PPIQ,Engenharia de Computação (Bacharelado) | Darcy Ribeiro | Diurno,Engenharia de Computação (Bacharelado) | EP_R2_PPIQ | Darcy Ribeiro,Engenharia de Computação (Bacharelado) | EP_R2_PPIQ | Diurno
2023-2025,2025,Darcy Ribeiro,Engenharia de Computação (Bacharelado),Diurno,EP_R2_NPPIQ,EP_R2_NPPIQ,True,R2,NPPIQ,False,1.0,82.189,83.309,2023-2025,2023,2025,6,Engenharia de Computação (Bacharelado) | Darcy Ribeiro,Engenharia de Computação (Bacharelado) | Diurno,Engenharia de Computação (Bacharelado) | EP_R2_NPPIQ,Engenharia de Computação (Bacharelado) | Darcy Ribeiro | Diurno,Engenharia de Computação (Bacharelado) | EP_R2_NPPIQ | Darcy Ribeiro,Engenharia de Computação (Bacharelado) | EP_R2_NPPIQ | Diurno
2023-2025,2025,Darcy Ribeiro,Engenharia de Computação (Bacharelado),Diurno,EP_R2_NPPIQ_PCD,EP_R2_NPPIQ_PCD,True,R2,NPPIQ,True,1.0,25.163,25.163,2023-2025,2023,2025,6,Engenharia de Computação (Bacharelado) | Darcy Ribeiro,Engenharia de Computação (Bacharelado) | Diurno,Engenharia de Computação (Bacharelado) | EP_R2_NPPIQ_PCD,Engenharia de Computação (Bacharelado) | Darcy Ribeiro | Diurno,Engenharia de Computação (Bacharelado) | EP_R2_NPPIQ_PCD | Darcy Ribeiro,Engenharia de Computação (Bacharelado) | EP_R2_NPPIQ_PCD | Diurno
2023-2025,2025,Darcy Ribeiro,Engenharia de Computação (Bacharelado),Diurno,CN,CN,False,,NEGROS,False,,70.718,70.718,2023-2025,2023,2025,6,Engenharia de Computação (Bacharelado) | Darcy Ribeiro,Engenharia de Computação (Bacharelado) | Diurno,Engenharia de Computação (Bacharelado) | CN,Engenharia de Computação (Bacharelado) | Darcy Ribeiro | Diurno,Engenharia de Computação (Bacharelado) | CN | Darcy Ribeiro,Engenharia de Computação (Bacharelado) | CN | Diurno
2023-2025,2025,Darcy Ribeiro,Engenharia de Computação (Bacharelado),Diurno,AC,AC,False,,,False,,120.918,167.223,2023-2025,2023,2025,6,Engenharia de Computação (Bacharelado) | Darcy Ribeiro,Engenharia de Computação (Bacharelado) | Diurno,Engenharia de Computação (Bacharelado) | AC,Engenharia de Computação (Bacharelado) | Darcy Ribeiro | Diurno,Engenharia de Computação (Bacharelado) | AC | Darcy Ribeiro,Engenharia de Computação (Bacharelado) | AC | Diurno
2023-2025,2025,Darcy Ribeiro,Engenharia de Produção (Bacharelado),Noturno,EP_R1_NPPIQ,EP_R1_NPPIQ,True,R1,NPPIQ,False,1.0,-20.589,-16.273,2023-2025,2023,2025,6,Engenharia de Produção (Bacharelado) | Darcy Ribeiro,Engenharia de Produção (Bacharelado) | Noturno,Engenharia de Produção (Bacharelado) | EP_R1_NPPIQ,Engenharia de Produção (Bacharelado) | Darcy Ribeiro | Noturno,Engenharia de Produção (Bacharelado) | EP_R1_NPPIQ | Darcy Ribeiro,Engenharia de Produção (Bacharelado) | EP_R1_NPPIQ | Noturno
2023-2025,2025,Darcy Ribeiro,Engenharia de Produção (Bacharelado),Noturno,EP_R2_PPIQ,EP_R2_PPIQ,True,R2,PPIQ,False,1.0,-5.763,-5.763,2023-2025,2023,2025,6,Engenharia de Produção (Bacharelado) | Darcy Ribeiro,Engenharia de Produção (Bacharelado) | Noturno,Engenharia de Produção (Bacharelado) | EP_R2_PPIQ,Engenharia de Produção (Bacharelado) | Darcy Ribeiro | Noturno,Engenharia de Produção (Bacharelado) | EP_R2_PPIQ | Darcy Ribeiro,Engenharia de Produção (Bacharelado) | EP_R2_PPIQ | Noturno
2023-2025,2025,Darcy Ribeiro,Engenharia de Produção (Bacharelado),Noturno,EP_R2_NPPIQ,EP_R2_NPPIQ,True,R2,NPPIQ,False,1.0,-30.464,60.182,2023-2025,2023,2025,6,Engenharia de Produção (Bacharelado) | Darcy Ribeiro,Engenharia de Produção (Bacharelado) | Noturno,Engenharia de Produção (Bacharelado) | EP_R2_NPPIQ,Engenharia de Produção (Bacharelado) | Darcy Ribeiro | Noturno,Engenharia de Produção (Bacharelado) | EP_R2_NPPIQ | Darcy Ribeiro,Engenharia de Produção (Bacharelado) | EP_R2_NPPIQ | Noturno
2023-2025,2025,Darcy Ribeiro,Engenharia de Produção (Bacharelado),Noturno,CN,CN,False,,NEGROS,False,,-31.733,-31.733,2023-2025,2023,2025,6,Engenharia de Produção (Bacharelado) | Darcy Ribeiro,Engenharia de Produção (Bacharelado) | Noturno,Engenharia de Produção (Bacharelado) | CN,Engenharia de Produção (Bacharelado) | Darcy Ribeiro | Noturno,Engenharia de Produção (Bacharelado) | CN | Darcy Ribeiro,Engenharia de Produção (Bacharelado) | CN | Noturno
2023-2025,2025,Darcy Ribeiro,Engenharia de Produção (Bacharelado),Noturno,AC,AC,False,,,False,,49.032,130.073,2023-2025,2023,2025,6,Engenharia de Produção (Bacharelado) | Darcy Ribeiro,Engenharia de Produção (Bacharelado) | Noturno,Engenharia de Produção (Bacharelado) | AC,Engenharia de Produção (Bacharelado) | Darcy Ribeiro | Noturno,Engenharia de Produção (Bacharelado) | AC | Darcy Ribeiro,Engenharia de Produção (Bacharelado) | AC | Noturno
2023-2025,2025,Darcy Ribeiro,Engenharia de Redes de Comunicação (Bacharelado),Diurno,EP_R1_NPPIQ,EP_R1_NPPIQ,True,R1,NPPIQ,False,1.0,-55.125,-55.125,2023-2025,2023,2025,6,Engenharia de Redes de Comunicação (Bacharelado) | Darcy Ribeiro,Engenharia de Redes de Comunicação (Bacharelado) | Diurno,Engenharia de Redes de Comunicação (Bacharelado) | EP_R1_NPPIQ,Engenharia de Redes de Comunicação (Bacharelado) | Darcy Ribeiro | Diurno,Engenharia de Redes de Comunicação (Bacharelado) | EP_R1_NPPIQ | Darcy Ribeiro,Engenharia de Redes de Comunicação (Bacharelado) | EP_R1_NPPIQ | Diurno
2023-2025,2025,Darcy Ribeiro,Engenharia de Redes de Comunicação (Bacharelado),Diurno,EP_R2_PPIQ,EP_R2_PPIQ,True,R2,PPIQ,False,1.0,-54.018,-24.926,2023-2025,2023,2025,6,Engenharia de Redes de Comunicação (Bacharelado) | Darcy Ribeiro,Engenharia de Redes de Comunicação (Bacharelado) | Diurno,Engenharia de Redes de Comunicação (Bacharelado) | EP_R2_PPIQ,Engenharia de Redes de Comunicação (Bacharelado) | Darcy Ribeiro | Diurno,Engenharia de Redes de Comunicação (Bacharelado) | EP_R2_PPIQ | Darcy Ribeiro,Engenharia de Redes de Comunicação (Bacharelado) | EP_R2_PPIQ | Diurno
2023-2025,2025,Darcy Ribeiro,Engenharia de Redes de Comunicação (Bacharelado),Diurno,EP_R2_NPPIQ,EP_R2_NPPIQ,True,R2,NPPIQ,False,1.0,-73.187,2.297,2023-2025,2023,2025,6,Engenharia de Redes de Comunicação (Bacharelado) | Darcy Ribeiro,Engenharia de Redes de Comunicação (Bacharelado) | Diurno,Engenharia de Redes de Comunicação (Bacharelado) | EP_R2_NPPIQ,Engenharia de Redes de Comunicação (Bacharelado) | Darcy Ribeiro | Diurno,Engenharia de Redes de Comunicação (Bacharelado) | EP_R2_NPPIQ | Darcy Ribeiro,Engenharia de Redes de Comunicação (Bacharelado) | EP_R2_NPPIQ | Diurno
2023-2025,2025,Darcy Ribeiro,Engenharia de Redes de Comunicação (Bacharelado),Diurno,CN,CN,False,,NEGROS,False,,-20.38,-20.38,2023-2025,2023,2025,6,Engenharia de Redes de Comunicação (Bacharelado) | Darcy Ribeiro,Engenharia de Redes de Comunicação (Bacharelado) | Diurno,Engenharia de Redes de Comunicação (Bacharelado) | CN,Engenharia de Redes de Comunicação (Bacharelado) | Darcy Ribeiro | Diurno,Engenharia de Redes de Comunicação (Bacharelado) | CN | Darcy Ribeiro,Engenharia de Redes de Comunicação (Bacharelado) | CN | Diurno
2023-2025,2025,Darcy Ribeiro,Engenharia de Redes de Comunicação (Bacharelado),Diurno,AC,AC,False,,,False,,34.703,63.406,2023-2025,2023,2025,6,Engenharia de Redes de Comunicação (Bacharelado) | Darcy Ribeiro,Engenharia de Redes de Comunicação (Bacharelado) | Diurno,Engenharia de Redes de Comunicação (Bacharelado) | AC,Engenharia de Redes de Comunicação (Bacharelado) | Darcy Ribeiro | Diurno,Engenharia de Redes de Comunicação (Bacharelado) | AC | Darcy Ribeiro,Engenharia de Redes de Comunicação (Bacharelado) | AC | Diurno
2023-2025,2025,Darcy Ribeiro,Estatística (Bacharelado),Diurno,EP_R2_PPIQ,EP_R2_PPIQ,True,R2,PPIQ,False,1.0,-34.447,-34.447,2023-2025,2023,2025,6,Estatística (Bacharelado) | Darcy Ribeiro,Estatística (Bacharelado) | Diurno,Estatística (Bacharelado) | EP_R2_PPIQ,Estatística (Bacharelado) | Darcy Ribeiro | Diurno,Estatística (Bacharelado) | EP_R2_PPIQ | Darcy Ribeiro,Estatística (Bacharelado) | EP_R2_PPIQ | Diurno
2023-2025,2025,Darcy Ribeiro,Estatística (Bacharelado),Diurno,EP_R2_NPPIQ,EP_R2_NPPIQ,True,R2,NPPIQ,False,1.0,-27.068,22.541,2023-2025,2023,2025,6,Estatística (Bacharelado) | Darcy Ribeiro,Estatística (Bacharelado) | Diurno,Estatística (Bacharelado) | EP_R2_NPPIQ,Estatística (Bacharelado) | Darcy Ribeiro | Diurno,Estatística (Bacharelado) | EP_R2_NPPIQ | Darcy Ribeiro,Estatística (Bacharelado) | EP_R2_NPPIQ | Diurno
2023-2025,2025,Darcy Ribeiro,Estatística (Bacharelado),Diurno,CN,CN,False,,NEGROS,False,,8.239,8.239,2023-2025,2023,2025,6,Estatística (Bacharelado) | Darcy Ribeiro,Estatística (Bacharelado) | Diurno,Estatística (Bacharelado) | CN,Estatística (Bacharelado) | Darcy Ribeiro | Diurno,Estatística (Bacharelado) | CN | Darcy Ribeiro,Estatística (Bacharelado) | CN | Diurno
2023-2025,2025,Darcy Ribeiro,Estatística (Bacharelado),Diurno,AC,AC,False,,,False,,14.483,111.408,2023-2025,2023,2025,6,Estatística (Bacharelado) | Darcy Ribeiro,Estatística (Bacharelado) | Diurno,Estatística (Bacharelado) | AC,Estatística (Bacharelado) | Darcy Ribeiro | Diurno,Estatística (Bacharelado) | AC | Darcy Ribeiro,Estatística (Bacharelado) | AC | Diurno
2023-2025,2025,Darcy Ribeiro,Farmácia (Bacharelado),Diurno,EP_R1_NPPIQ,EP_R1_NPPIQ,True,R1,NPPIQ,False,1.0,-45.41,3.367,2023-2025,2023,2025,6,Farmácia (Bacharelado) | Darcy Ribeiro,Farmácia (Bacharelado) | Diurno,Farmácia (Bacharelado) | EP_R1_NPPIQ,Farmácia (Bacharelado) | Darcy Ribeiro | Diurno,Farmácia (Bacharelado) | EP_R1_NPPIQ | Darcy Ribeiro,Farmácia (Bacharelado) | EP_R1_NPPIQ | Diurno
2023-2025,2025,Darcy Ribeiro,Farmácia (Bacharelado),Diurno,EP_R2_PPIQ,EP_R2_PPIQ,True,R2,PPIQ,False,1.0,-19.971,38.952,2023-2025,2023,2025,6,Farmácia (Bacharelado) | Darcy Ribeiro,Farmácia (Bacharelado) | Diurno,Farmácia (Bacharelado) | EP_R2_PPIQ,Farmácia (Bacharelado) | Darcy Ribeiro | Diurno,Farmácia (Bacharelado) | EP_R2_PPIQ | Darcy Ribeiro,Farmácia (Bacharelado) | EP_R2_PPIQ | Diurno
2023-2025,2025,Darcy Ribeiro,Farmácia (Bacharelado),Diurno,EP_R2_NPPIQ,EP_R2_NPPIQ,True,R2,NPPIQ,False,1.0,50.704,50.704,2023-2025,2023,2025,6,Farmácia (Bacharelado) | Darcy Ribeiro,Farmácia (Bacharelado) | Diurno,Farmácia (Bacharelado) | EP_R2_NPPIQ,Farmácia (Bacharelado) | Darcy Ribeiro | Diurno,Farmácia (Bacharelado) | EP_R2_NPPIQ | Darcy Ribeiro,Farmácia (Bacharelado) | EP_R2_NPPIQ | Diurno
2023-2025,2025,Darcy Ribeiro,Farmácia (Bacharelado),Diurno,EP_R2_NPPIQ_PCD,EP_R2_NPPIQ_PCD,True,R2,NPPIQ,True,1.0,0.119,0.119,2023-2025,2023,2025,6,Farmácia (Bacharelado) | Darcy Ribeiro,Farmácia (Bacharelado) | Diurno,Farmácia (Bacharelado) | EP_R2_NPPIQ_PCD,Farmácia (Bacharelado) | Darcy Ribeiro | Diurno,Farmácia (Bacharelado) | EP_R2_NPPIQ_PCD | Darcy Ribeiro,Farmácia (Bacharelado) | EP_R2_NPPIQ_PCD | Diurno
2023-2025,2025,Darcy Ribeiro,Farmácia (Bacharelado),Diurno,CN,CN,False,,NEGROS,False,,15.902,15.902,2023-2025,2023,2025,6,Farmácia (Bacharelado) | Darcy Ribeiro,Farmácia (Bacharelado) | Diurno,Farmácia (Bacharelado) | CN,Farmácia (Bacharelado) | Darcy Ribeiro | Diurno,Farmácia (Bacharelado) | CN | Darcy Ribeiro,Farmácia (Bacharelado) | CN | Diurno
2023-2025,2025,Darcy Ribeiro,Farmácia (Bacharelado),Diurno,AC,AC,False,,,False,,51.18,93.959,2023-2025,2023,2025,6,Farmácia (Bacharelado) | Darcy Ribeiro,Farmácia (Bacharelado) | Diurno,Farmácia (Bacharelado) | AC,Farmácia (Bacharelado) | Darcy Ribeiro | Diurno,Farmácia (Bacharelado) | AC | Darcy Ribeiro,Farmácia (Bacharelado) | AC | Diurno
2023-2025,2025,Darcy Ribeiro,Farmácia (Bacharelado),Noturno,EP_R1_NPPIQ,EP_R1_NPPIQ,True,R1,NPPIQ,False,1.0,-32.371,-7.88,2023-2025,2023,2025,6,Farmácia (Bacharelado) | Darcy Ribeiro,Farmácia (Bacharelado) | Noturno,Farmácia (Bacharelado) | EP_R1_NPPIQ,Farmácia (Bacharelado) | Darcy Ribeiro | Noturno,Farmácia (Bacharelado) | EP_R1_NPPIQ | Darcy Ribeiro,Farmácia (Bacharelado) | EP_R1_NPPIQ | Noturno
2023-2025,2025,Darcy Ribeiro,Farmácia (Bacharelado),Noturno,EP_R2_PPIQ,EP_R2_PPIQ,True,R2,PPIQ,False,1.0,-46.669,-21.564,2023-2025,2023,2025,6,Farmácia (Bacharelado) | Darcy Ribeiro,Farmácia (Bacharelado) | Noturno,Farmácia (Bacharelado) | EP_R2_PPIQ,Farmácia (Bacharelado) | Darcy Ribeiro | Noturno,Farmácia (Bacharelado) | EP_R2_PPIQ | Darcy Ribeiro,Farmácia (Bacharelado) | EP_R2_PPIQ | Noturno
2023-2025,2025,Darcy Ribeiro,Farmácia (Bacharelado),Noturno,EP_R2_NPPIQ,EP_R2_NPPIQ,True,R2,NPPIQ,False,1.0,-10.117,7.338,2023-2025,2023,2025,6,Farmácia (Bacharelado) | Darcy Ribeiro,Farmácia (Bacharelado) | Noturno,Farmácia (Bacharelado) | EP_R2_NPPIQ,Farmácia (Bacharelado) | Darcy Ribeiro | Noturno,Farmácia (Bacharelado) | EP_R2_NPPIQ | Darcy Ribeiro,Farmácia (Bacharelado) | EP_R2_NPPIQ | Noturno
2023-2025,2025,Darcy Ribeiro,Farmácia (Bacharelado),Noturno,AC,AC,False,,,False,,18.047,45.641,2023-2025,2023,2025,6,Farmácia (Bacharelado) | Darcy Ribeiro,Farmácia (Bacharelado) | Noturno,Farmácia (Bacharelado) | AC,Farmácia (Bacharelado) | Darcy Ribeiro | Noturno,Farmácia (Bacharelado) | AC | Darcy Ribeiro,Farmácia (Bacharelado) | AC | Noturno
2023-2025,2025,Darcy Ribeiro,Filosofia (Bacharelado/Licenciatura),Diurno,AC,AC,False,,,False,,-100.426,-3.548,2023-2025,2023,2025,6,Filosofia (Bacharelado/Licenciatura) | Darcy Ribeiro,Filosofia (Bacharelado/Licenciatura) | Diurno,Filosofia (Bacharelado/Licenciatura) | AC,Filosofia (Bacharelado/Licenciatura) | Darcy Ribeiro | Diurno,Filosofia (Bacharelado/Licenciatura) | AC | Darcy Ribeiro,Filosofia (Bacharelado/Licenciatura) | AC | Diurno
2023-2025,2025,Darcy Ribeiro,Filosofia (Licenciatura),Noturno,AC,AC,False,,,False,,-52.159,5.216,2023-2025,2023,2025,6,Filosofia (Licenciatura) | Darcy Ribeiro,Filosofia (Licenciatura) | Noturno,Filosofia (Licenciatura) | AC,Filosofia (Licenciatura) | Darcy Ribeiro | Noturno,Filosofia (Licenciatura) | AC | Darcy Ribeiro,Filosofia (Licenciatura) | AC | Noturno
2023-2025,2025,Darcy Ribeiro,Física (Bacharelado),Diurno,EP_R2_PPIQ,EP_R2_PPIQ,True,R2,PPIQ,False,1.0,-15.865,-15.865,2023-2025,2023,2025,6,Física (Bacharelado) | Darcy Ribeiro,Física (Bacharelado) | Diurno,Física (Bacharelado) | EP_R2_PPIQ,Física (Bacharelado) | Darcy Ribeiro | Diurno,Física (Bacharelado) | EP_R2_PPIQ | Darcy Ribeiro,Física (Bacharelado) | EP_R2_PPIQ | Diurno
2023-2025,2025,Darcy Ribeiro,Física (Bacharelado),Diurno,EP_R2_NPPIQ,EP_R2_NPPIQ,True,R2,NPPIQ,False,1.0,-29.298,5.538,2023-2025,2023,2025,6,Física (Bacharelado) | Darcy Ribeiro,Física (Bacharelado) | Diurno,Física (Bacharelado) | EP_R2_NPPIQ,Física (Bacharelado) | Darcy Ribeiro | Diurno,Física (Bacharelado) | EP_R2_NPPIQ | Darcy Ribeiro,Física (Bacharelado) | EP_R2_NPPIQ | Diurno
2023-2025,2025,Darcy Ribeiro,Física (Bacharelado),Diurno,AC,AC,False,,,False,,14.167,97.592,2023-2025,2023,2025,6,Física (Bacharelado) | Darcy Ribeiro,Física (Bacharelado) | Diurno,Física (Bacharelado) | AC,Física (Bacharelado) | Darcy Ribeiro | Diurno,Física (Bacharelado) | AC | Darcy Ribeiro,Física (Bacharelado) | AC | Diurno
2023-2025,2025,Darcy Ribeiro,Física (Licenciatura),Noturno,AC,AC,False,,,False,,-62.273,125.678,2023-2025,2023,2025,6,Física (Licenciatura) | Darcy Ribeiro,Física (Licenciatura) | Noturno,Física (Licenciatura) | AC,Física (Licenciatura) | Darcy Ribeiro | Noturno,Física (Licenciatura) | AC | Darcy Ribeiro,Física (Licenciatura) | AC | Noturno
2023-2025,2025,Darcy Ribeiro,Geofísica (Bacharelado),Diurno,AC,AC,False,,,False,,-47.993,45.309,2023-2025,2023,2025,6,Geofísica (Bacharelado) | Darcy Ribeiro,Geofísica (Bacharelado) | Diurno,Geofísica (Bacharelado) | AC,Geofísica (Bacharelado) | Darcy Ribeiro | Diurno,Geofísica (Bacharelado) | AC | Darcy Ribeiro,Geofísica (Bacharelado) | AC | Diurno
2023-2025,2025,Darcy Ribeiro,Geografia (Bacharelado/Licenciatura),Diurno,EP_R2_NPPIQ,EP_R2_NPPIQ,True,R2,NPPIQ,False,1.0,-66.839,-44.521,2023-2025,2023,2025,6,Geografia (Bacharelado/Licenciatura) | Darcy Ribeiro,Geografia (Bacharelado/Licenciatura) | Diurno,Geografia (Bacharelado/Licenciatura) | EP_R2_NPPIQ,Geografia (Bacharelado/Licenciatura) | Darcy Ribeiro | Diurno,Geografia (Bacharelado/Licenciatura) | EP_R2_NPPIQ | Darcy Ribeiro,Geografia (Bacharelado/Licenciatura) | EP_R2_NPPIQ | Diurno
2023-2025,2025,Darcy Ribeiro,Geografia (Bacharelado/Licenciatura),Diurno,AC,AC,False,,,False,,-90.016,129.343,2023-2025,2023,2025,6,Geografia (Bacharelado/Licenciatura) | Darcy Ribeiro,Geografia (Bacharelado/Licenciatura) | Diurno,Geografia (Bacharelado/Licenciatura) | AC,Geografia (Bacharelado/Licenciatura) | Darcy Ribeiro | Diurno,Geografia (Bacharelado/Licenciatura) | AC | Darcy Ribeiro,Geografia (Bacharelado/Licenciatura) | AC | Diurno
2023-2025,2025,Darcy Ribeiro,Geologia (Bacharelado),Diurno,AC,AC,False,,,False,,-63.489,80.103,2023-2025,2023,2025,6,Geologia (Bacharelado) | Darcy Ribeiro,Geologia (Bacharelado) | Diurno,Geologia (Bacharelado) | AC,Geologia (Bacharelado) | Darcy Ribeiro | Diurno,Geologia (Bacharelado) | AC | Darcy Ribeiro,Geologia (Bacharelado) | AC | Diurno
2023-2025,2025,Darcy Ribeiro,Gestão de Agronegócio (Bacharelado),Noturno,AC,AC,False,,,False,,-46.176,16.69,2023-2025,2023,2025,6,Gestão de Agronegócio (Bacharelado) | Darcy Ribeiro,Gestão de Agronegócio (Bacharelado) | Noturno,Gestão de Agronegócio (Bacharelado) | AC,Gestão de Agronegócio (Bacharelado) | Darcy Ribeiro | Noturno,Gestão de Agronegócio (Bacharelado) | AC | Darcy Ribeiro,Gestão de Agronegócio (Bacharelado) | AC | Noturno
2023-2025,2025,Darcy Ribeiro,Gestão de Políticas Públicas (Bacharelado),Noturno,EP_R1_NPPIQ,EP_R1_NPPIQ,True,R1,NPPIQ,False,1.0,-34.132,-29.67,2023-2025,2023,2025,6,Gestão de Políticas Públicas (Bacharelado) | Darcy Ribeiro,Gestão de Políticas Públicas (Bacharelado) | Noturno,Gestão de Políticas Públicas (Bacharelado) | EP_R1_NPPIQ,Gestão de Políticas Públicas (Bacharelado) | Darcy Ribeiro | Noturno,Gestão de Políticas Públicas (Bacharelado) | EP_R1_NPPIQ | Darcy Ribeiro,Gestão de Políticas Públicas (Bacharelado) | EP_R1_NPPIQ | Noturno
2023-2025,2025,Darcy Ribeiro,Gestão de Políticas Públicas (Bacharelado),Noturno,EP_R2_PPIQ,EP_R2_PPIQ,True,R2,PPIQ,False,1.0,-50.028,-41.002,2023-2025,2023,2025,6,Gestão de Políticas Públicas (Bacharelado) | Darcy Ribeiro,Gestão de Políticas Públicas (Bacharelado) | Noturno,Gestão de Políticas Públicas (Bacharelado) | EP_R2_PPIQ,Gestão de Políticas Públicas (Bacharelado) | Darcy Ribeiro | Noturno,Gestão de Políticas Públicas (Bacharelado) | EP_R2_PPIQ | Darcy Ribeiro,Gestão de Políticas Públicas (Bacharelado) | EP_R2_PPIQ | Noturno
2023-2025,2025,Darcy Ribeiro,Gestão de Políticas Públicas (Bacharelado),Noturno,EP_R2_NPPIQ,EP_R2_NPPIQ,True,R2,NPPIQ,False,1.0,-39.713,-11.757,2023-2025,2023,2025,6,Gestão de Políticas Públicas (Bacharelado) | Darcy Ribeiro,Gestão de Políticas Públicas (Bacharelado) | Noturno,Gestão de Políticas Públicas (Bacharelado) | EP_R2_NPPIQ,Gestão de Políticas Públicas (Bacharelado) | Darcy Ribeiro | Noturno,Gestão de Políticas Públicas (Bacharelado) | EP_R2_NPPIQ | Darcy Ribeiro,Gestão de Políticas Públicas (Bacharelado) | EP_R2_NPPIQ | Noturno
2023-2025,2025,Darcy Ribeiro,Gestão de Políticas Públicas (Bacharelado),Noturno,CN,CN,False,,NEGROS,False,,-10.584,-10.584,2023-2025,2023,2025,6,Gestão de Políticas Públicas (Bacharelado) | Darcy Ribeiro,Gestão de Políticas Públicas (Bacharelado) | Noturno,Gestão de Políticas Públicas (Bacharelado) | CN,Gestão de Políticas Públicas (Bacharelado) | Darcy Ribeiro | Noturno,Gestão de Políticas Públicas (Bacharelado) | CN | Darcy Ribeiro,Gestão de Políticas Públicas (Bacharelado) | CN | Noturno
2023-2025,2025,Darcy Ribeiro,Gestão de Políticas Públicas (Bacharelado),Noturno,AC,AC,False,,,False,,-2.832,64.854,2023-2025,2023,2025,6,Gestão de Políticas Públicas (Bacharelado) | Darcy Ribeiro,Gestão de Políticas Públicas (Bacharelado) | Noturno,Gestão de Políticas Públicas (Bacharelado) | AC,Gestão de Políticas Públicas (Bacharelado) | Darcy Ribeiro | Noturno,Gestão de Políticas Públicas (Bacharelado) | AC | Darcy Ribeiro,Gestão de Políticas Públicas (Bacharelado) | AC | Noturno
2023-2025,2025,Darcy Ribeiro,História (Bacharelado/Licenciatura),Diurno,EP_R1_NPPIQ,EP_R1_NPPIQ,True,R1,NPPIQ,False,1.0,-17.032,14.503,2023-2025,2023,2025,6,História (Bacharelado/Licenciatura) | Darcy Ribeiro,História (Bacharelado/Licenciatura) | Diurno,História (Bacharelado/Licenciatura) | EP_R1_NPPIQ,História (Bacharelado/Licenciatura) | Darcy Ribeiro | Diurno,História (Bacharelado/Licenciatura) | EP_R1_NPPIQ | Darcy Ribeiro,História (Bacharelado/Licenciatura) | EP_R1_NPPIQ | Diurno
2023-2025,2025,Darcy Ribeiro,História (Bacharelado/Licenciatura),Diurno,EP_R2_PPIQ,EP_R2_PPIQ,True,R2,PPIQ,False,1.0,-31.06,16.426,2023-2025,2023,2025,6,História (Bacharelado/Licenciatura) | Darcy Ribeiro,História (Bacharelado/Licenciatura) | Diurno,História (Bacharelado/Licenciatura) | EP_R2_PPIQ,História (Bacharelado/Licenciatura) | Darcy Ribeiro | Diurno,História (Bacharelado/Licenciatura) | EP_R2_PPIQ | Darcy Ribeiro,História (Bacharelado/Licenciatura) | EP_R2_PPIQ | Diurno
2023-2025,2025,Darcy Ribeiro,História (Bacharelado/Licenciatura),Diurno,EP_R2_PPIQ_PCD,EP_R2_PPIQ_PCD,True,R2,PPIQ,True,1.0,-30.955,-30.955,2023-2025,2023,2025,6,História (Bacharelado/Licenciatura) | Darcy Ribeiro,História (Bacharelado/Licenciatura) | Diurno,História (Bacharelado/Licenciatura) | EP_R2_PPIQ_PCD,História (Bacharelado/Licenciatura) | Darcy Ribeiro | Diurno,História (Bacharelado/Licenciatura) | EP_R2_PPIQ_PCD | Darcy Ribeiro,História (Bacharelado/Licenciatura) | EP_R2_PPIQ_PCD | Diurno
2023-2025,2025,Darcy Ribeiro,História (Bacharelado/Licenciatura),Diurno,EP_R2_NPPIQ,EP_R2_NPPIQ,True,R2,NPPIQ,False,1.0,21.418,21.418,2023-2025,2023,2025,6,História (Bacharelado/Licenciatura) | Darcy Ribeiro,História (Bacharelado/Licenciatura) | Diurno,História (Bacharelado/Licenciatura) | EP_R2_NPPIQ,História (Bacharelado/Licenciatura) | Darcy Ribeiro | Diurno,História (Bacharelado/Licenciatura) | EP_R2_NPPIQ | Darcy Ribeiro,História (Bacharelado/Licenciatura) | EP_R2_NPPIQ | Diurno
2023-2025,2025,Darcy Ribeiro,História (Bacharelado/Licenciatura),Diurno,EP_R2_NPPIQ_PCD,EP_R2_NPPIQ_PCD,True,R2,NPPIQ,True,1.0,-4.958,-4.958,2023-2025,2023,2025,6,História (Bacharelado/Licenciatura) | Darcy Ribeiro,História (Bacharelado/Licenciatura) | Diurno,História (Bacharelado/Licenciatura) | EP_R2_NPPIQ_PCD,História (Bacharelado/Licenciatura) | Darcy Ribeiro | Diurno,História (Bacharelado/Licenciatura) | EP_R2_NPPIQ_PCD | Darcy Ribeiro,História (Bacharelado/Licenciatura) | EP_R2_NPPIQ_PCD | Diurno
2023-2025,2025,Darcy Ribeiro,História (Bacharelado/Licenciatura),Diurno,CN,CN,False,,NEGROS,False,,-27.232,-27.232,2023-2025,2023,2025,6,História (Bacharelado/Licenciatura) | Darcy Ribeiro,História (Bacharelado/Licenciatura) | Diurno,História (Bacharelado/Licenciatura) | CN,História (Bacharelado/Licenciatura) | Darcy Ribeiro | Diurno,História (Bacharelado/Licenciatura) | CN | Darcy Ribeiro,História (Bacharelado/Licenciatura) | CN | Diurno
2023-2025,2025,Darcy Ribeiro,História (Bacharelado/Licenciatura),Diurno,AC,AC,False,,,False,,47.472,96.499,2023-2025,2023,2025,6,História (Bacharelado/Licenciatura) | Darcy Ribeiro,História (Bacharelado/Licenciatura) | Diurno,História (Bacharelado/Licenciatura) | AC,História (Bacharelado/Licenciatura) | Darcy Ribeiro | Diurno,História (Bacharelado/Licenciatura) | AC | Darcy Ribeiro,História (Bacharelado/Licenciatura) | AC | Diurno
2023-2025,2025,Darcy Ribeiro,História (Licenciatura),Noturno,EP_R2_NPPIQ,EP_R2_NPPIQ,True,R2,NPPIQ,False,1.0,-61.207,-26.631,2023-2025,2023,2025,6,História (Licenciatura) | Darcy Ribeiro,História (Licenciatura) | Noturno,História (Licenciatura) | EP_R2_NPPIQ,História (Licenciatura) | Darcy Ribeiro | Noturno,História (Licenciatura) | EP_R2_NPPIQ | Darcy Ribeiro,História (Licenciatura) | EP_R2_NPPIQ | Noturno
2023-2025,2025,Darcy Ribeiro,História (Licenciatura),Noturno,CN,CN,False,,NEGROS,False,,-27.164,-27.164,2023-2025,2023,2025,6,História (Licenciatura) | Darcy Ribeiro,História (Licenciatura) | Noturno,História (Licenciatura) | CN,História (Licenciatura) | Darcy Ribeiro | Noturno,História (Licenciatura) | CN | Darcy Ribeiro,História (Licenciatura) | CN | Noturno
2023-2025,2025,Darcy Ribeiro,História (Licenciatura),Noturno,AC,AC,False,,,False,,-85.388,45.426,2023-2025,2023,2025,6,História (Licenciatura) | Darcy Ribeiro,História (Licenciatura) | Noturno,História (Licenciatura) | AC,História (Licenciatura) | Darcy Ribeiro | Noturno,História (Licenciatura) | AC | Darcy Ribeiro,História (Licenciatura) | AC | Noturno
2023-2025,2025,Darcy Ribeiro,Japonês (Licenciatura),Noturno,AC,AC,False,,,False,,-83.555,-45.663,2023-2025,2023,2025,6,Japonês (Licenciatura) | Darcy Ribeiro,Japonês (Licenciatura) | Noturno,Japonês (Licenciatura) | AC,Japonês (Licenciatura) | Darcy Ribeiro | Noturno,Japonês (Licenciatura) | AC | Darcy Ribeiro,Japonês (Licenciatura) | AC | Noturno
2023-2025,2025,Darcy Ribeiro,Jornalismo (Bacharelado),Diurno,EP_R1_NPPIQ,EP_R1_NPPIQ,True,R1,NPPIQ,False,1.0,-37.174,-31.769,2023-2025,2023,2025,6,Jornalismo (Bacharelado) | Darcy Ribeiro,Jornalismo (Bacharelado) | Diurno,Jornalismo (Bacharelado) | EP_R1_NPPIQ,Jornalismo (Bacharelado) | Darcy Ribeiro | Diurno,Jornalismo (Bacharelado) | EP_R1_NPPIQ | Darcy Ribeiro,Jornalismo (Bacharelado) | EP_R1_NPPIQ | Diurno
2023-2025,2025,Darcy Ribeiro,Jornalismo (Bacharelado),Diurno,EP_R2_PPIQ,EP_R2_PPIQ,True,R2,PPIQ,False,1.0,-49.264,20.148,2023-2025,2023,2025,6,Jornalismo (Bacharelado) | Darcy Ribeiro,Jornalismo (Bacharelado) | Diurno,Jornalismo (Bacharelado) | EP_R2_PPIQ,Jornalismo (Bacharelado) | Darcy Ribeiro | Diurno,Jornalismo (Bacharelado) | EP_R2_PPIQ | Darcy Ribeiro,Jornalismo (Bacharelado) | EP_R2_PPIQ | Diurno
2023-2025,2025,Darcy Ribeiro,Jornalismo (Bacharelado),Diurno,EP_R2_NPPIQ,EP_R2_NPPIQ,True,R2,NPPIQ,False,1.0,41.607,41.607,2023-2025,2023,2025,6,Jornalismo (Bacharelado) | Darcy Ribeiro,Jornalismo (Bacharelado) | Diurno,Jornalismo (Bacharelado) | EP_R2_NPPIQ,Jornalismo (Bacharelado) | Darcy Ribeiro | Diurno,Jornalismo (Bacharelado) | EP_R2_NPPIQ | Darcy Ribeiro,Jornalismo (Bacharelado) | EP_R2_NPPIQ | Diurno
2023-2025,2025,Darcy Ribeiro,Jornalismo (Bacharelado),Diurno,CN,CN,False,,NEGROS,False,,52.71,52.71,2023-2025,2023,2025,6,Jornalismo (Bacharelado) | Darcy Ribeiro,Jornalismo (Bacharelado) | Diurno,Jornalismo (Bacharelado) | CN,Jornalismo (Bacharelado) | Darcy Ribeiro | Diurno,Jornalismo (Bacharelado) | CN | Darcy Ribeiro,Jornalismo (Bacharelado) | CN | Diurno
2023-2025,2025,Darcy Ribeiro,Jornalismo (Bacharelado),Diurno,AC,AC,False,,,False,,85.895,103.7,2023-2025,2023,2025,6,Jornalismo (Bacharelado) | Darcy Ribeiro,Jornalismo (Bacharelado) | Diurno,Jornalismo (Bacharelado) | AC,Jornalismo (Bacharelado) | Darcy Ribeiro | Diurno,Jornalismo (Bacharelado) | AC | Darcy Ribeiro,Jornalismo (Bacharelado) | AC | Diurno
2023-2025,2025,Darcy Ribeiro,Letras - Espanhol (Licenciatura),Noturno,AC,AC,False,,,False,,-79.029,-60.693,2023-2025,2023,2025,6,Letras - Espanhol (Licenciatura) | Darcy Ribeiro,Letras - Espanhol (Licenciatura) | Noturno,Letras - Espanhol (Licenciatura) | AC,Letras - Espanhol (Licenciatura) | Darcy Ribeiro | Noturno,Letras - Espanhol (Licenciatura) | AC | Darcy Ribeiro,Letras - Espanhol (Licenciatura) | AC | Noturno
2023-2025,2025,Darcy Ribeiro,Letras - Francês (Bacharelado/Licenciatura),Diurno,AC,AC,False,,,False,,-87.339,-26.043,2023-2025,2023,2025,6,Letras - Francês (Bacharelado/Licenciatura) | Darcy Ribeiro,Letras - Francês (Bacharelado/Licenciatura) | Diurno,Letras - Francês (Bacharelado/Licenciatura) | AC,Letras - Francês (Bacharelado/Licenciatura) | Darcy Ribeiro | Diurno,Letras - Francês (Bacharelado/Licenciatura) | AC | Darcy Ribeiro,Letras - Francês (Bacharelado/Licenciatura) | AC | Diurno
2023-2025,2025,Darcy Ribeiro,Letras - Inglês (Bacharelado/Licenciatura),Diurno,EP_R2_PPIQ,EP_R2_PPIQ,True,R2,PPIQ,False,1.0,-34.486,-34.486,2023-2025,2023,2025,6,Letras - Inglês (Bacharelado/Licenciatura) | Darcy Ribeiro,Letras - Inglês (Bacharelado/Licenciatura) | Diurno,Letras - Inglês (Bacharelado/Licenciatura) | EP_R2_PPIQ,Letras - Inglês (Bacharelado/Licenciatura) | Darcy Ribeiro | Diurno,Letras - Inglês (Bacharelado/Licenciatura) | EP_R2_PPIQ | Darcy Ribeiro,Letras - Inglês (Bacharelado/Licenciatura) | EP_R2_PPIQ | Diurno
2023-2025,2025,Darcy Ribeiro,Letras - Inglês (Bacharelado/Licenciatura),Diurno,EP_R2_NPPIQ,EP_R2_NPPIQ,True,R2,NPPIQ,False,1.0,-14.226,12.035,2023-2025,2023,2025,6,Letras - Inglês (Bacharelado/Licenciatura) | Darcy Ribeiro,Letras - Inglês (Bacharelado/Licenciatura) | Diurno,Letras - Inglês (Bacharelado/Licenciatura) | EP_R2_NPPIQ,Letras - Inglês (Bacharelado/Licenciatura) | Darcy Ribeiro | Diurno,Letras - Inglês (Bacharelado/Licenciatura) | EP_R2_NPPIQ | Darcy Ribeiro,Letras - Inglês (Bacharelado/Licenciatura) | EP_R2_NPPIQ | Diurno
2023-2025,2025,Darcy Ribeiro,Letras - Inglês (Bacharelado/Licenciatura),Diurno,AC,AC,False,,,False,,15.306,83.036,2023-2025,2023,2025,6,Letras - Inglês (Bacharelado/Licenciatura) | Darcy Ribeiro,Letras - Inglês (Bacharelado/Licenciatura) | Diurno,Letras - Inglês (Bacharelado/Licenciatura) | AC,Letras - Inglês (Bacharelado/Licenciatura) | Darcy Ribeiro | Diurno,Letras - Inglês (Bacharelado/Licenciatura) | AC | Darcy Ribeiro,Letras - Inglês (Bacharelado/Licenciatura) | AC | Diurno
2023-2025,2025,Darcy Ribeiro,Letras - Português (Bacharelado/Licenciatura),Diurno,EP_R1_NPPIQ,EP_R1_NPPIQ,True,R1,NPPIQ,False,1.0,-21.143,-21.143,2023-2025,2023,2025,6,Letras - Português (Bacharelado/Licenciatura) | Darcy Ribeiro,Letras - Português (Bacharelado/Licenciatura) | Diurno,Letras - Português (Bacharelado/Licenciatura) | EP_R1_NPPIQ,Letras - Português (Bacharelado/Licenciatura) | Darcy Ribeiro | Diurno,Letras - Português (Bacharelado/Licenciatura) | EP_R1_NPPIQ | Darcy Ribeiro,Letras - Português (Bacharelado/Licenciatura) | EP_R1_NPPIQ | Diurno
2023-2025,2025,Darcy Ribeiro,Letras - Português (Bacharelado/Licenciatura),Diurno,EP_R2_PPIQ,EP_R2_PPIQ,True,R2,PPIQ,False,1.0,-30.58,-30.58,2023-2025,2023,2025,6,Letras - Português (Bacharelado/Licenciatura) | Darcy Ribeiro,Letras - Português (Bacharelado/Licenciatura) | Diurno,Letras - Português (Bacharelado/Licenciatura) | EP_R2_PPIQ,Letras - Português (Bacharelado/Licenciatura) | Darcy Ribeiro | Diurno,Letras - Português (Bacharelado/Licenciatura) | EP_R2_PPIQ | Darcy Ribeiro,Letras - Português (Bacharelado/Licenciatura) | EP_R2_PPIQ | Diurno
2023-2025,2025,Darcy Ribeiro,Letras - Português (Bacharelado/Licenciatura),Diurno,EP_R2_NPPIQ,EP_R2_NPPIQ,True,R2,NPPIQ,False,1.0,-39.521,-1.814,2023-2025,2023,2025,6,Letras - Português (Bacharelado/Licenciatura) | Darcy Ribeiro,Letras - Português (Bacharelado/Licenciatura) | Diurno,Letras - Português (Bacharelado/Licenciatura) | EP_R2_NPPIQ,Letras - Português (Bacharelado/Licenciatura) | Darcy Ribeiro | Diurno,Letras - Português (Bacharelado/Licenciatura) | EP_R2_NPPIQ | Darcy Ribeiro,Letras - Português (Bacharelado/Licenciatura) | EP_R2_NPPIQ | Diurno
2023-2025,2025,Darcy Ribeiro,Letras - Português (Bacharelado/Licenciatura),Diurno,CN,CN,False,,NEGROS,False,,30.129,30.129,2023-2025,2023,2025,6,Letras - Português (Bacharelado/Licenciatura) | Darcy Ribeiro,Letras - Português (Bacharelado/Licenciatura) | Diurno,Letras - Português (Bacharelado/Licenciatura) | CN,Letras - Português (Bacharelado/Licenciatura) | Darcy Ribeiro | Diurno,Letras - Português (Bacharelado/Licenciatura) | CN | Darcy Ribeiro,Letras - Português (Bacharelado/Licenciatura) | CN | Diurno
2023-2025,2025,Darcy Ribeiro,Letras - Português (Bacharelado/Licenciatura),Diurno,AC,AC,False,,,False,,46.683,88.696,2023-2025,2023,2025,6,Letras - Português (Bacharelado/Licenciatura) | Darcy Ribeiro,Letras - Português (Bacharelado/Licenciatura) | Diurno,Letras - Português (Bacharelado/Licenciatura) | AC,Letras - Português (Bacharelado/Licenciatura) | Darcy Ribeiro | Diurno,Letras - Português (Bacharelado/Licenciatura) | AC | Darcy Ribeiro,Letras - Português (Bacharelado/Licenciatura) | AC | Diurno
2023-2025,2025,Darcy Ribeiro,Letras - Português (Licenciatura),Noturno,AC,AC,False,,,False,,-56.955,23.041,2023-2025,2023,2025,6,Letras - Português (Licenciatura) | Darcy Ribeiro,Letras - Português (Licenciatura) | Noturno,Letras - Português (Licenciatura) | AC,Letras - Português (Licenciatura) | Darcy Ribeiro | Noturno,Letras - Português (Licenciatura) | AC | Darcy Ribeiro,Letras - Português (Licenciatura) | AC | Noturno
2023-2025,2025,Darcy Ribeiro,Letras – Português do Brasil como Segunda Língua (Licenciatura),Diurno,AC,AC,False,,,False,,-75.904,-4.147,2023-2025,2023,2025,6,Letras – Português do Brasil como Segunda Língua (Licenciatura) | Darcy Ribeiro,Letras – Português do Brasil como Segunda Língua (Licenciatura) | Diurno,Letras – Português do Brasil como Segunda Língua (Licenciatura) | AC,Letras – Português do Brasil como Segunda Língua (Licenciatura) | Darcy Ribeiro | Diurno,Letras – Português do Brasil como Segunda Língua (Licenciatura) | AC | Darcy Ribeiro,Letras – Português do Brasil como Segunda Língua (Licenciatura) | AC | Diurno
2023-2025,2025,Darcy Ribeiro,Letras – Tradução – Espanhol (Bacharelado),Noturno,AC,AC,False,,,False,,-56.271,-56.271,2023-2025,2023,2025,6,Letras – Tradução – Espanhol (Bacharelado) | Darcy Ribeiro,Letras – Tradução – Espanhol (Bacharelado) | Noturno,Letras – Tradução – Espanhol (Bacharelado) | AC,Letras – Tradução – Espanhol (Bacharelado) | Darcy Ribeiro | Noturno,Letras – Tradução – Espanhol (Bacharelado) | AC | Darcy Ribeiro,Letras – Tradução – Espanhol (Bacharelado) | AC | Noturno
2023-2025,2025,Darcy Ribeiro,Letras – Tradução – Francês (Bacharelado),Diurno,AC,AC,False,,,False,,-18.595,-18.595,2023-2025,2023,2025,6,Letras – Tradução – Francês (Bacharelado) | Darcy Ribeiro,Letras – Tradução – Francês (Bacharelado) | Diurno,Letras – Tradução – Francês (Bacharelado) | AC,Letras – Tradução – Francês (Bacharelado) | Darcy Ribeiro | Diurno,Letras – Tradução – Francês (Bacharelado) | AC | Darcy Ribeiro,Letras – Tradução – Francês (Bacharelado) | AC | Diurno
2023-2025,2025,Darcy Ribeiro,Letras – Tradução – Inglês (Bacharelado),Diurno,EP_R2_NPPIQ,EP_R2_NPPIQ,True,R2,NPPIQ,False,1.0,-59.741,-59.741,2023-2025,2023,2025,6,Letras – Tradução – Inglês (Bacharelado) | Darcy Ribeiro,Letras – Tradução – Inglês (Bacharelado) | Diurno,Letras – Tradução – Inglês (Bacharelado) | EP_R2_NPPIQ,Letras – Tradução – Inglês (Bacharelado) | Darcy Ribeiro | Diurno,Letras – Tradução – Inglês (Bacharelado) | EP_R2_NPPIQ | Darcy Ribeiro,Letras – Tradução – Inglês (Bacharelado) | EP_R2_NPPIQ | Diurno
2023-2025,2025,Darcy Ribeiro,Letras – Tradução – Inglês (Bacharelado),Diurno,EP_R2_NPPIQ_PCD,EP_R2_NPPIQ_PCD,True,R2,NPPIQ,True,1.0,-20.506,-20.506,2023-2025,2023,2025,6,Letras – Tradução – Inglês (Bacharelado) | Darcy Ribeiro,Letras – Tradução – Inglês (Bacharelado) | Diurno,Letras – Tradução – Inglês (Bacharelado) | EP_R2_NPPIQ_PCD,Letras – Tradução – Inglês (Bacharelado) | Darcy Ribeiro | Diurno,Letras – Tradução – Inglês (Bacharelado) | EP_R2_NPPIQ_PCD | Darcy Ribeiro,Letras – Tradução – Inglês (Bacharelado) | EP_R2_NPPIQ_PCD | Diurno
2023-2025,2025,Darcy Ribeiro,Letras – Tradução – Inglês (Bacharelado),Diurno,AC,AC,False,,,False,,-75.983,32.724,2023-2025,2023,2025,6,Letras – Tradução – Inglês (Bacharelado) | Darcy Ribeiro,Letras – Tradução – Inglês (Bacharelado) | Diurno,Letras – Tradução – Inglês (Bacharelado) | AC,Letras – Tradução – Inglês (Bacharelado) | Darcy Ribeiro | Diurno,Letras – Tradução – Inglês (Bacharelado) | AC | Darcy Ribeiro,Letras – Tradução – Inglês (Bacharelado) | AC | Diurno
2023-2025,2025,Darcy Ribeiro,Línguas Estrangeiras Aplicadas (Bacharelado),Diurno,EP_R2_NPPIQ,EP_R2_NPPIQ,True,R2,NPPIQ,False,1.0,-67.757,-67.757,2023-2025,2023,2025,6,Línguas Estrangeiras Aplicadas (Bacharelado) | Darcy Ribeiro,Línguas Estrangeiras Aplicadas (Bacharelado) | Diurno,Línguas Estrangeiras Aplicadas (Bacharelado) | EP_R2_NPPIQ,Línguas Estrangeiras Aplicadas (Bacharelado) | Darcy Ribeiro | Diurno,Línguas Estrangeiras Aplicadas (Bacharelado) | EP_R2_NPPIQ | Darcy Ribeiro,Línguas Estrangeiras Aplicadas (Bacharelado) | EP_R2_NPPIQ | Diurno
2023-2025,2025,Darcy Ribeiro,Línguas Estrangeiras Aplicadas (Bacharelado),Diurno,AC,AC,False,,,False,,-60.26,-0.938,2023-2025,2023,2025,6,Línguas Estrangeiras Aplicadas (Bacharelado) | Darcy Ribeiro,Línguas Estrangeiras Aplicadas (Bacharelado) | Diurno,Línguas Estrangeiras Aplicadas (Bacharelado) | AC,Línguas Estrangeiras Aplicadas (Bacharelado) | Darcy Ribeiro | Diurno,Línguas Estrangeiras Aplicadas (Bacharelado) | AC | Darcy Ribeiro,Línguas Estrangeiras Aplicadas (Bacharelado) | AC | Diurno
2023-2025,2025,Darcy Ribeiro,Matemática (Bacharelado/Licenciatura),Diurno,EP_R2_PPIQ,EP_R2_PPIQ,True,R2,PPIQ,False,1.0,-29.962,-29.962,2023-2025,2023,2025,6,Matemática (Bacharelado/Licenciatura) | Darcy Ribeiro,Matemática (Bacharelado/Licenciatura) | Diurno,Matemática (Bacharelado/Licenciatura) | EP_R2_PPIQ,Matemática (Bacharelado/Licenciatura) | Darcy Ribeiro | Diurno,Matemática (Bacharelado/Licenciatura) | EP_R2_PPIQ | Darcy Ribeiro,Matemática (Bacharelado/Licenciatura) | EP_R2_PPIQ | Diurno
2023-2025,2025,Darcy Ribeiro,Matemática (Bacharelado/Licenciatura),Diurno,EP_R2_NPPIQ,EP_R2_NPPIQ,True,R2,NPPIQ,False,1.0,-20.656,-20.656,2023-2025,2023,2025,6,Matemática (Bacharelado/Licenciatura) | Darcy Ribeiro,Matemática (Bacharelado/Licenciatura) | Diurno,Matemática (Bacharelado/Licenciatura) | EP_R2_NPPIQ,Matemática (Bacharelado/Licenciatura) | Darcy Ribeiro | Diurno,Matemática (Bacharelado/Licenciatura) | EP_R2_NPPIQ | Darcy Ribeiro,Matemática (Bacharelado/Licenciatura) | EP_R2_NPPIQ | Diurno
2023-2025,2025,Darcy Ribeiro,Matemática (Bacharelado/Licenciatura),Diurno,CN,CN,False,,NEGROS,False,,-31.236,-31.236,2023-2025,2023,2025,6,Matemática (Bacharelado/Licenciatura) | Darcy Ribeiro,Matemática (Bacharelado/Licenciatura) | Diurno,Matemática (Bacharelado/Licenciatura) | CN,Matemática (Bacharelado/Licenciatura) | Darcy Ribeiro | Diurno,Matemática (Bacharelado/Licenciatura) | CN | Darcy Ribeiro,Matemática (Bacharelado/Licenciatura) | CN | Diurno
2023-2025,2025,Darcy Ribeiro,Matemática (Bacharelado/Licenciatura),Diurno,AC,AC,False,,,False,,-20.737,105.88,2023-2025,2023,2025,6,Matemática (Bacharelado/Licenciatura) | Darcy Ribeiro,Matemática (Bacharelado/Licenciatura) | Diurno,Matemática (Bacharelado/Licenciatura) | AC,Matemática (Bacharelado/Licenciatura) | Darcy Ribeiro | Diurno,Matemática (Bacharelado/Licenciatura) | AC | Darcy Ribeiro,Matemática (Bacharelado/Licenciatura) | AC | Diurno
2023-2025,2025,Darcy Ribeiro,Matemática (Licenciatura),Noturno,CN,CN,False,,NEGROS,False,,-64.383,-64.383,2023-2025,2023,2025,6,Matemática (Licenciatura) | Darcy Ribeiro,Matemática (Licenciatura) | Noturno,Matemática (Licenciatura) | CN,Matemática (Licenciatura) | Darcy Ribeiro | Noturno,Matemática (Licenciatura) | CN | Darcy Ribeiro,Matemática (Licenciatura) | CN | Noturno
2023-2025,2025,Darcy Ribeiro,Matemática (Licenciatura),Noturno,AC,AC,False,,,False,,-51.641,31.378,2023-2025,2023,2025,6,Matemática (Licenciatura) | Darcy Ribeiro,Matemática (Licenciatura) | Noturno,Matemática (Licenciatura) | AC,Matemática (Licenciatura) | Darcy Ribeiro | Noturno,Matemática (Licenciatura) | AC | Darcy Ribeiro,Matemática (Licenciatura) | AC | Noturno
2023-2025,2025,Darcy Ribeiro,Medicina (Bacharelado),Diurno,EP_R1_PPIQ,EP_R1_PPIQ,True,R1,PPIQ,False,1.0,81.446,96.795,2023-2025,2023,2025,6,Medicina (Bacharelado) | Darcy Ribeiro,Medicina (Bacharelado) | Diurno,Medicina (Bacharelado) | EP_R1_PPIQ,Medicina (Bacharelado) | Darcy Ribeiro | Diurno,Medicina (Bacharelado) | EP_R1_PPIQ | Darcy Ribeiro,Medicina (Bacharelado) | EP_R1_PPIQ | Diurno
2023-2025,2025,Darcy Ribeiro,Medicina (Bacharelado),Diurno,EP_R1_NPPIQ,EP_R1_NPPIQ,True,R1,NPPIQ,False,1.0,98.649,98.649,2023-2025,2023,2025,6,Medicina (Bacharelado) | Darcy Ribeiro,Medicina (Bacharelado) | Diurno,Medicina (Bacharelado) | EP_R1_NPPIQ,Medicina (Bacharelado) | Darcy Ribeiro | Diurno,Medicina (Bacharelado) | EP_R1_NPPIQ | Darcy Ribeiro,Medicina (Bacharelado) | EP_R1_NPPIQ | Diurno
2023-2025,2025,Darcy Ribeiro,Medicina (Bacharelado),Diurno,EP_R1_NPPIQ_PCD,EP_R1_NPPIQ_PCD,True,R1,NPPIQ,True,1.0,46.775,46.775,2023-2025,2023,2025,6,Medicina (Bacharelado) | Darcy Ribeiro,Medicina (Bacharelado) | Diurno,Medicina (Bacharelado) | EP_R1_NPPIQ_PCD,Medicina (Bacharelado) | Darcy Ribeiro | Diurno,Medicina (Bacharelado) | EP_R1_NPPIQ_PCD | Darcy Ribeiro,Medicina (Bacharelado) | EP_R1_NPPIQ_PCD | Diurno
2023-2025,2025,Darcy Ribeiro,Medicina (Bacharelado),Diurno,EP_R2_PPIQ,EP_R2_PPIQ,True,R2,PPIQ,False,1.0,115.802,119.954,2023-2025,2023,2025,6,Medicina (Bacharelado) | Darcy Ribeiro,Medicina (Bacharelado) | Diurno,Medicina (Bacharelado) | EP_R2_PPIQ,Medicina (Bacharelado) | Darcy Ribeiro | Diurno,Medicina (Bacharelado) | EP_R2_PPIQ | Darcy Ribeiro,Medicina (Bacharelado) | EP_R2_PPIQ | Diurno
2023-2025,2025,Darcy Ribeiro,Medicina (Bacharelado),Diurno,EP_R2_PPIQ_PCD,EP_R2_PPIQ_PCD,True,R2,PPIQ,True,1.0,-27.585,-2.377,2023-2025,2023,2025,6,Medicina (Bacharelado) | Darcy Ribeiro,Medicina (Bacharelado) | Diurno,Medicina (Bacharelado) | EP_R2_PPIQ_PCD,Medicina (Bacharelado) | Darcy Ribeiro | Diurno,Medicina (Bacharelado) | EP_R2_PPIQ_PCD | Darcy Ribeiro,Medicina (Bacharelado) | EP_R2_PPIQ_PCD | Diurno
2023-2025,2025,Darcy Ribeiro,Medicina (Bacharelado),Diurno,EP_R2_NPPIQ,EP_R2_NPPIQ,True,R2,NPPIQ,False,1.0,162.281,162.281,2023-2025,2023,2025,6,Medicina (Bacharelado) | Darcy Ribeiro,Medicina (Bacharelado) | Diurno,Medicina (Bacharelado) | EP_R2_NPPIQ,Medicina (Bacharelado) | Darcy Ribeiro | Diurno,Medicina (Bacharelado) | EP_R2_NPPIQ | Darcy Ribeiro,Medicina (Bacharelado) | EP_R2_NPPIQ | Diurno
2023-2025,2025,Darcy Ribeiro,Medicina (Bacharelado),Diurno,EP_R2_NPPIQ_PCD,EP_R2_NPPIQ_PCD,True,R2,NPPIQ,True,1.0,103.215,103.215,2023-2025,2023,2025,6,Medicina (Bacharelado) | Darcy Ribeiro,Medicina (Bacharelado) | Diurno,Medicina (Bacharelado) | EP_R2_NPPIQ_PCD,Medicina (Bacharelado) | Darcy Ribeiro | Diurno,Medicina (Bacharelado) | EP_R2_NPPIQ_PCD | Darcy Ribeiro,Medicina (Bacharelado) | EP_R2_NPPIQ_PCD | Diurno
2023-2025,2025,Darcy Ribeiro,Medicina (Bacharelado),Diurno,CN,CN,False,,NEGROS,False,,120.046,120.046,2023-2025,2023,2025,6,Medicina (Bacharelado) | Darcy Ribeiro,Medicina (Bacharelado) | Diurno,Medicina (Bacharelado) | CN,Medicina (Bacharelado) | Darcy Ribeiro | Diurno,Medicina (Bacharelado) | CN | Darcy Ribeiro,Medicina (Bacharelado) | CN | Diurno
2023-2025,2025,Darcy Ribeiro,Medicina (Bacharelado),Diurno,AC,AC,False,,,False,,166.75,190.334,2023-2025,2023,2025,6,Medicina (Bacharelado) | Darcy Ribeiro,Medicina (Bacharelado) | Diurno,Medicina (Bacharelado) | AC,Medicina (Bacharelado) | Darcy Ribeiro | Diurno,Medicina (Bacharelado) | AC | Darcy Ribeiro,Medicina (Bacharelado) | AC | Diurno
2023-2025,2025,Darcy Ribeiro,Medicina Veterinária (Bacharelado),Diurno,EP_R1_PPIQ,EP_R1_PPIQ,True,R1,PPIQ,False,1.0,-40.556,10.004,2023-2025,2023,2025,6,Medicina Veterinária (Bacharelado) | Darcy Ribeiro,Medicina Veterinária (Bacharelado) | Diurno,Medicina Veterinária (Bacharelado) | EP_R1_PPIQ,Medicina Veterinária (Bacharelado) | Darcy Ribeiro | Diurno,Medicina Veterinária (Bacharelado) | EP_R1_PPIQ | Darcy Ribeiro,Medicina Veterinária (Bacharelado) | EP_R1_PPIQ | Diurno
2023-2025,2025,Darcy Ribeiro,Medicina Veterinária (Bacharelado),Diurno,EP_R1_NPPIQ,EP_R1_NPPIQ,True,R1,NPPIQ,False,1.0,-18.653,20.35,2023-2025,2023,2025,6,Medicina Veterinária (Bacharelado) | Darcy Ribeiro,Medicina Veterinária (Bacharelado) | Diurno,Medicina Veterinária (Bacharelado) | EP_R1_NPPIQ,Medicina Veterinária (Bacharelado) | Darcy Ribeiro | Diurno,Medicina Veterinária (Bacharelado) | EP_R1_NPPIQ | Darcy Ribeiro,Medicina Veterinária (Bacharelado) | EP_R1_NPPIQ | Diurno
2023-2025,2025,Darcy Ribeiro,Medicina Veterinária (Bacharelado),Diurno,EP_R2_PPIQ,EP_R2_PPIQ,True,R2,PPIQ,False,1.0,11.522,23.973,2023-2025,2023,2025,6,Medicina Veterinária (Bacharelado) | Darcy Ribeiro,Medicina Veterinária (Bacharelado) | Diurno,Medicina Veterinária (Bacharelado) | EP_R2_PPIQ,Medicina Veterinária (Bacharelado) | Darcy Ribeiro | Diurno,Medicina Veterinária (Bacharelado) | EP_R2_PPIQ | Darcy Ribeiro,Medicina Veterinária (Bacharelado) | EP_R2_PPIQ | Diurno
2023-2025,2025,Darcy Ribeiro,Medicina Veterinária (Bacharelado),Diurno,EP_R2_NPPIQ,EP_R2_NPPIQ,True,R2,NPPIQ,False,1.0,53.433,53.433,2023-2025,2023,2025,6,Medicina Veterinária (Bacharelado) | Darcy Ribeiro,Medicina Veterinária (Bacharelado) | Diurno,Medicina Veterinária (Bacharelado) | EP_R2_NPPIQ,Medicina Veterinária (Bacharelado) | Darcy Ribeiro | Diurno,Medicina Veterinária (Bacharelado) | EP_R2_NPPIQ | Darcy Ribeiro,Medicina Veterinária (Bacharelado) | EP_R2_NPPIQ | Diurno
2023-2025,2025,Darcy Ribeiro,Medicina Veterinária (Bacharelado),Diurno,EP_R2_NPPIQ_PCD,EP_R2_NPPIQ_PCD,True,R2,NPPIQ,True,1.0,-34.547,-34.547,2023-2025,2023,2025,6,Medicina Veterinária (Bacharelado) | Darcy Ribeiro,Medicina Veterinária (Bacharelado) | Diurno,Medicina Veterinária (Bacharelado) | EP_R2_NPPIQ_PCD,Medicina Veterinária (Bacharelado) | Darcy Ribeiro | Diurno,Medicina Veterinária (Bacharelado) | EP_R2_NPPIQ_PCD | Darcy Ribeiro,Medicina Veterinária (Bacharelado) | EP_R2_NPPIQ_PCD | Diurno
2023-2025,2025,Darcy Ribeiro,Medicina Veterinária (Bacharelado),Diurno,CN,CN,False,,NEGROS,False,,55.857,55.857,2023-2025,2023,2025,6,Medicina Veterinária (Bacharelado) | Darcy Ribeiro,Medicina Veterinária (Bacharelado) | Diurno,Medicina Veterinária (Bacharelado) | CN,Medicina Veterinária (Bacharelado) | Darcy Ribeiro | Diurno,Medicina Veterinária (Bacharelado) | CN | Darcy Ribeiro,Medicina Veterinária (Bacharelado) | CN | Diurno
2023-2025,2025,Darcy Ribeiro,Medicina Veterinária (Bacharelado),Diurno,AC,AC,False,,,False,,66.643,99.685,2023-2025,2023,2025,6,Medicina Veterinária (Bacharelado) | Darcy Ribeiro,Medicina Veterinária (Bacharelado) | Diurno,Medicina Veterinária (Bacharelado) | AC,Medicina Veterinária (Bacharelado) | Darcy Ribeiro | Diurno,Medicina Veterinária (Bacharelado) | AC | Darcy Ribeiro,Medicina Veterinária (Bacharelado) | AC | Diurno
2023-2025,2025,Darcy Ribeiro,Museologia (Bacharelado),Diurno,AC,AC,False,,,False,,-79.405,19.145,2023-2025,2023,2025,6,Museologia (Bacharelado) | Darcy Ribeiro,Museologia (Bacharelado) | Diurno,Museologia (Bacharelado) | AC,Museologia (Bacharelado) | Darcy Ribeiro | Diurno,Museologia (Bacharelado) | AC | Darcy Ribeiro,Museologia (Bacharelado) | AC | Diurno
2023-2025,2025,Darcy Ribeiro,Música (Bacharelado),Diurno,AC,AC,False,,,False,,-2.409,65.653,2023-2025,2023,2025,6,Música (Bacharelado) | Darcy Ribeiro,Música (Bacharelado) | Diurno,Música (Bacharelado) | AC,Música (Bacharelado) | Darcy Ribeiro | Diurno,Música (Bacharelado) | AC | Darcy Ribeiro,Música (Bacharelado) | AC | Diurno
2023-2025,2025,Darcy Ribeiro,Música (Licenciatura),Diurno,AC,AC,False,,,False,,-15.971,132.273,2023-2025,2023,2025,6,Música (Licenciatura) | Darcy Ribeiro,Música (Licenciatura) | Diurno,Música (Licenciatura) | AC,Música (Licenciatura) | Darcy Ribeiro | Diurno,Música (Licenciatura) | AC | Darcy Ribeiro,Música (Licenciatura) | AC | Diurno
2023-2025,2025,Darcy Ribeiro,Nutrição (Bacharelado),Diurno,EP_R1_PPIQ,EP_R1_PPIQ,True,R1,PPIQ,False,1.0,-31.894,-31.894,2023-2025,2023,2025,6,Nutrição (Bacharelado) | Darcy Ribeiro,Nutrição (Bacharelado) | Diurno,Nutrição (Bacharelado) | EP_R1_PPIQ,Nutrição (Bacharelado) | Darcy Ribeiro | Diurno,Nutrição (Bacharelado) | EP_R1_PPIQ | Darcy Ribeiro,Nutrição (Bacharelado) | EP_R1_PPIQ | Diurno
2023-2025,2025,Darcy Ribeiro,Nutrição (Bacharelado),Diurno,EP_R1_NPPIQ,EP_R1_NPPIQ,True,R1,NPPIQ,False,1.0,-26.223,13.911,2023-2025,2023,2025,6,Nutrição (Bacharelado) | Darcy Ribeiro,Nutrição (Bacharelado) | Diurno,Nutrição (Bacharelado) | EP_R1_NPPIQ,Nutrição (Bacharelado) | Darcy Ribeiro | Diurno,Nutrição (Bacharelado) | EP_R1_NPPIQ | Darcy Ribeiro,Nutrição (Bacharelado) | EP_R1_NPPIQ | Diurno
2023-2025,2025,Darcy Ribeiro,Nutrição (Bacharelado),Diurno,EP_R2_PPIQ,EP_R2_PPIQ,True,R2,PPIQ,False,1.0,-7.668,10.936,2023-2025,2023,2025,6,Nutrição (Bacharelado) | Darcy Ribeiro,Nutrição (Bacharelado) | Diurno,Nutrição (Bacharelado) | EP_R2_PPIQ,Nutrição (Bacharelado) | Darcy Ribeiro | Diurno,Nutrição (Bacharelado) | EP_R2_PPIQ | Darcy Ribeiro,Nutrição (Bacharelado) | EP_R2_PPIQ | Diurno
2023-2025,2025,Darcy Ribeiro,Nutrição (Bacharelado),Diurno,EP_R2_NPPIQ,EP_R2_NPPIQ,True,R2,NPPIQ,False,1.0,31.534,31.534,2023-2025,2023,2025,6,Nutrição (Bacharelado) | Darcy Ribeiro,Nutrição (Bacharelado) | Diurno,Nutrição (Bacharelado) | EP_R2_NPPIQ,Nutrição (Bacharelado) | Darcy Ribeiro | Diurno,Nutrição (Bacharelado) | EP_R2_NPPIQ | Darcy Ribeiro,Nutrição (Bacharelado) | EP_R2_NPPIQ | Diurno
2023-2025,2025,Darcy Ribeiro,Nutrição (Bacharelado),Diurno,CN,CN,False,,NEGROS,False,,50.784,50.784,2023-2025,2023,2025,6,Nutrição (Bacharelado) | Darcy Ribeiro,Nutrição (Bacharelado) | Diurno,Nutrição (Bacharelado) | CN,Nutrição (Bacharelado) | Darcy Ribeiro | Diurno,Nutrição (Bacharelado) | CN | Darcy Ribeiro,Nutrição (Bacharelado) | CN | Diurno
2023-2025,2025,Darcy Ribeiro,Nutrição (Bacharelado),Diurno,AC,AC,False,,,False,,70.097,99.32,2023-2025,2023,2025,6,Nutrição (Bacharelado) | Darcy Ribeiro,Nutrição (Bacharelado) | Diurno,Nutrição (Bacharelado) | AC,Nutrição (Bacharelado) | Darcy Ribeiro | Diurno,Nutrição (Bacharelado) | AC | Darcy Ribeiro,Nutrição (Bacharelado) | AC | Diurno
2023-2025,2025,Darcy Ribeiro,Odontologia (Bacharelado),Diurno,EP_R1_PPIQ,EP_R1_PPIQ,True,R1,PPIQ,False,1.0,-62.296,-47.773,2023-2025,2023,2025,6,Odontologia (Bacharelado) | Darcy Ribeiro,Odontologia (Bacharelado) | Diurno,Odontologia (Bacharelado) | EP_R1_PPIQ,Odontologia (Bacharelado) | Darcy Ribeiro | Diurno,Odontologia (Bacharelado) | EP_R1_PPIQ | Darcy Ribeiro,Odontologia (Bacharelado) | EP_R1_PPIQ | Diurno
2023-2025,2025,Darcy Ribeiro,Odontologia (Bacharelado),Diurno,EP_R1_NPPIQ,EP_R1_NPPIQ,True,R1,NPPIQ,False,1.0,-36.853,-34.533,2023-2025,2023,2025,6,Odontologia (Bacharelado) | Darcy Ribeiro,Odontologia (Bacharelado) | Diurno,Odontologia (Bacharelado) | EP_R1_NPPIQ,Odontologia (Bacharelado) | Darcy Ribeiro | Diurno,Odontologia (Bacharelado) | EP_R1_NPPIQ | Darcy Ribeiro,Odontologia (Bacharelado) | EP_R1_NPPIQ | Diurno
2023-2025,2025,Darcy Ribeiro,Odontologia (Bacharelado),Diurno,EP_R2_PPIQ,EP_R2_PPIQ,True,R2,PPIQ,False,1.0,-28.308,0.733,2023-2025,2023,2025,6,Odontologia (Bacharelado) | Darcy Ribeiro,Odontologia (Bacharelado) | Diurno,Odontologia (Bacharelado) | EP_R2_PPIQ,Odontologia (Bacharelado) | Darcy Ribeiro | Diurno,Odontologia (Bacharelado) | EP_R2_PPIQ | Darcy Ribeiro,Odontologia (Bacharelado) | EP_R2_PPIQ | Diurno
2023-2025,2025,Darcy Ribeiro,Odontologia (Bacharelado),Diurno,EP_R2_NPPIQ,EP_R2_NPPIQ,True,R2,NPPIQ,False,1.0,84.068,84.068,2023-2025,2023,2025,6,Odontologia (Bacharelado) | Darcy Ribeiro,Odontologia (Bacharelado) | Diurno,Odontologia (Bacharelado) | EP_R2_NPPIQ,Odontologia (Bacharelado) | Darcy Ribeiro | Diurno,Odontologia (Bacharelado) | EP_R2_NPPIQ | Darcy Ribeiro,Odontologia (Bacharelado) | EP_R2_NPPIQ | Diurno
2023-2025,2025,Darcy Ribeiro,Odontologia (Bacharelado),Diurno,CN,CN,False,,NEGROS,False,,55.21,55.21,2023-2025,2023,2025,6,Odontologia (Bacharelado) | Darcy Ribeiro,Odontologia (Bacharelado) | Diurno,Odontologia (Bacharelado) | CN,Odontologia (Bacharelado) | Darcy Ribeiro | Diurno,Odontologia (Bacharelado) | CN | Darcy Ribeiro,Odontologia (Bacharelado) | CN | Diurno
2023-2025,2025,Darcy Ribeiro,Odontologia (Bacharelado),Diurno,AC,AC,False,,,False,,91.436,127.254,2023-2025,2023,2025,6,Odontologia (Bacharelado) | Darcy Ribeiro,Odontologia (Bacharelado) | Diurno,Odontologia (Bacharelado) | AC,Odontologia (Bacharelado) | Darcy Ribeiro | Diurno,Odontologia (Bacharelado) | AC | Darcy Ribeiro,Odontologia (Bacharelado) | AC | Diurno
2023-2025,2025,Darcy Ribeiro,Pedagogia (Licenciatura),Diurno,EP_R1_NPPIQ,EP_R1_NPPIQ,True,R1,NPPIQ,False,1.0,-58.937,-19.995,2023-2025,2023,2025,6,Pedagogia (Licenciatura) | Darcy Ribeiro,Pedagogia (Licenciatura) | Diurno,Pedagogia (Licenciatura) | EP_R1_NPPIQ,Pedagogia (Licenciatura) | Darcy Ribeiro | Diurno,Pedagogia (Licenciatura) | EP_R1_NPPIQ | Darcy Ribeiro,Pedagogia (Licenciatura) | EP_R1_NPPIQ | Diurno
2023-2025,2025,Darcy Ribeiro,Pedagogia (Licenciatura),Diurno,EP_R2_PPIQ,EP_R2_PPIQ,True,R2,PPIQ,False,1.0,-62.243,-20.304,2023-2025,2023,2025,6,Pedagogia (Licenciatura) | Darcy Ribeiro,Pedagogia (Licenciatura) | Diurno,Pedagogia (Licenciatura) | EP_R2_PPIQ,Pedagogia (Licenciatura) | Darcy Ribeiro | Diurno,Pedagogia (Licenciatura) | EP_R2_PPIQ | Darcy Ribeiro,Pedagogia (Licenciatura) | EP_R2_PPIQ | Diurno
2023-2025,2025,Darcy Ribeiro,Pedagogia (Licenciatura),Diurno,EP_R2_NPPIQ,EP_R2_NPPIQ,True,R2,NPPIQ,False,1.0,-39.068,-5.105,2023-2025,2023,2025,6,Pedagogia (Licenciatura) | Darcy Ribeiro,Pedagogia (Licenciatura) | Diurno,Pedagogia (Licenciatura) | EP_R2_NPPIQ,Pedagogia (Licenciatura) | Darcy Ribeiro | Diurno,Pedagogia (Licenciatura) | EP_R2_NPPIQ | Darcy Ribeiro,Pedagogia (Licenciatura) | EP_R2_NPPIQ | Diurno
2023-2025,2025,Darcy Ribeiro,Pedagogia (Licenciatura),Diurno,CN,CN,False,,NEGROS,False,,-26.747,-22.22,2023-2025,2023,2025,6,Pedagogia (Licenciatura) | Darcy Ribeiro,Pedagogia (Licenciatura) | Diurno,Pedagogia (Licenciatura) | CN,Pedagogia (Licenciatura) | Darcy Ribeiro | Diurno,Pedagogia (Licenciatura) | CN | Darcy Ribeiro,Pedagogia (Licenciatura) | CN | Diurno
2023-2025,2025,Darcy Ribeiro,Pedagogia (Licenciatura),Diurno,AC,AC,False,,,False,,-4.674,65.014,2023-2025,2023,2025,6,Pedagogia (Licenciatura) | Darcy Ribeiro,Pedagogia (Licenciatura) | Diurno,Pedagogia (Licenciatura) | AC,Pedagogia (Licenciatura) | Darcy Ribeiro | Diurno,Pedagogia (Licenciatura) | AC | Darcy Ribeiro,Pedagogia (Licenciatura) | AC | Diurno
2023-2025,2025,Darcy Ribeiro,Pedagogia (Licenciatura),Noturno,EP_R2_NPPIQ,EP_R2_NPPIQ,True,R2,NPPIQ,False,1.0,-73.336,-46.101,2023-2025,2023,2025,6,Pedagogia (Licenciatura) | Darcy Ribeiro,Pedagogia (Licenciatura) | Noturno,Pedagogia (Licenciatura) | EP_R2_NPPIQ,Pedagogia (Licenciatura) | Darcy Ribeiro | Noturno,Pedagogia (Licenciatura) | EP_R2_NPPIQ | Darcy Ribeiro,Pedagogia (Licenciatura) | EP_R2_NPPIQ | Noturno
2023-2025,2025,Darcy Ribeiro,Pedagogia (Licenciatura),Noturno,CN,CN,False,,NEGROS,False,,-25.37,-25.37,2023-2025,2023,2025,6,Pedagogia (Licenciatura) | Darcy Ribeiro,Pedagogia (Licenciatura) | Noturno,Pedagogia (Licenciatura) | CN,Pedagogia (Licenciatura) | Darcy Ribeiro | Noturno,Pedagogia (Licenciatura) | CN | Darcy Ribeiro,Pedagogia (Licenciatura) | CN | Noturno
2023-2025,2025,Darcy Ribeiro,Pedagogia (Licenciatura),Noturno,AC,AC,False,,,False,,-24.607,-8.018,2023-2025,2023,2025,6,Pedagogia (Licenciatura) | Darcy Ribeiro,Pedagogia (Licenciatura) | Noturno,Pedagogia (Licenciatura) | AC,Pedagogia (Licenciatura) | Darcy Ribeiro | Noturno,Pedagogia (Licenciatura) | AC | Darcy Ribeiro,Pedagogia (Licenciatura) | AC | Noturno
2023-2025,2025,Darcy Ribeiro,Psicologia (Bacharelado / Licenciatura / Psicólogo),Diurno,EP_R1_PPIQ,EP_R1_PPIQ,True,R1,PPIQ,False,1.0,-37.309,2.578,2023-2025,2023,2025,6,Psicologia (Bacharelado / Licenciatura / Psicólogo) | Darcy Ribeiro,Psicologia (Bacharelado / Licenciatura / Psicólogo) | Diurno,Psicologia (Bacharelado / Licenciatura / Psicólogo) | EP_R1_PPIQ,Psicologia (Bacharelado / Licenciatura / Psicólogo) | Darcy Ribeiro | Diurno,Psicologia (Bacharelado / Licenciatura / Psicólogo) | EP_R1_PPIQ | Darcy Ribeiro,Psicologia (Bacharelado / Licenciatura / Psicólogo) | EP_R1_PPIQ | Diurno
2023-2025,2025,Darcy Ribeiro,Psicologia (Bacharelado / Licenciatura / Psicólogo),Diurno,EP_R1_NPPIQ,EP_R1_NPPIQ,True,R1,NPPIQ,False,1.0,0.742,19.87,2023-2025,2023,2025,6,Psicologia (Bacharelado / Licenciatura / Psicólogo) | Darcy Ribeiro,Psicologia (Bacharelado / Licenciatura / Psicólogo) | Diurno,Psicologia (Bacharelado / Licenciatura / Psicólogo) | EP_R1_NPPIQ,Psicologia (Bacharelado / Licenciatura / Psicólogo) | Darcy Ribeiro | Diurno,Psicologia (Bacharelado / Licenciatura / Psicólogo) | EP_R1_NPPIQ | Darcy Ribeiro,Psicologia (Bacharelado / Licenciatura / Psicólogo) | EP_R1_NPPIQ | Diurno
2023-2025,2025,Darcy Ribeiro,Psicologia (Bacharelado / Licenciatura / Psicólogo),Diurno,EP_R2_PPIQ,EP_R2_PPIQ,True,R2,PPIQ,False,1.0,29.315,44.612,2023-2025,2023,2025,6,Psicologia (Bacharelado / Licenciatura / Psicólogo) | Darcy Ribeiro,Psicologia (Bacharelado / Licenciatura / Psicólogo) | Diurno,Psicologia (Bacharelado / Licenciatura / Psicólogo) | EP_R2_PPIQ,Psicologia (Bacharelado / Licenciatura / Psicólogo) | Darcy Ribeiro | Diurno,Psicologia (Bacharelado / Licenciatura / Psicólogo) | EP_R2_PPIQ | Darcy Ribeiro,Psicologia (Bacharelado / Licenciatura / Psicólogo) | EP_R2_PPIQ | Diurno
2023-2025,2025,Darcy Ribeiro,Psicologia (Bacharelado / Licenciatura / Psicólogo),Diurno,EP_R2_NPPIQ,EP_R2_NPPIQ,True,R2,NPPIQ,False,1.0,75.146,75.146,2023-2025,2023,2025,6,Psicologia (Bacharelado / Licenciatura / Psicólogo) | Darcy Ribeiro,Psicologia (Bacharelado / Licenciatura / Psicólogo) | Diurno,Psicologia (Bacharelado / Licenciatura / Psicólogo) | EP_R2_NPPIQ,Psicologia (Bacharelado / Licenciatura / Psicólogo) | Darcy Ribeiro | Diurno,Psicologia (Bacharelado / Licenciatura / Psicólogo) | EP_R2_NPPIQ | Darcy Ribeiro,Psicologia (Bacharelado / Licenciatura / Psicólogo) | EP_R2_NPPIQ | Diurno
2023-2025,2025,Darcy Ribeiro,Psicologia (Bacharelado / Licenciatura / Psicólogo),Diurno,EP_R2_NPPIQ_PCD,EP_R2_NPPIQ_PCD,True,R2,NPPIQ,True,1.0,-2.927,-2.927,2023-2025,2023,2025,6,Psicologia (Bacharelado / Licenciatura / Psicólogo) | Darcy Ribeiro,Psicologia (Bacharelado / Licenciatura / Psicólogo) | Diurno,Psicologia (Bacharelado / Licenciatura / Psicólogo) | EP_R2_NPPIQ_PCD,Psicologia (Bacharelado / Licenciatura / Psicólogo) | Darcy Ribeiro | Diurno,Psicologia (Bacharelado / Licenciatura / Psicólogo) | EP_R2_NPPIQ_PCD | Darcy Ribeiro,Psicologia (Bacharelado / Licenciatura / Psicólogo) | EP_R2_NPPIQ_PCD | Diurno
2023-2025,2025,Darcy Ribeiro,Psicologia (Bacharelado / Licenciatura / Psicólogo),Diurno,CN,CN,False,,NEGROS,False,,83.135,83.135,2023-2025,2023,2025,6,Psicologia (Bacharelado / Licenciatura / Psicólogo) | Darcy Ribeiro,Psicologia (Bacharelado / Licenciatura / Psicólogo) | Diurno,Psicologia (Bacharelado / Licenciatura / Psicólogo) | CN,Psicologia (Bacharelado / Licenciatura / Psicólogo) | Darcy Ribeiro | Diurno,Psicologia (Bacharelado / Licenciatura / Psicólogo) | CN | Darcy Ribeiro,Psicologia (Bacharelado / Licenciatura / Psicólogo) | CN | Diurno
2023-2025,2025,Darcy Ribeiro,Psicologia (Bacharelado / Licenciatura / Psicólogo),Diurno,AC,AC,False,,,False,,92.692,149.897,2023-2025,2023,2025,6,Psicologia (Bacharelado / Licenciatura / Psicólogo) | Darcy Ribeiro,Psicologia (Bacharelado / Licenciatura / Psicólogo) | Diurno,Psicologia (Bacharelado / Licenciatura / Psicólogo) | AC,Psicologia (Bacharelado / Licenciatura / Psicólogo) | Darcy Ribeiro | Diurno,Psicologia (Bacharelado / Licenciatura / Psicólogo) | AC | Darcy Ribeiro,Psicologia (Bacharelado / Licenciatura / Psicólogo) | AC | Diurno
2023-2025,2025,Darcy Ribeiro,Química (Bacharelado),Diurno,EP_R2_PPIQ,EP_R2_PPIQ,True,R2,PPIQ,False,1.0,-12.868,-12.868,2023-2025,2023,2025,6,Química (Bacharelado) | Darcy Ribeiro,Química (Bacharelado) | Diurno,Química (Bacharelado) | EP_R2_PPIQ,Química (Bacharelado) | Darcy Ribeiro | Diurno,Química (Bacharelado) | EP_R2_PPIQ | Darcy Ribeiro,Química (Bacharelado) | EP_R2_PPIQ | Diurno
2023-2025,2025,Darcy Ribeiro,Química (Bacharelado),Diurno,EP_R2_NPPIQ,EP_R2_NPPIQ,True,R2,NPPIQ,False,1.0,-54.782,11.654,2023-2025,2023,2025,6,Química (Bacharelado) | Darcy Ribeiro,Química (Bacharelado) | Diurno,Química (Bacharelado) | EP_R2_NPPIQ,Química (Bacharelado) | Darcy Ribeiro | Diurno,Química (Bacharelado) | EP_R2_NPPIQ | Darcy Ribeiro,Química (Bacharelado) | EP_R2_NPPIQ | Diurno
2023-2025,2025,Darcy Ribeiro,Química (Bacharelado),Diurno,CN,CN,False,,NEGROS,False,,-10.181,-10.181,2023-2025,2023,2025,6,Química (Bacharelado) | Darcy Ribeiro,Química (Bacharelado) | Diurno,Química (Bacharelado) | CN,Química (Bacharelado) | Darcy Ribeiro | Diurno,Química (Bacharelado) | CN | Darcy Ribeiro,Química (Bacharelado) | CN | Diurno
2023-2025,2025,Darcy Ribeiro,Química (Bacharelado),Diurno,AC,AC,False,,,False,,5.562,107.231,2023-2025,2023,2025,6,Química (Bacharelado) | Darcy Ribeiro,Química (Bacharelado) | Diurno,Química (Bacharelado) | AC,Química (Bacharelado) | Darcy Ribeiro | Diurno,Química (Bacharelado) | AC | Darcy Ribeiro,Química (Bacharelado) | AC | Diurno
2023-2025,2025,Darcy Ribeiro,Química (Licenciatura),Noturno,AC,AC,False,,,False,,-54.702,44.043,2023-2025,2023,2025,6,Química (Licenciatura) | Darcy Ribeiro,Química (Licenciatura) | Noturno,Química (Licenciatura) | AC,Química (Licenciatura) | Darcy Ribeiro | Noturno,Química (Licenciatura) | AC | Darcy Ribeiro,Química (Licenciatura) | AC | Noturno
2023-2025,2025,Darcy Ribeiro,Química Tecnológica (Bacharelado),Diurno,AC,AC,False,,,False,,-30.086,126.278,2023-2025,2023,2025,6,Química Tecnológica (Bacharelado) | Darcy Ribeiro,Química Tecnológica (Bacharelado) | Diurno,Química Tecnológica (Bacharelado) | AC,Química Tecnológica (Bacharelado) | Darcy Ribeiro | Diurno,Química Tecnológica (Bacharelado) | AC | Darcy Ribeiro,Química Tecnológica (Bacharelado) | AC | Diurno
2023-2025,2025,Darcy Ribeiro,Relações Internacionais (Bacharelado),Diurno,EP_R1_NPPIQ,EP_R1_NPPIQ,True,R1,NPPIQ,False,1.0,-59.284,22.165,2023-2025,2023,2025,6,Relações Internacionais (Bacharelado) | Darcy Ribeiro,Relações Internacionais (Bacharelado) | Diurno,Relações Internacionais (Bacharelado) | EP_R1_NPPIQ,Relações Internacionais (Bacharelado) | Darcy Ribeiro | Diurno,Relações Internacionais (Bacharelado) | EP_R1_NPPIQ | Darcy Ribeiro,Relações Internacionais (Bacharelado) | EP_R1_NPPIQ | Diurno
2023-2025,2025,Darcy Ribeiro,Relações Internacionais (Bacharelado),Diurno,EP_R2_PPIQ,EP_R2_PPIQ,True,R2,PPIQ,False,1.0,1.225,60.338,2023-2025,2023,2025,6,Relações Internacionais (Bacharelado) | Darcy Ribeiro,Relações Internacionais (Bacharelado) | Diurno,Relações Internacionais (Bacharelado) | EP_R2_PPIQ,Relações Internacionais (Bacharelado) | Darcy Ribeiro | Diurno,Relações Internacionais (Bacharelado) | EP_R2_PPIQ | Darcy Ribeiro,Relações Internacionais (Bacharelado) | EP_R2_PPIQ | Diurno
2023-2025,2025,Darcy Ribeiro,Relações Internacionais (Bacharelado),Diurno,EP_R2_NPPIQ,EP_R2_NPPIQ,True,R2,NPPIQ,False,1.0,72.126,90.752,2023-2025,2023,2025,6,Relações Internacionais (Bacharelado) | Darcy Ribeiro,Relações Internacionais (Bacharelado) | Diurno,Relações Internacionais (Bacharelado) | EP_R2_NPPIQ,Relações Internacionais (Bacharelado) | Darcy Ribeiro | Diurno,Relações Internacionais (Bacharelado) | EP_R2_NPPIQ | Darcy Ribeiro,Relações Internacionais (Bacharelado) | EP_R2_NPPIQ | Diurno
2023-2025,2025,Darcy Ribeiro,Relações Internacionais (Bacharelado),Diurno,CN,CN,False,,NEGROS,False,,100.775,100.775,2023-2025,2023,2025,6,Relações Internacionais (Bacharelado) | Darcy Ribeiro,Relações Internacionais (Bacharelado) | Diurno,Relações Internacionais (Bacharelado) | CN,Relações Internacionais (Bacharelado) | Darcy Ribeiro | Diurno,Relações Internacionais (Bacharelado) | CN | Darcy Ribeiro,Relações Internacionais (Bacharelado) | CN | Diurno
2023-2025,2025,Darcy Ribeiro,Relações Internacionais (Bacharelado),Diurno,AC,AC,False,,,False,,105.105,162.477,2023-2025,2023,2025,6,Relações Internacionais (Bacharelado) | Darcy Ribeiro,Relações Internacionais (Bacharelado) | Diurno,Relações Internacionais (Bacharelado) | AC,Relações Internacionais (Bacharelado) | Darcy Ribeiro | Diurno,Relações Internacionais (Bacharelado) | AC | Darcy Ribeiro,Relações Internacionais (Bacharelado) | AC | Diurno
2023-2025,2025,Darcy Ribeiro,Saúde Coletiva (Bacharelado),Noturno,AC,AC,False,,,False,,-72.556,9.485,2023-2025,2023,2025,6,Saúde Coletiva (Bacharelado) | Darcy Ribeiro,Saúde Coletiva (Bacharelado) | Noturno,Saúde Coletiva (Bacharelado) | AC,Saúde Coletiva (Bacharelado) | Darcy Ribeiro | Noturno,Saúde Coletiva (Bacharelado) | AC | Darcy Ribeiro,Saúde Coletiva (Bacharelado) | AC | Noturno
2023-2025,2025,Darcy Ribeiro,Serviço Social (Bacharelado),Diurno,EP_R2_PPIQ,EP_R2_PPIQ,True,R2,PPIQ,False,1.0,-37.837,-37.837,2023-2025,2023,2025,6,Serviço Social (Bacharelado) | Darcy Ribeiro,Serviço Social (Bacharelado) | Diurno,Serviço Social (Bacharelado) | EP_R2_PPIQ,Serviço Social (Bacharelado) | Darcy Ribeiro | Diurno,Serviço Social (Bacharelado) | EP_R2_PPIQ | Darcy Ribeiro,Serviço Social (Bacharelado) | EP_R2_PPIQ | Diurno
2023-2025,2025,Darcy Ribeiro,Serviço Social (Bacharelado),Diurno,EP_R2_NPPIQ,EP_R2_NPPIQ,True,R2,NPPIQ,False,1.0,-49.665,-35.419,2023-2025,2023,2025,6,Serviço Social (Bacharelado) | Darcy Ribeiro,Serviço Social (Bacharelado) | Diurno,Serviço Social (Bacharelado) | EP_R2_NPPIQ,Serviço Social (Bacharelado) | Darcy Ribeiro | Diurno,Serviço Social (Bacharelado) | EP_R2_NPPIQ | Darcy Ribeiro,Serviço Social (Bacharelado) | EP_R2_NPPIQ | Diurno
2023-2025,2025,Darcy Ribeiro,Serviço Social (Bacharelado),Diurno,CN,CN,False,,NEGROS,False,,-34.475,-34.475,2023-2025,2023,2025,6,Serviço Social (Bacharelado) | Darcy Ribeiro,Serviço Social (Bacharelado) | Diurno,Serviço Social (Bacharelado) | CN,Serviço Social (Bacharelado) | Darcy Ribeiro | Diurno,Serviço Social (Bacharelado) | CN | Darcy Ribeiro,Serviço Social (Bacharelado) | CN | Diurno
2023-2025,2025,Darcy Ribeiro,Serviço Social (Bacharelado),Diurno,AC,AC,False,,,False,,-49.336,58.364,2023-2025,2023,2025,6,Serviço Social (Bacharelado) | Darcy Ribeiro,Serviço Social (Bacharelado) | Diurno,Serviço Social (Bacharelado) | AC,Serviço Social (Bacharelado) | Darcy Ribeiro | Diurno,Serviço Social (Bacharelado) | AC | Darcy Ribeiro,Serviço Social (Bacharelado) | AC | Diurno
2023-2025,2025,Darcy Ribeiro,Serviço Social (Bacharelado),Noturno,AC,AC,False,,,False,,-61.117,-3.129,2023-2025,2023,2025,6,Serviço Social (Bacharelado) | Darcy Ribeiro,Serviço Social (Bacharelado) | Noturno,Serviço Social (Bacharelado) | AC,Serviço Social (Bacharelado) | Darcy Ribeiro | Noturno,Serviço Social (Bacharelado) | AC | Darcy Ribeiro,Serviço Social (Bacharelado) | AC | Noturno
2023-2025,2025,Darcy Ribeiro,"Teoria, Crítica e História da Arte (Bacharelado)",Noturno,AC,AC,False,,,False,,-22.04,8.621,2023-2025,2023,2025,6,"Teoria, Crítica e História da Arte (Bacharelado) | Darcy Ribeiro","Teoria, Crítica e História da Arte (Bacharelado) | Noturno","Teoria, Crítica e História da Arte (Bacharelado) | AC","Teoria, Crítica e História da Arte (Bacharelado) | Darcy Ribeiro | Noturno","Teoria, Crítica e História da Arte (Bacharelado) | AC | Darcy Ribeiro","Teoria, Crítica e História da Arte (Bacharelado) | AC | Noturno"
2023-2025,2025,Darcy Ribeiro,Turismo (Bacharelado),Diurno,CN,CN,False,,NEGROS,False,,-53.591,-53.591,2023-2025,2023,2025,6,Turismo (Bacharelado) | Darcy Ribeiro,Turismo (Bacharelado) | Diurno,Turismo (Bacharelado) | CN,Turismo (Bacharelado) | Darcy Ribeiro | Diurno,Turismo (Bacharelado) | CN | Darcy Ribeiro,Turismo (Bacharelado) | CN | Diurno
2023-2025,2025,Darcy Ribeiro,Turismo (Bacharelado),Diurno,AC,AC,False,,,False,,-62.252,51.489,2023-2025,2023,2025,6,Turismo (Bacharelado) | Darcy Ribeiro,Turismo (Bacharelado) | Diurno,Turismo (Bacharelado) | AC,Turismo (Bacharelado) | Darcy Ribeiro | Diurno,Turismo (Bacharelado) | AC | Darcy Ribeiro,Turismo (Bacharelado) | AC | Diurno
2023-2025,2025,Gama,Engenharias (FGA),Diurno,EP_R1_NPPIQ,EP_R1_NPPIQ,True,R1,NPPIQ,False,1.0,-52.564,-11.45,2023-2025,2023,2025,6,Engenharias (FGA) | Gama,Engenharias (FGA) | Diurno,Engenharias (FGA) | EP_R1_NPPIQ,Engenharias (FGA) | Gama | Diurno,Engenharias (FGA) | EP_R1_NPPIQ | Gama,Engenharias (FGA) | EP_R1_NPPIQ | Diurno
2023-2025,2025,Gama,Engenharias (FGA),Diurno,EP_R2_PPIQ,EP_R2_PPIQ,True,R2,PPIQ,False,1.0,-63.197,17.991,2023-2025,2023,2025,6,Engenharias (FGA) | Gama,Engenharias (FGA) | Diurno,Engenharias (FGA) | EP_R2_PPIQ,Engenharias (FGA) | Gama | Diurno,Engenharias (FGA) | EP_R2_PPIQ | Gama,Engenharias (FGA) | EP_R2_PPIQ | Diurno
2023-2025,2025,Gama,Engenharias (FGA),Diurno,EP_R2_NPPIQ,EP_R2_NPPIQ,True,R2,NPPIQ,False,1.0,-8.202,60.62,2023-2025,2023,2025,6,Engenharias (FGA) | Gama,Engenharias (FGA) | Diurno,Engenharias (FGA) | EP_R2_NPPIQ,Engenharias (FGA) | Gama | Diurno,Engenharias (FGA) | EP_R2_NPPIQ | Gama,Engenharias (FGA) | EP_R2_NPPIQ | Diurno
2023-2025,2025,Gama,Engenharias (FGA),Diurno,EP_R2_NPPIQ_PCD,EP_R2_NPPIQ_PCD,True,R2,NPPIQ,True,1.0,-2.52,19.278,2023-2025,2023,2025,6,Engenharias (FGA) | Gama,Engenharias (FGA) | Diurno,Engenharias (FGA) | EP_R2_NPPIQ_PCD,Engenharias (FGA) | Gama | Diurno,Engenharias (FGA) | EP_R2_NPPIQ_PCD | Gama,Engenharias (FGA) | EP_R2_NPPIQ_PCD | Diurno
2023-2025,2025,Gama,Engenharias (FGA),Diurno,CN,CN,False,,NEGROS,False,,17.209,55.531,2023-2025,2023,2025,6,Engenharias (FGA) | Gama,Engenharias (FGA) | Diurno,Engenharias (FGA) | CN,Engenharias (FGA) | Gama | Diurno,Engenharias (FGA) | CN | Gama,Engenharias (FGA) | CN | Diurno
2023-2025,2025,Gama,Engenharias (FGA),Diurno,AC,AC,False,,,False,,61.705,145.39,2023-2025,2023,2025,6,Engenharias (FGA) | Gama,Engenharias (FGA) | Diurno,Engenharias (FGA) | AC,Engenharias (FGA) | Gama | Diurno,Engenharias (FGA) | AC | Gama,Engenharias (FGA) | AC | Diurno
2023-2025,2025,Planaltina,Ciências Naturais (Licenciatura),Diurno,AC,AC,False,,,False,,-78.391,13.11,2023-2025,2023,2025,6,Ciências Naturais (Licenciatura) | Planaltina,Ciências Naturais (Licenciatura) | Diurno,Ciências Naturais (Licenciatura) | AC,Ciências Naturais (Licenciatura) | Planaltina | Diurno,Ciências Naturais (Licenciatura) | AC | Planaltina,Ciências Naturais (Licenciatura) | AC | Diurno
2023-2025,2025,Planaltina,Gestão do Agronegócio (Bacharelado),Diurno,AC,AC,False,,,False,,-82.791,-28.816,2023-2025,2023,2025,6,Gestão do Agronegócio (Bacharelado) | Planaltina,Gestão do Agronegócio (Bacharelado) | Diurno,Gestão do Agronegócio (Bacharelado) | AC,Gestão do Agronegócio (Bacharelado) | Planaltina | Diurno,Gestão do Agronegócio (Bacharelado) | AC | Planaltina,Gestão do Agronegócio (Bacharelado) | AC | Diurno
